layers/avg_2014_ppt0.asc
NCOLS 292 
NROWS 291 
XLLCORNER -87.6458333327872 
YLLCORNER 24.4791666666667 
CELLSIZE 0.0416666666669039 
NODATA_value -3.4e+38 
[rows 216 to 239 of 291, columns 108 to 161 of 292]
-3.4e+38 -3.4e+38 -3.4e+38 -3.4e+38 -3.4e+38 -3.4e+38 -3.4e+38 -3.4e+38 -3.4e+38 -3.4e+38 -3.4e+38 -3.4e+38 -3.4e+38 1290.59997558594 1351.93005371094 1436.11999511719 1464.64001464844 1543.47998046875 1588.26000976562 1584.92004394531 1534.57995605469 1486.25 1560.13000488281 1639.51000976562 1620.05004882812 1549.44006347656 1469.02001953125 1440.77001953125 1453.23999023438 1427.73999023438 1409.98999023438 1443.01000976562 1425.84997558594 1441.7099609375 1481.05993652344 1524.31994628906 1564.71997070312 1568.27001953125 1646.02001953125 1827.28002929688 1964.83996582031 1900.05993652344 1702.4599609375 1575.51000976562 1420.22998046875 1352.03002929688 1363.28002929688 1407.47998046875 1428.90002441406 1401.26000976562 1419.80993652344 1403.76000976562 1413.98999023438 1440.40002441406
-3.4e+38 -3.4e+38 -3.4e+38 -3.4e+38 -3.4e+38 -3.4e+38 -3.4e+38 -3.4e+38 -3.4e+38 -3.4e+38 -3.4e+38 -3.4e+38 1301.07995605469 1335.830078125 1419.11999511719 1512 1505.84997558594 1562.41003417969 1599.61999511719 1579.98999023438 1507.43005371094 1472.16003417969 1531.86999511719 1626.19006347656 1591.09997558594 1530.5400390625 1454.26000976562 1443.40002441406 1450.96997070312 1424.68994140625 1440.83996582031 1408.10998535156 1433.16003417969 1502.38000488281 1567.2900390625 1576.05004882812 1548.98999023438 1483.63000488281 1482.47998046875 1671.72998046875 1827.92004394531 1878.61999511719 1713.60998535156 1567.86999511719 1388.28002929688 1278.23999023438 1336.31005859375 1424.90002441406 1415.19995117188 1377.11999511719 1346.35998535156 1341.34997558594 1335.61999511719 1357.72998046875
-3.4e+38 -3.4e+38 -3.4e+38 -3.4e+38 -3.4e+38 -3.4e+38 -3.4e+38 -3.4e+38 -3.4e+38 -3.4e+38 1269.76000976562 1254.86999511719 1296.51000976562 1398.06994628906 1483.27001953125 1509.36999511719 1514.52001953125 1515.5400390625 1516.93005371094 1507.5 1453.96997070312 1432.83996582031 1503.68005371094 1586.61999511719 1599.34997558594 1520.36999511719 1460.78002929688 1435.59997558594 1415.28002929688 1417.84997558594 1471.75 1450.42993164062 1484.76000976562 1566.05004882812 1582.91003417969 1570.57995605469 1552.06005859375 1493.66003417969 1442.57995605469 1496.72998046875 1684.23999023438 1802.78002929688 1646.96997070312 1500.15002441406 1367.56994628906 1242.69995117188 1304.57995605469 1441.03002929688 1434.46997070312 1389.66003417969 1402.76000976562 1390.89001464844 1328.17993164062 1343.67004394531
-3.4e+38 -3.4e+38 -3.4e+38 -3.4e+38 -3.4e+38 -3.4e+38 -3.4e+38 -3.4e+38 -3.4e+38 -3.4e+38 -3.4e+38 1280.63000488281 1285.55004882812 1392.46997070312 1460.15002441406 1481.20007324219 1514.04992675781 1548.84997558594 1479.93005371094 1421.76000976562 1407.06994628906 1433.64001464844 1506.18994140625 1572.22998046875 1584.83996582031 1508.0400390625 1438.94006347656 1411.7099609375 1401.08996582031 1412.96997070312 1442.15002441406 1476.58996582031 1552.21997070312 1501.84997558594 1488.75 1509.25 1531.77001953125 1569 1547.05004882812 1566.61999511719 1661.93005371094 1758.94995117188 1608.60998535156 1460.7900390625 1379 1297.43994140625 1304.80004882812 1354.93005371094 1391.72998046875 1404.05993652344 1470.14001464844 1486 1430.88000488281 1407.82995605469
-3.4e+38 -3.4e+38 -3.4e+38 -3.4e+38 -3.4e+38 -3.4e+38 -3.4e+38 -3.4e+38 -3.4e+38 -3.4e+38 -3.4e+38 1282.2099609375 1268.31994628906 1331.39001464844 1392.13000488281 1409.83996582031 1471.66003417969 1542.78002929688 1473.64001464844 1438.68005371094 1445.69995117188 1476.01000976562 1524.33996582031 1570.57995605469 1545.23999023438 1511.19995117188 1458.94995117188 1421.31994628906 1409.30004882812 1407.76000976562 1399.77001953125 1432.40002441406 1453.07006835938 1437.55004882812 1455.57995605469 1483.30004882812 1542.81994628906 1615.88000488281 1665.42004394531 1655.21997070312 1613.97998046875 1708.53002929688 1693.94995117188 1502.96997070312 1434.44995117188 1409.2900390625 1341.16003417969 1302.39001464844 1380.919921875 1462.72998046875 1514.35998535156 1536.34997558594 1487.5 1421.67004394531
-3.4e+38 -3.4e+38 -3.4e+38 -3.4e+38 -3.4e+38 -3.4e+38 -3.4e+38 -3.4e+38 -3.4e+38 -3.4e+38 -3.4e+38 -3.4e+38 1235 1249.27001953125 1296.73999023438 1341.41003417969 1403.53002929688 1451.44995117188 1462.96997070312 1481.20007324219 1506.05993652344 1478.76000976562 1484.69006347656 1521.30993652344 1518.76000976562 1480.60998535156 1458.88000488281 1424.75 1385.15002441406 1340.10998535156 1343.67004394531 1386.91003417969 1439 1460.01000976562 1460 1523.93994140625 1613.97998046875 1623.56005859375 1641.7099609375 1628.22998046875 1603.7099609375 1652.92993164062 1701.78002929688 1540.81005859375 1471.18005371094 1404.30004882812 1310.06994628906 1278.80004882812 1364.07995605469 1493.75 1550.17993164062 1574.60998535156 1528.81994628906 1429.33996582031
-3.4e+38 -3.4e+38 -3.4e+38 -3.4e+38 -3.4e+38 -3.4e+38 -3.4e+38 -3.4e+38 -3.4e+38 -3.4e+38 -3.4e+38 -3.4e+38 -3.4e+38 1172.34997558594 1191.84997558594 1257.81005859375 1332.43005371094 1429.55004882812 1484.67004394531 1505.53002929688 1501.71997070312 1480.06005859375 1464.19995117188 1500.42004394531 1511.18005371094 1462.23999023438 1451.68005371094 1435.48999023438 1389.58996582031 1313.86999511719 1330.07995605469 1393.19995117188 1468.92993164062 1497.98999023438 1509.22998046875 1565.68994140625 1588.47998046875 1554.93005371094 1556.06005859375 1528.96997070312 1517.34997558594 1573.90002441406 1613.32006835938 1459.33996582031 1340.97998046875 1227.40002441406 1218.98999023438 1252.19995117188 1380.98999023438 1518.13000488281 1597.56994628906 1608.2900390625 1536.38000488281 1406.06994628906
-3.4e+38 -3.4e+38 -3.4e+38 -3.4e+38 -3.4e+38 -3.4e+38 -3.4e+38 -3.4e+38 -3.4e+38 -3.4e+38 -3.4e+38 -3.4e+38 -3.4e+38 -3.4e+38 1121.61999511719 1190 1276.97998046875 1377.61999511719 1476.96997070312 1481.65002441406 1452.93994140625 1460.16003417969 1478.40002441406 1494.94995117188 1531.83996582031 1535.76000976562 1485.30004882812 1424.27001953125 1411.5400390625 1358.80993652344 1356.76000976562 1413.78002929688 1428.11999511719 1421.5400390625 1465.46997070312 1519.68994140625 1519.34997558594 1473.20007324219 1468.7900390625 1446.84997558594 1476.06005859375 1513.18005371094 1525.71008300781 1410.80004882812 1307.64001464844 1211.9599609375 1174.72998046875 1243.73999023438 1403.43005371094 1504.19995117188 1533.67004394531 1502.4599609375 1424.80004882812 1322
-3.4e+38 -3.4e+38 -3.4e+38 -3.4e+38 -3.4e+38 -3.4e+38 -3.4e+38 -3.4e+38 -3.4e+38 -3.4e+38 -3.4e+38 -3.4e+38 -3.4e+38 -3.4e+38 -3.4e+38 1164.46997070312 1240.90002441406 1371.78002929688 1481.26000976562 1487.69995117188 1449.85998535156 1440.92993164062 1462.15002441406 1459.01000976562 1460.41003417969 1508.32995605469 1483.14001464844 1392.08996582031 1391.75 1351.69995117188 1334.30004882812 1345.55004882812 1343.75 1310.97998046875 1368.47998046875 1463.77001953125 1501.18005371094 1477.4599609375 1438.06005859375 1464.18994140625 1537.16003417969 1596.33996582031 1573.41003417969 1487.65002441406 1341.0400390625 1262.91003417969 1223.5400390625 1279.05004882812 1405.89001464844 1443.64001464844 1418.16003417969 1363.19995117188 1318.15002441406 1275.26000976562
-3.4e+38 -3.4e+38 -3.4e+38 -3.4e+38 -3.4e+38 -3.4e+38 -3.4e+38 -3.4e+38 -3.4e+38 -3.4e+38 -3.4e+38 -3.4e+38 -3.4e+38 -3.4e+38 -3.4e+38 1172.80993652344 1235.59997558594 1368.82995605469 1464.5400390625 1479.88000488281 1477.42004394531 1443.90002441406 1425.78002929688 1419.39001464844 1383.82006835938 1407.23999023438 1444.21997070312 1389.86999511719 1348.34997558594 1306.23999023438 1301.06994628906 1270.80004882812 1270.55004882812 1281.45007324219 1355.26000976562 1457.94995117188 1498.7900390625 1523.80004882812 1494.18994140625 1500.47998046875 1548.14001464844 1598.10998535156 1542.26000976562 1493.67004394531 1394.18994140625 1352.16003417969 1337.56994628906 1340.5400390625 1354.26000976562 1334.14001464844 1311.71997070312 1301.41003417969 1285.71997070312 1255.93005371094
-3.4e+38 -3.4e+38 -3.4e+38 -3.4e+38 -3.4e+38 -3.4e+38 -3.4e+38 -3.4e+38 -3.4e+38 -3.4e+38 -3.4e+38 -3.4e+38 -3.4e+38 -3.4e+38 -3.4e+38 -3.4e+38 1199.44006347656 1325.06005859375 1424.18994140625 1455.30004882812 1497.21997070312 1498.31005859375 1445.36999511719 1407.2099609375 1404.7099609375 1404.13000488281 1429.17004394531 1426.7099609375 1349.88000488281 1294.05004882812 1285.40002441406 1269.05004882812 1277.84997558594 1311.72998046875 1375.52001953125 1464.79992675781 1523.66003417969 1530.18005371094 1528.169921875 1522.39001464844 1543.05993652344 1575.57995605469 1485.39001464844 1507.67004394531 1453.44995117188 1416.02001953125 1374.57006835938 1349.81005859375 1347.63000488281 1286.09997558594 1240.42004394531 1235.65002441406 1274.59997558594 1280.57995605469
-3.4e+38 -3.4e+38 -3.4e+38 -3.4e+38 -3.4e+38 -3.4e+38 -3.4e+38 -3.4e+38 -3.4e+38 -3.4e+38 -3.4e+38 -3.4e+38 -3.4e+38 -3.4e+38 -3.4e+38 -3.4e+38 1154.88000488281 1269.38000488281 1390.93994140625 1455.68994140625 1508.81005859375 1548.95007324219 1495.53002929688 1429.36999511719 1448.76000976562 1456.22998046875 1433.31994628906 1468.75 1414.07995605469 1316.9599609375 1267.46997070312 1233.57995605469 1261.7099609375 1363.5400390625 1432.83996582031 1483.97998046875 1540.33996582031 1511.89001464844 1529.18994140625 1567.11999511719 1574.19995117188 1621.22998046875 1561.81994628906 1634.97998046875 1544.14001464844 1448.14001464844 1365.01000976562 1380.13000488281 1397.54992675781 1310.07006835938 1234.43005371094 1192.30004882812 1226.97998046875 1259.30004882812
-3.4e+38 -3.4e+38 -3.4e+38 -3.4e+38 -3.4e+38 -3.4e+38 -3.4e+38 -3.4e+38 -3.4e+38 -3.4e+38 -3.4e+38 -3.4e+38 -3.4e+38 -3.4e+38 -3.4e+38 -3.4e+38 -3.4e+38 1218.75 1300.73999023438 1413.55004882812 1486.43994140625 1550.46997070312 1560.18994140625 1519.51000976562 1543.84997558594 1529.13000488281 1448.96997070312 1454.7099609375 1456.41003417969 1349.06005859375 1254.38000488281 1229.97998046875 1279.42004394531 1410.65002441406 1469.01000976562 1497.36999511719 1553.42004394531 1524.56005859375 1558.08996582031 1564.98999023438 1530.43994140625 1585.32995605469 1658.90002441406 1634.17993164062 1597.61999511719 1453.48999023438 1359.78002929688 1389.32995605469 1365.43005371094 1298.17004394531 1251.0400390625 1183.5400390625 1200.85998535156 1188.23999023438
-3.4e+38 -3.4e+38 -3.4e+38 -3.4e+38 -3.4e+38 -3.4e+38 -3.4e+38 -3.4e+38 -3.4e+38 -3.4e+38 -3.4e+38 -3.4e+38 -3.4e+38 -3.4e+38 -3.4e+38 -3.4e+38 -3.4e+38 1196.39001464844 1263.85998535156 1390.26000976562 1500.41003417969 1601.33996582031 1630.25 1594.30993652344 1570.17004394531 1514.31994628906 1389.92993164062 1317.14001464844 1355.61999511719 1353.83996582031 1340.9599609375 1376 1403.98999023438 1452.26000976562 1469.91003417969 1494.21997070312 1567.10998535156 1545.76000976562 1578.16003417969 1540.17004394531 1512.19995117188 1521.32995605469 1592.30004882812 1575.95007324219 1634.91003417969 1499.60998535156 1407.75 1387.7099609375 1302.60998535156 1197.98999023438 1167.82995605469 1081.57995605469 1115.17004394531 1141.53002929688
-3.4e+38 -3.4e+38 -3.4e+38 -3.4e+38 -3.4e+38 -3.4e+38 -3.4e+38 -3.4e+38 -3.4e+38 -3.4e+38 -3.4e+38 -3.4e+38 -3.4e+38 -3.4e+38 -3.4e+38 -3.4e+38 -3.4e+38 -3.4e+38 1314.03002929688 1423.93005371094 1552.97998046875 1633.19995117188 1661.06994628906 1642.81994628906 1598.35998535156 1452.53002929688 1338.30004882812 1231.23999023438 1207.66003417969 1302.7099609375 1469.94995117188 1512.47998046875 1490.43005371094 1499.17993164062 1469.17004394531 1490.33996582031 1564.56005859375 1590.96997070312 1583.44006347656 1611.71997070312 1613.10998535156 1632.13000488281 1596.96997070312 1532.78002929688 1596.93005371094 1494.03002929688 1379.44995117188 1365.88000488281 1282.03002929688 1184.64001464844 1170.68005371094 1061.63000488281 1041.72998046875 1093.38000488281
-3.4e+38 -3.4e+38 -3.4e+38 -3.4e+38 -3.4e+38 -3.4e+38 -3.4e+38 -3.4e+38 -3.4e+38 -3.4e+38 -3.4e+38 -3.4e+38 -3.4e+38 -3.4e+38 -3.4e+38 -3.4e+38 -3.4e+38 -3.4e+38 1296.27001953125 1403.35998535156 1442.19995117188 1493.29992675781 1606.83996582031 1662.51000976562 1630.21997070312 1484.85998535156 1360.01000976562 1312.01000976562 1282.66003417969 1374.32995605469 1559.03002929688 1593.71997070312 1589.21997070312 1532.35998535156 1452.48999023438 1463.82995605469 1561.36999511719 1639.55004882812 1640.08996582031 1674.61999511719 1683.66003417969 1729 1642.34997558594 1562.11999511719 1588.26000976562 1475.81994628906 1350.66003417969 1317.19995117188 1285.419921875 1283.92993164062 1305.23999023438 1156.10998535156 1068.06994628906 1097.15002441406
-3.4e+38 -3.4e+38 -3.4e+38 -3.4e+38 -3.4e+38 -3.4e+38 -3.4e+38 -3.4e+38 -3.4e+38 -3.4e+38 -3.4e+38 -3.4e+38 -3.4e+38 -3.4e+38 -3.4e+38 -3.4e+38 -3.4e+38 -3.4e+38 -3.4e+38 1306.13000488281 1308.58996582031 1321.35998535156 1428.52001953125 1556.26000976562 1574.03002929688 1501.71997070312 1422.41003417969 1434.63000488281 1458.0400390625 1518.88000488281 1646.59997558594 1670.76000976562 1528.06994628906 1469.42004394531 1434.89001464844 1407.25 1488.94006347656 1544.46997070312 1580.32995605469 1648.81005859375 1644.53002929688 1660.47998046875 1603.36999511719 1564.73999023438 1608.48999023438 1564.31005859375 1380.23999023438 1277.93994140625 1306.08996582031 1368.92004394531 1340.72998046875 1227.06005859375 1159.40002441406 1135.76000976562
-3.4e+38 -3.4e+38 -3.4e+38 -3.4e+38 -3.4e+38 -3.4e+38 -3.4e+38 -3.4e+38 -3.4e+38 -3.4e+38 -3.4e+38 -3.4e+38 -3.4e+38 -3.4e+38 -3.4e+38 -3.4e+38 -3.4e+38 -3.4e+38 -3.4e+38 -3.4e+38 1237.91003417969 1287.09997558594 1379.0400390625 1498.4599609375 1563.9599609375 1499.2099609375 1429.18005371094 1473.91003417969 1555.27001953125 1621.64001464844 1587.35998535156 1565.76000976562 1476.80004882812 1422.53002929688 1389.4599609375 1399.61999511719 1495.08996582031 1493.18005371094 1558.0400390625 1698.03002929688 1699.7099609375 1635.57995605469 1557.30993652344 1514.80004882812 1554.94995117188 1591.17004394531 1437.35998535156 1304.26000976562 1291.56994628906 1286.42004394531 1267.31005859375 1230.38000488281 1201.07006835938 1181.36999511719
-3.4e+38 -3.4e+38 -3.4e+38 -3.4e+38 -3.4e+38 -3.4e+38 -3.4e+38 -3.4e+38 -3.4e+38 -3.4e+38 -3.4e+38 -3.4e+38 -3.4e+38 -3.4e+38 -3.4e+38 -3.4e+38 -3.4e+38 -3.4e+38 -3.4e+38 -3.4e+38 1234.58996582031 1285.08996582031 1371 1462 1475.92004394531 1435.57995605469 1448.42004394531 1528.55004882812 1612.32006835938 1627.65002441406 1480.26000976562 1458.85998535156 1490.80993652344 1390.03002929688 1278.98999023438 1366.57006835938 1493.67993164062 1540.28002929688 1625.36999511719 1743.96008300781 1716.0400390625 1581.77001953125 1550.76000976562 1511.59997558594 1470.81994628906 1532.98999023438 1400.15002441406 1285.15002441406 1250.56994628906 1234.91003417969 1221.19995117188 1233.67004394531 1274.0400390625 1299.13000488281
-3.4e+38 -3.4e+38 -3.4e+38 -3.4e+38 -3.4e+38 -3.4e+38 -3.4e+38 -3.4e+38 -3.4e+38 -3.4e+38 -3.4e+38 -3.4e+38 -3.4e+38 -3.4e+38 -3.4e+38 -3.4e+38 -3.4e+38 -3.4e+38 -3.4e+38 -3.4e+38 -3.4e+38 1321.08996582031 1380.98999023438 1394.59997558594 1387.97998046875 1396.39001464844 1464.5 1581.76000976562 1652.55004882812 1601.67004394531 1375.4599609375 1329.27001953125 1434.75 1421.89001464844 1268.39001464844 1318.53002929688 1507.16003417969 1571.61999511719 1652.84997558594 1671.47998046875 1695.85998535156 1580.14001464844 1529.82995605469 1459.03002929688 1426.89001464844 1464.7900390625 1411.98999023438 1330.67004394531 1361.89001464844 1331.90002441406 1283.69995117188 1306.16003417969 1345.18005371094 1398.17004394531
-3.4e+38 -3.4e+38 -3.4e+38 -3.4e+38 -3.4e+38 -3.4e+38 -3.4e+38 -3.4e+38 -3.4e+38 -3.4e+38 -3.4e+38 -3.4e+38 -3.4e+38 -3.4e+38 -3.4e+38 -3.4e+38 -3.4e+38 -3.4e+38 -3.4e+38 -3.4e+38 -3.4e+38 1272.94995117188 1289.52001953125 1272.16003417969 1291.23999023438 1356.9599609375 1458.26000976562 1584.89001464844 1593.80993652344 1492.43005371094 1322.39001464844 1245.64001464844 1342.78002929688 1410.82006835938 1263.42004394531 1259.72998046875 1415.33996582031 1494.47998046875 1536.9599609375 1502.98999023438 1556.08996582031 1547.38000488281 1526.57995605469 1515.67004394531 1489.17993164062 1468.76000976562 1476.28002929688 1431.61999511719 1438.03002929688 1335.42993164062 1262.01000976562 1267.32995605469 1291.61999511719 1308.93005371094
-3.4e+38 -3.4e+38 -3.4e+38 -3.4e+38 -3.4e+38 -3.4e+38 -3.4e+38 -3.4e+38 -3.4e+38 -3.4e+38 -3.4e+38 -3.4e+38 -3.4e+38 -3.4e+38 -3.4e+38 -3.4e+38 -3.4e+38 -3.4e+38 -3.4e+38 -3.4e+38 -3.4e+38 1187.18005371094 1170.02001953125 1172.63000488281 1215.31005859375 1305.30993652344 1425 1530.72998046875 1514.64001464844 1446.94995117188 1383.18005371094 1339.73999023438 1318.52001953125 1316.02001953125 1301.44006347656 1317.27001953125 1455.46997070312 1528.38000488281 1552.94006347656 1593.98999023438 1645.10998535156 1600.7099609375 1508.35998535156 1515.31005859375 1484.56994628906 1446.32995605469 1464.43005371094 1492.94995117188 1505.85998535156 1402.53002929688 1240.64001464844 1144.63000488281 1114.97998046875 1233.33996582031
-3.4e+38 -3.4e+38 -3.4e+38 -3.4e+38 -3.4e+38 -3.4e+38 -3.4e+38 -3.4e+38 -3.4e+38 -3.4e+38 -3.4e+38 -3.4e+38 -3.4e+38 -3.4e+38 -3.4e+38 -3.4e+38 -3.4e+38 -3.4e+38 -3.4e+38 -3.4e+38 -3.4e+38 1174.41003417969 1115.82995605469 1100.55004882812 1120.82995605469 1208.61999511719 1374.05004882812 1550.0400390625 1527.44995117188 1416.330078125 1485.25 1532.59997558594 1347.78002929688 1294.59997558594 1372.58996582031 1424.43005371094 1570.30004882812 1607.73999023438 1620.07995605469 1606.26000976562 1622.85998535156 1565.580078125 1444.58996582031 1457.55993652344 1566.48999023438 1501.38000488281 1495.27001953125 1541.51000976562 1587.25 1470.97998046875 1262.57006835938 1097.17004394531 995.549987792969 1113.71997070312
-3.4e+38 -3.4e+38 -3.4e+38 -3.4e+38 -3.4e+38 -3.4e+38 -3.4e+38 -3.4e+38 -3.4e+38 -3.4e+38 -3.4e+38 -3.4e+38 -3.4e+38 -3.4e+38 -3.4e+38 -3.4e+38 -3.4e+38 -3.4e+38 -3.4e+38 -3.4e+38 -3.4e+38 1208.32006835938 1173.91003417969 1130.18005371094 1088.17004394531 1154.7099609375 1330.19006347656 1483.7099609375 1510.67004394531 1526.32995605469 1595.94006347656 1555.13000488281 1440.44006347656 1424.16003417969 1473.08996582031 1590.91003417969 1823.68005371094 1777.78002929688 1653.23999023438 1606.43005371094 1520.28002929688 1440.33996582031 1433.31005859375 1485.82995605469 1516.68994140625 1468 1436.53002929688 1408.84997558594 1359.91003417969 1312.5 1257.01000976562 1218.98999023438 1143.69995117188 1192.18994140625
