layers/avg_2014_ppt0.asc
NCOLS 292 
NROWS 291 
XLLCORNER -87.6458333327872 
YLLCORNER 24.4791666666667 
CELLSIZE 0.0416666666669039 
NODATA_value -3.4e+38 
[rows 24 to 47 of 291, columns 108 to 161 of 292]
1398.40002441406 1328.36999511719 1192.5 1078.17004394531 949.049987792969 911.039978027344 921.7099609375 932.099975585938 967.809997558594 1027.53002929688 1050.14001464844 1050.55004882812 1047.88000488281 985.02001953125 966.780029296875 1044.56994628906 1163.02001953125 1249.38000488281 1343.94995117188 1430.09997558594 1474.06005859375 1469.40002441406 1362.88000488281 1252.71997070312 1285.03002929688 1341.81994628906 1320.38000488281 1293.89001464844 1283 1234.78002929688 1186.73999023438 1165.30004882812 1183.17004394531 1238.61999511719 1256.13000488281 1267.89001464844 1174.64001464844 1082.42004394531 1071.55004882812 1109.72998046875 1103.06005859375 1071.4599609375 1045.11999511719 1068.42004394531 1093.48999023438 1157.67004394531 1210.89001464844 1196.10998535156 1182.25 1191.73999023438 1175.98999023438 1164.60998535156 1148.56994628906 1121.7900390625
1457.90002441406 1398.63000488281 1227.91003417969 1116.07006835938 1007.71002197266 953.099975585938 905.02001953125 919.97998046875 968.27001953125 1060.89001464844 1124.93005371094 1127.85998535156 1115.15002441406 1052.67004394531 1024.42004394531 1069.43994140625 1161.42004394531 1228.55004882812 1322.72998046875 1389.91003417969 1427.32995605469 1485.91003417969 1432.10998535156 1348.86999511719 1364.91003417969 1351.35998535156 1337.14001464844 1297.78002929688 1250.60998535156 1181.31994628906 1119.82995605469 1089.80004882812 1115.46997070312 1154.59997558594 1174.11999511719 1192.169921875 1192.67004394531 1170.65002441406 1124.61999511719 1128.68005371094 1121.47998046875 1088.03002929688 1053.36999511719 1064.86999511719 1096.30004882812 1167.7099609375 1218.21997070312 1208.46997070312 1218.5 1223.10998535156 1196.28002929688 1188.21997070312 1185.11999511719 1168.06994628906
1441.02001953125 1412.05993652344 1306.53002929688 1169.80004882812 1059.52001953125 1019.53002929688 928.159973144531 980 1092.9599609375 1109.31994628906 1161.32006835938 1193.7099609375 1197.43005371094 1153.02001953125 1122.47998046875 1122.16003417969 1123.5400390625 1162.25 1255.48999023438 1342.31994628906 1345.55004882812 1481.71997070312 1494.89001464844 1368.58996582031 1363.98999023438 1350.83996582031 1309.51000976562 1270.35998535156 1221.96997070312 1160.07006835938 1095.84997558594 1073.91003417969 1097.5 1149.26000976562 1175.56994628906 1195.89001464844 1193.36999511719 1175.42004394531 1159 1156.33996582031 1150.85998535156 1123.18994140625 1078.30993652344 1077.38000488281 1076.66003417969 1109.76000976562 1153.93005371094 1173.94995117188 1189.30004882812 1188.93994140625 1178.58996582031 1204.75 1212.42004394531 1188.23999023438
1402.56994628906 1412.76000976562 1247.36999511719 1186.44995117188 1203.58996582031 1070.35998535156 973.690002441406 1074.18994140625 1217.68005371094 1248.25 1325.76000976562 1357.17004394531 1306.63000488281 1244.09997558594 1204.97998046875 1173.76000976562 1152.91003417969 1202.14001464844 1333.03002929688 1393.17993164062 1416.22998046875 1560.7900390625 1488.73999023438 1394.25 1372.34997558594 1329.21997070312 1263.94006347656 1237.7900390625 1193.78002929688 1130.16003417969 1069.63000488281 1063.33996582031 1072.83996582031 1139.27001953125 1176.76000976562 1184.48999023438 1168.42993164062 1148.38000488281 1133.56994628906 1157.60998535156 1171.69006347656 1143.38000488281 1106.68994140625 1106.59997558594 1079.94995117188 1080.07995605469 1097.52001953125 1137.96997070312 1149.02001953125 1132.76000976562 1130.28002929688 1162.2900390625 1194.32995605469 1213.39001464844
1278.28002929688 1343.80004882812 1358.94006347656 1267.81994628906 1296.63000488281 1226.75 1302.7900390625 1333.52001953125 1419.31994628906 1481.42004394531 1468.59997558594 1437.14001464844 1352.41003417969 1253.56994628906 1217.33996582031 1227.32995605469 1233.28002929688 1298.5 1377.47998046875 1406.88000488281 1475.79992675781 1552.0400390625 1443.89001464844 1378.63000488281 1354.51000976562 1305.94995117188 1257.71997070312 1209.01000976562 1160.46997070312 1080.83996582031 1003.44000244141 1018.41998291016 1045.44995117188 1086.0400390625 1103.41003417969 1106.57995605469 1103.27001953125 1109.21997070312 1128.9599609375 1159.61999511719 1160.06005859375 1127.44995117188 1084.39001464844 1083.26000976562 1086.33996582031 1086.31994628906 1100.85998535156 1125.56994628906 1146.17993164062 1151.72998046875 1126.81005859375 1148.19995117188 1208.19995117188 1228.13000488281
1252.76000976562 1367.56005859375 1442.05004882812 1520.88000488281 1483.84997558594 1442.27001953125 1604.17993164062 1682.79992675781 1690.31994628906 1700.2900390625 1667.76000976562 1584.36999511719 1429.48999023438 1329.06994628906 1270.89001464844 1256.19995117188 1276.91003417969 1349.03002929688 1369.91003417969 1350.02001953125 1392.28002929688 1419.9599609375 1385.14001464844 1355.43994140625 1315.27001953125 1246.89001464844 1209.92004394531 1180.97998046875 1131.84997558594 1120.55004882812 1046.4599609375 1056.06994628906 1074.81005859375 1068.64001464844 1050.48999023438 1024.30004882812 1020.65997314453 1088.42004394531 1163.53002929688 1166.36999511719 1138.83996582031 1102.30004882812 1080.5 1070.15002441406 1054.26000976562 1048.77001953125 1100.59997558594 1149.72998046875 1172.0400390625 1191.85998535156 1197.51000976562 1187.5 1209.97998046875 1220.25
1278.18994140625 1394.08996582031 1439.98999023438 1526.7099609375 1609.48999023438 1635.86999511719 1792.15002441406 1833.21997070312 1805.67004394531 1782.44995117188 1750.42004394531 1622.21997070312 1497.76000976562 1422.21997070312 1359.91003417969 1306.05993652344 1242.38000488281 1321.17004394531 1315.78002929688 1269.55993652344 1297.92004394531 1328.83996582031 1388.27001953125 1380.69006347656 1282.19995117188 1211.7900390625 1161.56994628906 1122.59997558594 1103.58996582031 1107.94995117188 1080.08996582031 1083.60998535156 1098.0400390625 1087.58996582031 1028.21997070312 995.010009765625 1007.14001464844 1106.53002929688 1191.38000488281 1168.28002929688 1115.31005859375 1083.68005371094 1078.68994140625 1076.0400390625 1054.40002441406 1018.72998046875 1064.94995117188 1156.98999023438 1241.16003417969 1267.69006347656 1257.06005859375 1213.92004394531 1191.28002929688 1182.52001953125
1238.41003417969 1320 1425.83996582031 1530.42004394531 1641.19995117188 1682.71997070312 1708.18005371094 1739.33996582031 1713.26000976562 1682.94995117188 1630.55993652344 1606.97998046875 1585.42004394531 1548.34997558594 1490.61999511719 1407.10998535156 1339.41003417969 1334.65002441406 1282.80993652344 1285.82995605469 1310.81005859375 1378.32995605469 1424.2900390625 1398.17993164062 1327.88000488281 1243.82995605469 1177.97998046875 1120.30993652344 1124 1108.05004882812 1102.5 1102.4599609375 1092.80993652344 1061.91003417969 1011.19000244141 998.289978027344 1031.83996582031 1097.03002929688 1140.30004882812 1127.07995605469 1109.96997070312 1124.08996582031 1121.17993164062 1118.60998535156 1098.36999511719 1036.29992675781 1077.19995117188 1187.47998046875 1276.08996582031 1280.76000976562 1269.58996582031 1252.08996582031 1216.13000488281 1174.13000488281
1340.17993164062 1352.35998535156 1433.14001464844 1569.33996582031 1672.63000488281 1686.21997070312 1676.35998535156 1685.15002441406 1720.53002929688 1685.63000488281 1563.32995605469 1568.86999511719 1566.78002929688 1560.77001953125 1498.13000488281 1382.36999511719 1357.41003417969 1351.57006835938 1369.169921875 1440.22998046875 1458.60998535156 1475.76000976562 1467.42004394531 1402.13000488281 1304.34997558594 1244.91003417969 1178.92004394531 1113.11999511719 1094.2900390625 1089.16003417969 1121.02001953125 1129.38000488281 1087.63000488281 1052.98999023438 1021.03997802734 1017.29998779297 1050.63000488281 1067.4599609375 1066.94995117188 1071 1105.85998535156 1143.94006347656 1158.75 1165.05993652344 1156.76000976562 1137.06994628906 1160.06994628906 1239.17004394531 1321.76000976562 1293.80004882812 1271.72998046875 1245.65002441406 1214.13000488281 1208.14001464844
1424.25 1484.39001464844 1561 1647.19995117188 1685.57995605469 1675.42004394531 1669.08996582031 1628.82006835938 1591.33996582031 1594.05993652344 1614.69995117188 1670.72998046875 1616.51000976562 1582.18994140625 1524.5 1406.93994140625 1377.15002441406 1408.19995117188 1468.80004882812 1569.09997558594 1578.06005859375 1523.2900390625 1436.82006835938 1279.31994628906 1238.23999023438 1252.60998535156 1210.71997070312 1165.84997558594 1100.75 1095.13000488281 1116.669921875 1149.56005859375 1148.91003417969 1100.67004394531 1045.19006347656 1011.54998779297 1068.40002441406 1095.78002929688 1095.13000488281 1121.57995605469 1138.14001464844 1140.81994628906 1173.30004882812 1193.72998046875 1170.64001464844 1163.77001953125 1198.06994628906 1262.71997070312 1318.09997558594 1329.03002929688 1279.26000976562 1231.14001464844 1195.72998046875 1205.22998046875
1530.35998535156 1628.36999511719 1700.40002441406 1814.5 1824.76000976562 1765.13000488281 1714.35998535156 1646.11999511719 1604.05993652344 1657.61999511719 1765.06994628906 1821.65002441406 1756.92993164062 1647.25 1515.91003417969 1423.16003417969 1398.71997070312 1391.57006835938 1465.52001953125 1608.01000976562 1570.92004394531 1502.46997070312 1458.38000488281 1348.19995117188 1291.86999511719 1277.82995605469 1249.93994140625 1230.0400390625 1154.66003417969 1118.31994628906 1117.21997070312 1160.77001953125 1184.76000976562 1128.31005859375 1062.15002441406 1060.47998046875 1145.42004394531 1204.83996582031 1198.07995605469 1194.10998535156 1166.09997558594 1137.46997070312 1148.92004394531 1165.17004394531 1160.38000488281 1179.51000976562 1224.59997558594 1282.39001464844 1314.76000976562 1298.51000976562 1233.0400390625 1197.58996582031 1185.38000488281 1189.06005859375
1617.48999023438 1653.80004882812 1766.43994140625 1926.90002441406 1944.4599609375 1798.69995117188 1689.0400390625 1623.07006835938 1653.48999023438 1746.36999511719 1784.5 1757.88000488281 1672.83996582031 1568.64001464844 1445.30004882812 1366.14001464844 1359.58996582031 1383.90002441406 1453.52001953125 1506.32995605469 1491.08996582031 1467.35998535156 1479.55004882812 1414.90002441406 1353.27001953125 1278.82006835938 1260.91003417969 1234.0400390625 1193.26000976562 1193.51000976562 1172.35998535156 1168.88000488281 1158.03002929688 1140.30004882812 1120.36999511719 1127.32995605469 1198.80004882812 1255.53002929688 1248.0400390625 1218.15002441406 1181.91003417969 1161.06994628906 1140.13000488281 1134.38000488281 1145.35998535156 1177.48999023438 1226.80004882812 1268.31994628906 1309.58996582031 1313.19995117188 1259.69995117188 1201.02001953125 1179.30004882812 1178.81005859375
1642.830078125 1689.27001953125 1849.41003417969 1917.01000976562 1869.56005859375 1680.17993164062 1579.10998535156 1622.5 1683.25 1784.75 1765.15002441406 1664.06994628906 1517.25 1439.0400390625 1407.63000488281 1402.9599609375 1421.78002929688 1440.61999511719 1414.43005371094 1393.52001953125 1443.02001953125 1508.07995605469 1486.72998046875 1396.15002441406 1327.47998046875 1264.77001953125 1234.4599609375 1207.09997558594 1226.15002441406 1272.93994140625 1260.85998535156 1220.80993652344 1226.36999511719 1222.08996582031 1192.30004882812 1186.4599609375 1213.2099609375 1225.80004882812 1236.25 1206.32995605469 1192.30004882812 1178 1157.42004394531 1145.42993164062 1157.06994628906 1192.43005371094 1238.44995117188 1270.48999023438 1314.13000488281 1351 1289.02001953125 1237.27001953125 1189.19995117188 1136.09997558594
1639.59997558594 1728.169921875 1811.15002441406 1762.9599609375 1669.21997070312 1558.69995117188 1555.92993164062 1566 1593.91003417969 1664.46997070312 1613.7099609375 1559.64001464844 1480.83996582031 1421.88000488281 1419.13000488281 1423.72998046875 1374.03002929688 1378.52001953125 1400.05004882812 1416.46997070312 1448.59997558594 1482.47998046875 1444.69006347656 1353.66003417969 1290.55004882812 1247.72998046875 1211.76000976562 1213.93005371094 1259.76000976562 1285.82995605469 1265.42004394531 1243.72998046875 1277.68005371094 1249.93005371094 1203.03002929688 1174.84997558594 1179.93005371094 1200.66003417969 1200.71997070312 1172.22998046875 1138.41003417969 1127.72998046875 1134.4599609375 1169.77001953125 1213.64001464844 1221.92993164062 1231.34997558594 1265.57995605469 1309.44995117188 1325.69006347656 1267.71997070312 1303.16003417969 1257.78002929688 1176.07995605469
1622.82995605469 1732.97998046875 1739.39001464844 1639.25 1589.86999511719 1573.40002441406 1530.93005371094 1497.58996582031 1498.56994628906 1472.47998046875 1458.73999023438 1443.36999511719 1408.65002441406 1369.9599609375 1346.52001953125 1356.92993164062 1377.5 1411.40002441406 1394.07995605469 1410.28002929688 1430.43994140625 1473.33996582031 1452.2099609375 1345.97998046875 1277.42004394531 1245.84997558594 1218.65002441406 1234.91003417969 1264.78002929688 1263.02001953125 1241.61999511719 1223.64001464844 1196.93005371094 1155.61999511719 1133.73999023438 1132.75 1156.58996582031 1172.19995117188 1158.98999023438 1133.21997070312 1093.82995605469 1094.17004394531 1110.51000976562 1161.47998046875 1193.11999511719 1177.17004394531 1182.07995605469 1200.10998535156 1222.67993164062 1269.44006347656 1324.61999511719 1377.41003417969 1337.77001953125 1300.02001953125
1517.35998535156 1567.86999511719 1542.11999511719 1516.13000488281 1516.32995605469 1485.31994628906 1432.88000488281 1421.38000488281 1404.19006347656 1328.53002929688 1312.28002929688 1333.32995605469 1336.81005859375 1301.93005371094 1285.01000976562 1341.46997070312 1401.4599609375 1434.25 1383.11999511719 1388.7099609375 1419.98999023438 1461.82995605469 1419.41003417969 1327.2900390625 1263.11999511719 1232.2099609375 1223.22998046875 1229.68994140625 1223.63000488281 1216.96997070312 1205.05004882812 1197.85998535156 1150.0400390625 1101.5400390625 1105.72998046875 1129.80004882812 1146.0400390625 1154.28002929688 1139.57995605469 1105.09997558594 1063.59997558594 1049.30004882812 1038.28002929688 1043.97998046875 1118.64001464844 1145.71997070312 1164.28002929688 1187.75 1212.33996582031 1227.63000488281 1280.17993164062 1308.68994140625 1321.67004394531 1333.5400390625
1525.53002929688 1478.17993164062 1419.18994140625 1454 1464.41003417969 1420.73999023438 1359.94995117188 1304.14001464844 1285.20007324219 1252.32995605469 1238.41003417969 1243.69995117188 1281.56994628906 1292.89001464844 1287.07995605469 1348.97998046875 1370.67993164062 1372.41003417969 1369.47998046875 1390.06005859375 1458.61999511719 1462.38000488281 1409.48999023438 1310.25 1250.86999511719 1247.43994140625 1236.72998046875 1199.97998046875 1175.26000976562 1184.07006835938 1176.82995605469 1181.38000488281 1147.94995117188 1115.39001464844 1127.08996582031 1148.07995605469 1151.75 1143.33996582031 1131.7099609375 1102.15002441406 1063.10998535156 1045.27001953125 1040.51000976562 1065.06005859375 1110.5400390625 1136.55004882812 1165.80004882812 1199.03002929688 1211.18994140625 1208.02001953125 1212.42993164062 1233.77001953125 1280.60998535156 1318.43994140625
1526.0400390625 1504.92004394531 1500.64001464844 1483.02001953125 1462.67993164062 1433.03002929688 1375.61999511719 1337.39001464844 1324.03002929688 1282.27001953125 1258.35998535156 1271.58996582031 1322.59997558594 1329.57995605469 1307.5 1311.66003417969 1337.5400390625 1377.67004394531 1394.58996582031 1469.84997558594 1496.07995605469 1432.17004394531 1336.80004882812 1253.94995117188 1217.09997558594 1263.82006835938 1260.53002929688 1205.57995605469 1149.80004882812 1140.4599609375 1161.17004394531 1175.16003417969 1154.96997070312 1144.85998535156 1166.7099609375 1165.13000488281 1154.61999511719 1116.79992675781 1086.23999023438 1077.93994140625 1088.06005859375 1106.25 1098.66003417969 1096.21997070312 1099.58996582031 1125.31005859375 1154.38000488281 1182.96997070312 1196.89001464844 1208 1218.09997558594 1238.08996582031 1297.32006835938 1315.66003417969
1408.98999023438 1467.41003417969 1524.44006347656 1479.73999023438 1442.23999023438 1434.40002441406 1408.06994628906 1432.17004394531 1423.06005859375 1400.15002441406 1354.39001464844 1324.0400390625 1320.73999023438 1301.7099609375 1268.7099609375 1262.07006835938 1308.7900390625 1364.35998535156 1397.98999023438 1446.47998046875 1419.44995117188 1338.96997070312 1262 1210.86999511719 1194.98999023438 1216.61999511719 1227.60998535156 1217.93005371094 1158.35998535156 1154.90002441406 1166.09997558594 1162.06994628906 1137.76000976562 1131.11999511719 1147.01000976562 1146.01000976562 1130.31994628906 1083.35998535156 1051.07006835938 1043.169921875 1078.9599609375 1108.69995117188 1119.29992675781 1105.02001953125 1107.69995117188 1130.41003417969 1137.31005859375 1181.4599609375 1218.97998046875 1235.38000488281 1268.13000488281 1302.53002929688 1329.9599609375 1324.23999023438
1366.97998046875 1441.05004882812 1455.81005859375 1403.05004882812 1340.77001953125 1353.82006835938 1360.43994140625 1406.41003417969 1422.95007324219 1418.7900390625 1349.27001953125 1282.52001953125 1272.43994140625 1275.68994140625 1237.14001464844 1221.19995117188 1241.27001953125 1283.08996582031 1340.90002441406 1395.63000488281 1367.43005371094 1298.85998535156 1218.82995605469 1158.36999511719 1134.39001464844 1138.97998046875 1148.11999511719 1177.35998535156 1167.13000488281 1185.30993652344 1179.16003417969 1155.0400390625 1114.69995117188 1091.19995117188 1092.56005859375 1084.82995605469 1071.63000488281 1039.17993164062 1034.88000488281 1035.64001464844 1070.77001953125 1085.06005859375 1102.48999023438 1111.36999511719 1123.35998535156 1146.56005859375 1164 1213.08996582031 1256.86999511719 1276.59997558594 1302.66003417969 1319.88000488281 1326.23999023438 1318.31005859375
1329.60998535156 1386.82995605469 1374.03002929688 1330.73999023438 1250.93005371094 1292.83996582031 1312.93005371094 1361.97998046875 1411.47998046875 1395.7099609375 1337.85998535156 1278.25 1257.0400390625 1245.60998535156 1217.29992675781 1201.41003417969 1212.81005859375 1229.68994140625 1292.4599609375 1358.06005859375 1319.5400390625 1239.56994628906 1158.19006347656 1096.96997070312 1099.88000488281 1100.89001464844 1083.73999023438 1099.27001953125 1147.84997558594 1177.58996582031 1169.61999511719 1153.69006347656 1114.66003417969 1065.31994628906 1058.59997558594 1048.54992675781 1039.13000488281 1030.66003417969 1042.59997558594 1050.15002441406 1080.52001953125 1104.22998046875 1113.18005371094 1136.46997070312 1175.57006835938 1234.05004882812 1257.46997070312 1277.86999511719 1291.63000488281 1292.90002441406 1299.84997558594 1293.06005859375 1281.96997070312 1275.2099609375
1275.40002441406 1305.88000488281 1307.20007324219 1298.69006347656 1311 1323.60998535156 1312.06994628906 1320.85998535156 1350.77001953125 1371.02001953125 1336.09997558594 1281.73999023438 1237.27001953125 1214.55004882812 1193.85998535156 1185.7099609375 1195.91003417969 1213.02001953125 1260.4599609375 1299.63000488281 1280.92004394531 1242.53002929688 1169.419921875 1095.72998046875 1099.98999023438 1087.60998535156 1072.9599609375 1076.60998535156 1105.57995605469 1125.22998046875 1134.68005371094 1139.26000976562 1094 1042.52001953125 1047 1050.14001464844 1039.0400390625 1061.86999511719 1083.15002441406 1093.60998535156 1106.56005859375 1123.32995605469 1146.34997558594 1190.5 1232.33996582031 1267.38000488281 1303.71997070312 1340.64001464844 1331.73999023438 1305.58996582031 1271.43994140625 1241.02001953125 1235.0400390625 1246.90002441406
1271.2099609375 1281.28002929688 1307.98999023438 1316.64001464844 1333.81005859375 1313.05004882812 1286.44995117188 1252.27001953125 1278.53002929688 1292.65002441406 1251.80004882812 1205.53002929688 1192.32006835938 1213.77001953125 1221.33996582031 1189.2900390625 1188.59997558594 1189.91003417969 1211.330078125 1243.15002441406 1265.7900390625 1267.11999511719 1219.07995605469 1152.42004394531 1112.73999023438 1080.76000976562 1069.7900390625 1074.17004394531 1076.73999023438 1079.35998535156 1084.17993164062 1092.43005371094 1060.68005371094 1050.05004882812 1064.63000488281 1069.65002441406 1030.58996582031 1050.82995605469 1103.7099609375 1124.09997558594 1130.56994628906 1152.44995117188 1187.65002441406 1215.26000976562 1240.13000488281 1254.96997070312 1296.43005371094 1332.96997070312 1334.18005371094 1304.9599609375 1255.7099609375 1233.28002929688 1239.31994628906 1250.61999511719
1311.77001953125 1312.11999511719 1326.94995117188 1321.09997558594 1313.44006347656 1280.19995117188 1253.9599609375 1216 1201.44006347656 1213.03002929688 1194.55004882812 1148.67004394531 1161.67004394531 1229.08996582031 1259.669921875 1217.85998535156 1189.31994628906 1166.86999511719 1180.55004882812 1207.28002929688 1228.4599609375 1237.419921875 1208.0400390625 1155.7099609375 1104.55004882812 1073.32995605469 1046.78002929688 1049.73999023438 1054.83996582031 1034.69995117188 1053.91003417969 1065.66003417969 1050.58996582031 1060.36999511719 1083.66003417969 1078.85998535156 1035.41003417969 1047.60998535156 1110.91003417969 1122.4599609375 1143.25 1190.4599609375 1207.46997070312 1197.26000976562 1196.16003417969 1209.58996582031 1246.63000488281 1294.55993652344 1311.14001464844 1294.03002929688 1274.78002929688 1255.96997070312 1229.21997070312 1207.51000976562
