layers/avg_2014_tmax0.asc
NCOLS 292 
NROWS 291 
XLLCORNER -87.6458333327872 
YLLCORNER 24.4791666666667 
CELLSIZE 0.0416666666669039 
NODATA_value -3.4e+38 
[rows 192 to 215 of 291, columns 106 to 158 of 292]
-3.4e+38 -3.4e+38 -3.4e+38 -3.4e+38 -3.4e+38 -3.4e+38 -3.4e+38 -3.4e+38 -3.4e+38 -3.4e+38 -3.4e+38 -3.4e+38 -3.4e+38 -3.4e+38 26.718334197998 27.0416679382324 27.1733341217041 27.1516666412354 27.1208343505859 27.1858329772949 27.1100006103516 27.0883331298828 27.1450004577637 27.1441669464111 27.1175003051758 27.1783332824707 27.1750011444092 27.1983337402344 27.234167098999 27.3050003051758 27.372501373291 27.4658336639404 27.5641670227051 27.658332824707 27.7325000762939 27.828332901001 27.8724994659424 27.9008331298828 27.9475002288818 27.9883327484131 28.0266666412354 27.9974994659424 27.9174995422363 27.8616676330566 27.8141670227051 27.7666664123535 27.7616672515869 27.75 27.7366676330566 27.7141666412354 27.75 27.7733325958252 27.6866664886475
-3.4e+38 -3.4e+38 -3.4e+38 -3.4e+38 -3.4e+38 -3.4e+38 -3.4e+38 -3.4e+38 -3.4e+38 -3.4e+38 -3.4e+38 -3.4e+38 -3.4e+38 -3.4e+38 26.7991676330566 27.1983337402344 27.2999992370605 27.2283325195312 27.1708335876465 27.125 27.2075004577637 27.1366672515869 27.1833343505859 27.2450008392334 27.174165725708 27.2183322906494 27.2374992370605 27.2666664123535 27.2958335876465 27.3633346557617 27.4266662597656 27.5141658782959 27.6808338165283 27.7883338928223 27.8741664886475 27.9383335113525 27.9791660308838 28.0008335113525 28.031665802002 28.0833339691162 28.1450004577637 28.0750007629395 27.9641666412354 27.8916664123535 27.8274993896484 27.8050003051758 27.7708339691162 27.783332824707 27.7950000762939 27.7908325195312 27.828332901001 27.8074989318848 27.7583332061768
-3.4e+38 -3.4e+38 -3.4e+38 -3.4e+38 -3.4e+38 -3.4e+38 -3.4e+38 -3.4e+38 -3.4e+38 -3.4e+38 -3.4e+38 -3.4e+38 -3.4e+38 -3.4e+38 26.8066673278809 27.1825008392334 27.2358341217041 27.1649990081787 27.0891666412354 27.1608333587646 27.3208332061768 27.3633327484131 27.3366661071777 27.3816661834717 27.2875003814697 27.2883338928223 27.3158340454102 27.3474998474121 27.3583335876465 27.4099998474121 27.4833335876465 27.591667175293 27.8150005340576 27.9383335113525 28.0241661071777 28.1158332824707 28.1224994659424 28.0858345031738 28.0450000762939 28.1016674041748 28.1258335113525 28.0799999237061 27.9716663360596 27.9116668701172 27.8816661834717 27.8449993133545 27.8108329772949 27.8133335113525 27.8191661834717 27.8716659545898 27.8950004577637 27.9033336639404 27.8649997711182
-3.4e+38 -3.4e+38 -3.4e+38 -3.4e+38 -3.4e+38 -3.4e+38 -3.4e+38 -3.4e+38 -3.4e+38 -3.4e+38 -3.4e+38 -3.4e+38 -3.4e+38 26.3641662597656 26.8824996948242 27.1266670227051 27.1800003051758 27.1399993896484 27.1383323669434 27.2158336639404 27.3150005340576 27.5275001525879 27.4833335876465 27.5266666412354 27.4816665649414 27.4308338165283 27.4633331298828 27.5208339691162 27.5424995422363 27.5475006103516 27.5833339691162 27.7141666412354 27.8624992370605 27.9899997711182 28.1283340454102 28.2741661071777 28.3083324432373 28.2066669464111 28.1166667938232 28.1191673278809 28.1183338165283 28.0850009918213 28.0200004577637 27.9733333587646 27.9475002288818 27.9349994659424 27.8950004577637 27.8966674804688 27.8958339691162 27.9291667938232 27.9433326721191 27.953332901001 27.9466667175293
-3.4e+38 -3.4e+38 -3.4e+38 -3.4e+38 -3.4e+38 -3.4e+38 -3.4e+38 -3.4e+38 -3.4e+38 -3.4e+38 -3.4e+38 -3.4e+38 -3.4e+38 26.4158325195312 26.8833332061768 27.060001373291 27.1291656494141 27.1441669464111 27.1708335876465 27.2333335876465 27.3491668701172 27.5200004577637 27.6016674041748 27.6816673278809 27.6033325195312 27.5249996185303 27.533332824707 27.5716667175293 27.6333332061768 27.6750011444092 27.6916656494141 27.8024997711182 27.8999996185303 28 28.1066665649414 28.2175006866455 28.2625007629395 28.2200012207031 28.1683330535889 28.1766662597656 28.1483325958252 28.0949993133545 28.0591659545898 28.0149993896484 27.9991664886475 27.9983329772949 27.9750003814697 27.966667175293 27.9933338165283 27.9908332824707 27.9891662597656 27.9874992370605 28.013334274292
-3.4e+38 -3.4e+38 -3.4e+38 -3.4e+38 -3.4e+38 -3.4e+38 -3.4e+38 -3.4e+38 -3.4e+38 -3.4e+38 -3.4e+38 -3.4e+38 26.0166664123535 26.5491676330566 26.8575000762939 27.030834197998 27.1200008392334 27.1816673278809 27.220832824707 27.3066673278809 27.4033336639404 27.530834197998 27.6474990844727 27.6016674041748 27.6224994659424 27.5658340454102 27.5791664123535 27.6608333587646 27.6891670227051 27.6824989318848 27.7583332061768 27.8808326721191 27.9383335113525 27.9899997711182 28.0691661834717 28.0983333587646 28.1499996185303 28.1350002288818 28.1291656494141 28.155834197998 28.1424999237061 28.1224994659424 28.1333332061768 28.0833339691162 28.046667098999 28.0408325195312 28.013334274292 28.0249996185303 28.0366668701172 28.0408325195312 28.0149993896484 28.0133323669434 28.0383338928223
-3.4e+38 -3.4e+38 -3.4e+38 -3.4e+38 -3.4e+38 -3.4e+38 -3.4e+38 -3.4e+38 -3.4e+38 -3.4e+38 -3.4e+38 -3.4e+38 26.2100009918213 26.6533317565918 26.8708343505859 27.0566673278809 27.1875 27.2808322906494 27.3216667175293 27.4025001525879 27.4608325958252 27.5358333587646 27.5349998474121 27.5683326721191 27.5766658782959 27.6058330535889 27.640832901001 27.6883335113525 27.7733345031738 27.8075008392334 27.8824996948242 28.0483322143555 28.1149997711182 28.1666660308838 28.1366672515869 28.1341667175293 28.1399993896484 28.1275005340576 28.1466674804688 28.1949996948242 28.2283325195312 28.2358341217041 28.2416667938232 28.219165802002 28.1975002288818 28.1700000762939 28.1158332824707 28.1066665649414 28.0675010681152 28.0583343505859 28.0500011444092 28.0583343505859 28.0741672515869
-3.4e+38 -3.4e+38 -3.4e+38 -3.4e+38 -3.4e+38 -3.4e+38 -3.4e+38 -3.4e+38 -3.4e+38 -3.4e+38 -3.4e+38 -3.4e+38 26.4400005340576 26.8108329772949 26.9500007629395 27.1024990081787 27.2433338165283 27.3741664886475 27.4491672515869 27.4658336639404 27.5066661834717 27.5691661834717 27.5833339691162 27.6708335876465 27.6350002288818 27.6783332824707 27.6399993896484 27.7058334350586 27.796667098999 27.8724994659424 28.0091667175293 28.1258335113525 28.1800003051758 28.2474994659424 28.2491664886475 28.2733325958252 28.2591667175293 28.2049999237061 28.2108325958252 28.2466659545898 28.2849998474121 28.3308334350586 28.3250007629395 28.3316669464111 28.3141670227051 28.2924995422363 28.2674999237061 28.2024993896484 28.158332824707 28.1366672515869 28.1366672515869 28.0950012207031 28.1275005340576
-3.4e+38 -3.4e+38 -3.4e+38 -3.4e+38 -3.4e+38 -3.4e+38 -3.4e+38 -3.4e+38 -3.4e+38 -3.4e+38 -3.4e+38 26.3133335113525 26.7399997711182 26.9475002288818 27.0541667938232 27.1416664123535 27.3016662597656 27.4274997711182 27.5241661071777 27.5400009155273 27.5750007629395 27.6241664886475 27.625 27.6450004577637 27.6191673278809 27.5849990844727 27.6149997711182 27.7374992370605 27.8575000762939 27.9566669464111 28.0966663360596 28.1725006103516 28.2216663360596 28.2733345031738 28.3099994659424 28.3033332824707 28.344165802002 28.3408336639404 28.2600002288818 28.2591667175293 28.279167175293 28.328332901001 28.3533325195312 28.3683338165283 28.3216667175293 28.2950000762939 28.2683334350586 28.247501373291 28.25 28.2700004577637 28.2425003051758 28.1975002288818 28.203332901001
-3.4e+38 -3.4e+38 -3.4e+38 -3.4e+38 -3.4e+38 -3.4e+38 -3.4e+38 -3.4e+38 -3.4e+38 -3.4e+38 26.2725009918213 26.595832824707 27.0016670227051 27.1266670227051 27.171667098999 27.2683334350586 27.3950004577637 27.4974994659424 27.6158332824707 27.6324996948242 27.6266670227051 27.6433334350586 27.6666679382324 27.6666660308838 27.6574993133545 27.6025009155273 27.6550006866455 27.8033332824707 27.9258327484131 28.0324993133545 28.1599998474121 28.2425003051758 28.2824993133545 28.3033332824707 28.328332901001 28.3474998474121 28.3691673278809 28.3924999237061 28.3799991607666 28.3383331298828 28.2950000762939 28.3083324432373 28.3341674804688 28.3391666412354 28.3325004577637 28.3216667175293 28.2908344268799 28.2633323669434 28.296667098999 28.3225002288818 28.2724990844727 28.2366676330566 28.2425003051758
-3.4e+38 -3.4e+38 -3.4e+38 -3.4e+38 -3.4e+38 -3.4e+38 -3.4e+38 -3.4e+38 -3.4e+38 26.1900005340576 26.4258327484131 26.8500003814697 27.125 27.2291660308838 27.2766666412354 27.3766670227051 27.4874992370605 27.6058330535889 27.6949996948242 27.720832824707 27.7016658782959 27.7708339691162 27.7783336639404 27.7525005340576 27.7408332824707 27.7616672515869 27.8191661834717 27.9316673278809 28.0191669464111 28.138334274292 28.2175006866455 28.2449989318848 28.2666664123535 28.2975006103516 28.3041667938232 28.3116664886475 28.344165802002 28.4125003814697 28.421667098999 28.3724994659424 28.3541660308838 28.3600006103516 28.3500003814697 28.345832824707 28.3225002288818 28.3333339691162 28.3683338165283 28.3425006866455 28.3166656494141 28.3125 28.2758331298828 28.2474994659424 28.2458324432373
-3.4e+38 -3.4e+38 -3.4e+38 -3.4e+38 -3.4e+38 -3.4e+38 -3.4e+38 -3.4e+38 -3.4e+38 26.1949996948242 26.4833335876465 26.9424991607666 27.1633338928223 27.2391662597656 27.2999992370605 27.3875007629395 27.4741668701172 27.5849990844727 27.7325000762939 27.7399997711182 27.8066673278809 27.8500003814697 27.859167098999 27.8549995422363 27.8999996185303 27.9316673278809 27.9516677856445 28.0349998474121 28.1233329772949 28.2399997711182 28.2666664123535 28.2408332824707 28.2316665649414 28.2399997711182 28.2358341217041 28.236665725708 28.2908325195312 28.3733329772949 28.4783325195312 28.4316673278809 28.3941669464111 28.4091663360596 28.3966674804688 28.3775005340576 28.406665802002 28.404167175293 28.3966674804688 28.3800010681152 28.3266658782959 28.2741661071777 28.216667175293 28.2075004577637 28.2608337402344
-3.4e+38 -3.4e+38 -3.4e+38 -3.4e+38 -3.4e+38 -3.4e+38 -3.4e+38 -3.4e+38 -3.4e+38 26.1166667938232 26.3999996185303 26.9758338928223 27.1375007629395 27.0974998474121 27.1375007629395 27.2941665649414 27.3641662597656 27.5058326721191 27.6641654968262 27.781665802002 27.8516674041748 27.9441661834717 27.9633331298828 27.9791679382324 28.0266666412354 28.0774993896484 28.1100006103516 28.140832901001 28.1849994659424 28.25 28.2466659545898 28.2266674041748 28.1933326721191 28.1700000762939 28.1591663360596 28.1791667938232 28.2749996185303 28.3758335113525 28.5258331298828 28.5116672515869 28.4825000762939 28.4966659545898 28.4316673278809 28.4408340454102 28.4483337402344 28.4016666412354 28.3974990844727 28.3783340454102 28.3041667938232 28.2591667175293 28.2000007629395 28.1841678619385 28.2275009155273
-3.4e+38 -3.4e+38 -3.4e+38 -3.4e+38 -3.4e+38 -3.4e+38 -3.4e+38 -3.4e+38 -3.4e+38 26.0424995422363 26.3533325195312 26.8616676330566 27 27.0241661071777 26.9716663360596 27.0283336639404 27.1900005340576 27.4225006103516 27.6283340454102 27.8600006103516 27.9933338165283 28.1116676330566 28.1550006866455 28.1024990081787 28.1800003051758 28.2541656494141 28.2591667175293 28.2541675567627 28.171667098999 28.1574993133545 28.1683330535889 28.2150001525879 28.1866664886475 28.1533336639404 28.1391677856445 28.1891670227051 28.2933330535889 28.4291667938232 28.5933322906494 28.6100006103516 28.5599994659424 28.5791664123535 28.486665725708 28.4650001525879 28.4658336639404 28.4349994659424 28.3991661071777 28.3766670227051 28.3041667938232 28.2275009155273 28.1749992370605 28.1924991607666 28.2241668701172
-3.4e+38 -3.4e+38 -3.4e+38 -3.4e+38 -3.4e+38 -3.4e+38 -3.4e+38 -3.4e+38 -3.4e+38 -3.4e+38 26.4108333587646 26.7983341217041 26.9133338928223 27.0433330535889 27.0583324432373 26.9908332824707 26.9641666412354 27.1625003814697 27.4741668701172 27.8425006866455 28.0650005340576 28.220832824707 28.2816677093506 28.1774997711182 28.3041667938232 28.4025001525879 28.3341674804688 28.2574996948242 28.1124992370605 28.0833339691162 28.1525001525879 28.2200012207031 28.2133331298828 28.1491661071777 28.0641670227051 28.1658325195312 28.3624992370605 28.5591678619385 28.7299995422363 28.799165725708 28.6983337402344 28.6816673278809 28.5433330535889 28.4808330535889 28.4641666412354 28.4466667175293 28.3866672515869 28.3633346557617 28.281665802002 28.2175006866455 28.1774997711182 28.1450004577637 28.1149997711182
-3.4e+38 -3.4e+38 -3.4e+38 -3.4e+38 -3.4e+38 -3.4e+38 -3.4e+38 -3.4e+38 -3.4e+38 26.0524997711182 26.6141662597656 26.8024997711182 26.9149990081787 26.9899997711182 27.0233325958252 27.0041675567627 26.9566669464111 27.1616668701172 27.375 27.6058330535889 27.845832824707 28.093334197998 28.154167175293 28.1925010681152 28.2216663360596 28.265832901001 28.265832901001 28.2241668701172 28.1291675567627 28.1124992370605 28.200834274292 28.2600002288818 28.3041667938232 28.2091674804688 28.0216655731201 28.154167175293 28.4424991607666 28.7008323669434 28.9274997711182 29.0166664123535 28.9416656494141 28.7999992370605 28.6491661071777 28.5408325195312 28.4724998474121 28.3958339691162 28.359167098999 28.3141670227051 28.2483329772949 28.2158336639404 28.1558322906494 28.0458335876465 27.9724998474121
-3.4e+38 -3.4e+38 -3.4e+38 -3.4e+38 -3.4e+38 -3.4e+38 -3.4e+38 -3.4e+38 -3.4e+38 26.1866664886475 26.7950000762939 26.8924999237061 26.9816665649414 26.9858341217041 26.9549999237061 26.9974994659424 27.1433334350586 27.3558330535889 27.4524993896484 27.5366668701172 27.656665802002 27.8824996948242 28.0283336639404 28.1824989318848 28.1475009918213 28.1633338928223 28.2291660308838 28.2691669464111 28.2283325195312 28.2291660308838 28.3074989318848 28.4033336639404 28.4891662597656 28.4416675567627 28.2758331298828 28.3199996948242 28.5650005340576 28.8099994659424 29.0224990844727 29.158332824707 29.0691661834717 28.9641666412354 28.8191661834717 28.6649990081787 28.5266666412354 28.404167175293 28.3225002288818 28.2849998474121 28.2416667938232 28.2049999237061 28.0799999237061 27.9624996185303 27.8624992370605
-3.4e+38 -3.4e+38 -3.4e+38 -3.4e+38 -3.4e+38 -3.4e+38 -3.4e+38 -3.4e+38 -3.4e+38 26.4499988555908 26.8391666412354 26.9408340454102 27.0050010681152 27.029167175293 27.0616664886475 27.0883331298828 27.3258323669434 27.5674991607666 27.4599990844727 27.4925003051758 27.5983333587646 27.7408332824707 27.9291667938232 28.0458335876465 28.0366668701172 28.1175003051758 28.1966667175293 28.2958335876465 28.2908325195312 28.3075008392334 28.3741664886475 28.5125007629395 28.6641674041748 28.6800003051758 28.5241661071777 28.4991664886475 28.6733322143555 28.8816661834717 29.0699996948242 29.1791667938232 29.1008338928223 28.9733333587646 28.8549995422363 28.6925010681152 28.5491676330566 28.466667175293 28.375 28.3408336639404 28.2883338928223 28.1883335113525 28.0399990081787 27.9274997711182 27.8266677856445
-3.4e+38 -3.4e+38 -3.4e+38 -3.4e+38 -3.4e+38 -3.4e+38 -3.4e+38 -3.4e+38 -3.4e+38 -3.4e+38 26.7449989318848 26.9033336639404 26.9958343505859 27.0200004577637 27.0033340454102 26.9500007629395 -3.4e+38 27.4274997711182 27.3991661071777 27.4608325958252 27.5524997711182 27.8116664886475 28.0458335876465 28.0750007629395 28.125 28.2075004577637 28.2350006103516 28.3316669464111 28.3641662597656 28.3733329772949 28.4141654968262 28.4991664886475 28.6041660308838 28.6516666412354 28.6158332824707 28.6058330535889 28.7258338928223 28.9075012207031 29.1024990081787 29.2024993896484 29.140832901001 28.984167098999 28.8158321380615 28.6416664123535 28.5774993896484 28.4933338165283 28.4033336639404 28.3516674041748 28.3158340454102 28.2408332824707 28.1124992370605 28.0249996185303 27.9441680908203
-3.4e+38 -3.4e+38 -3.4e+38 -3.4e+38 -3.4e+38 -3.4e+38 -3.4e+38 -3.4e+38 -3.4e+38 -3.4e+38 -3.4e+38 26.7233333587646 26.9200000762939 26.9433326721191 26.8091659545898 -3.4e+38 -3.4e+38 -3.4e+38 -3.4e+38 27.4383335113525 27.6266670227051 27.8791656494141 28.1191673278809 28.1324996948242 28.171667098999 28.1816673278809 28.25 28.3633327484131 28.3841667175293 28.4183330535889 28.4683322906494 28.4899997711182 28.530834197998 28.5674991607666 28.6166667938232 28.6441669464111 28.7266674041748 28.8683338165283 29.0041656494141 29.0966663360596 29.0891666412354 28.904167175293 28.7408332824707 28.6141662597656 28.5375003814697 28.4458332061768 28.390832901001 28.3250007629395 28.3166656494141 28.2600002288818 28.2075004577637 28.1208343505859 28.0358333587646
-3.4e+38 -3.4e+38 -3.4e+38 -3.4e+38 -3.4e+38 -3.4e+38 -3.4e+38 -3.4e+38 -3.4e+38 -3.4e+38 -3.4e+38 26.4108333587646 26.7124996185303 26.8174991607666 26.5608329772949 -3.4e+38 -3.4e+38 -3.4e+38 -3.4e+38 27.5108337402344 27.7250003814697 27.8991661071777 28.1033325195312 28.156665802002 28.1800003051758 28.1800003051758 28.2566661834717 28.3358325958252 28.3758335113525 28.4150009155273 28.4358329772949 28.4641666412354 28.4758338928223 28.5191669464111 28.6008338928223 28.640832901001 28.6725006103516 28.7641658782959 28.843334197998 28.9074993133545 28.8983325958252 28.8050003051758 28.6791667938232 28.5858345031738 28.5141677856445 28.4358329772949 28.3708343505859 28.3566665649414 28.375 28.3666667938232 28.2916660308838 28.2075004577637 28.1491661071777
-3.4e+38 -3.4e+38 -3.4e+38 -3.4e+38 -3.4e+38 -3.4e+38 -3.4e+38 -3.4e+38 -3.4e+38 -3.4e+38 -3.4e+38 -3.4e+38 26.3500003814697 26.5424995422363 -3.4e+38 -3.4e+38 -3.4e+38 27.1725006103516 27.3766670227051 27.6083335876465 27.7641658782959 27.905834197998 28.0408325195312 28.0741672515869 28.174165725708 28.2258338928223 28.3058338165283 28.3141670227051 28.3691673278809 28.3708324432373 28.3958339691162 28.4274997711182 28.4400005340576 28.4916667938232 28.5716667175293 28.5991668701172 28.6375007629395 28.6700000762939 28.7224998474121 28.7491664886475 28.779167175293 28.7483329772949 28.6800003051758 28.6266670227051 28.5475006103516 28.5033340454102 28.4300003051758 28.4458332061768 28.4475002288818 28.4108333587646 28.3824996948242 28.3258323669434 28.2741661071777
-3.4e+38 -3.4e+38 -3.4e+38 -3.4e+38 -3.4e+38 -3.4e+38 -3.4e+38 -3.4e+38 -3.4e+38 -3.4e+38 -3.4e+38 -3.4e+38 26.1424999237061 -3.4e+38 -3.4e+38 -3.4e+38 -3.4e+38 27.3099994659424 27.5450000762939 27.6925010681152 27.7449989318848 27.8316669464111 27.9741668701172 28.1033325195312 28.1916675567627 28.2408332824707 28.2766666412354 28.2824993133545 28.3216667175293 28.3658332824707 28.375 28.3974990844727 28.4008331298828 28.4166660308838 28.4883327484131 28.4858341217041 28.5375003814697 28.6000003814697 28.6424999237061 28.6916656494141 28.7258338928223 28.7066669464111 28.6625003814697 28.6458339691162 28.6266670227051 28.5524997711182 28.5366668701172 28.5149993896484 28.5033340454102 28.4650001525879 28.4333324432373 28.3666667938232 28.3541660308838
-3.4e+38 -3.4e+38 -3.4e+38 -3.4e+38 -3.4e+38 -3.4e+38 -3.4e+38 -3.4e+38 -3.4e+38 -3.4e+38 -3.4e+38 -3.4e+38 26.0216674804688 -3.4e+38 -3.4e+38 -3.4e+38 27.2158336639404 27.530834197998 27.6966667175293 27.7641677856445 27.859167098999 27.8816661834717 28.0349998474121 28.1033344268799 28.1791667938232 28.2450008392334 28.3108329772949 28.3108329772949 28.3225002288818 28.361665725708 28.3649997711182 28.3608341217041 28.3558330535889 28.3491668701172 28.3649997711182 28.3983325958252 28.468334197998 28.533332824707 28.6341667175293 28.6900005340576 28.6825008392334 28.6791667938232 28.6633338928223 28.6366672515869 28.6758327484131 28.6758327484131 28.6291656494141 28.5299987792969 28.5541667938232 28.546667098999 28.5083332061768 28.4575004577637 28.4166660308838
