layers/avg_1930_tmin0.asc
NCOLS 292 
NROWS 291 
XLLCORNER -87.6458333327872 
YLLCORNER 24.4791666666667 
CELLSIZE 0.0416666666669039 
NODATA_value -3.4e+38 
[rows 24 to 47 of 291, columns 159 to 211 of 292]
8.64541721343994 8.70816707611084 8.74425029754639 8.6763334274292 8.58908367156982 8.49508285522461 8.44141674041748 8.34391689300537 8.26924991607666 8.23308372497559 8.30058288574219 8.24733352661133 8.26449966430664 8.15233325958252 8.25583362579346 8.43033313751221 8.45133304595947 8.40508365631104 8.43841648101807 8.47441673278809 8.43466663360596 8.42424964904785 8.45441627502441 8.47424983978271 8.50708293914795 8.59200000762939 8.87141704559326 8.94050025939941 8.83791637420654 8.84016609191895 8.83675003051758 8.84066677093506 8.81308364868164 8.60358333587646 8.71933364868164 8.76483345031738 8.85099983215332 8.81233310699463 8.79083347320557 8.68208312988281 8.67224979400635 8.38016700744629 8.30399990081787 8.47166633605957 8.49908351898193 8.37766647338867 8.07625007629395 7.97591686248779 8.30991649627686 8.31233310699463 8.83224964141846 9.22241687774658 9.40791702270508
8.79208374023438 8.84566688537598 8.81824970245361 8.8122501373291 8.72216701507568 8.69099998474121 8.68516635894775 8.54683303833008 8.42616653442383 8.33841705322266 8.36200046539307 8.28483390808105 8.2383337020874 8.23624992370605 8.32450008392334 8.37683296203613 8.35941696166992 8.36050033569336 8.43850040435791 8.45324993133545 8.40516662597656 8.39900016784668 8.47624969482422 8.59650039672852 8.49033355712891 8.7192497253418 8.94449996948242 8.85308361053467 8.83924961090088 8.8660831451416 8.87491703033447 8.78008365631104 8.70158386230469 8.68316650390625 8.65075016021729 8.74408340454102 8.74891662597656 8.77441692352295 8.76566696166992 8.61266708374023 8.5719165802002 8.53508377075195 8.52858352661133 8.58341693878174 8.65833377838135 8.41166687011719 8.27333354949951 8.24166679382324 8.29916667938232 8.80858325958252 9.05641651153564 9.22700023651123 9.17733383178711
8.84866619110107 8.94299983978271 8.95216655731201 8.92150020599365 8.94524955749512 8.88308334350586 8.79774951934814 8.77000045776367 8.65733337402344 8.56008338928223 8.55191612243652 8.38233375549316 8.37049961090088 8.28091716766357 8.31616687774658 8.3412504196167 8.32283306121826 8.36591625213623 8.46199989318848 8.43125057220459 8.38458347320557 8.42158317565918 8.51891613006592 8.5805835723877 8.56016635894775 8.70750045776367 8.75975036621094 8.73974990844727 8.76424980163574 8.79133319854736 8.87008380889893 8.87166690826416 8.77958297729492 8.74400043487549 8.75383377075195 8.72850036621094 8.93624973297119 8.81741619110107 8.81750011444092 8.80958366394043 8.79633331298828 8.82933330535889 8.91349983215332 8.90991687774658 8.91849994659424 8.7819995880127 8.92949962615967 9.09608364105225 9.04100036621094 8.73391723632812 9.08441638946533 9.14933395385742 9.09416675567627
8.93649959564209 8.98425006866455 9.01125049591064 9.04300022125244 9.05275058746338 9.118332862854 9.06533336639404 9.02600002288818 8.85708332061768 8.77016639709473 8.75683307647705 8.70191669464111 8.58074951171875 8.49708366394043 8.39041709899902 8.37841701507568 8.37316703796387 8.40183353424072 8.47900009155273 8.42024993896484 8.41841697692871 8.4806661605835 8.52375030517578 8.64025020599365 8.72424983978271 8.7723331451416 8.73824977874756 8.66849994659424 8.73575019836426 8.80924987792969 8.88858318328857 8.91600036621094 8.90408325195312 8.8417501449585 8.77683353424072 8.85866641998291 8.95575046539307 8.98508358001709 8.86216640472412 8.85258293151855 8.99458312988281 9.18766689300537 9.27216625213623 9.28366661071777 9.32458305358887 9.34533309936523 9.31208324432373 9.38541698455811 9.24558353424072 9.11016654968262 9.19383335113525 9.24199962615967 9.39433288574219
9.11783313751221 9.07275009155273 9.11900043487549 9.20166683197021 9.23341655731201 9.25825023651123 9.25808334350586 9.2068338394165 9.14424991607666 9.02458381652832 8.98566627502441 8.8998327255249 8.76000022888184 8.60383319854736 8.60733318328857 8.48225021362305 8.46391677856445 8.42549991607666 8.47833347320557 8.47583293914795 8.49833297729492 8.55150032043457 8.58816719055176 8.71475028991699 8.76708316802979 8.89766693115234 8.7767505645752 8.72433376312256 8.82250022888184 8.84283351898193 8.91775035858154 8.96833324432373 8.95591640472412 8.93266677856445 8.8975830078125 9.02733325958252 9.0962495803833 8.97566699981689 8.98200035095215 8.97624969482422 9.15666675567627 9.35008335113525 9.36083316802979 9.42508316040039 9.4367504119873 9.37883377075195 9.28833293914795 9.30441665649414 9.41708374023438 9.39858341217041 9.44133377075195 9.53999996185303 9.56525039672852
9.44349956512451 9.40216636657715 9.38000011444092 9.41024971008301 9.54983329772949 9.5307502746582 9.42516613006592 9.31291675567627 9.24583339691162 9.15916633605957 9.10400009155273 9.04899978637695 9.02133369445801 8.93541622161865 8.75625038146973 8.67441654205322 8.62341690063477 8.51191711425781 8.53591632843018 8.58374977111816 8.63608360290527 8.64424991607666 8.65116691589355 8.79741668701172 8.88866710662842 8.87133312225342 8.83341693878174 8.83858299255371 8.88625049591064 8.89616680145264 8.93666648864746 9.02191638946533 9.04158306121826 9.0337495803833 9.06099987030029 9.09166622161865 8.99233341217041 9.08108329772949 9.1875 9.24533367156982 9.39974975585938 9.42966651916504 9.47066688537598 9.54675006866455 9.51733303070068 9.49349975585938 9.50441646575928 9.50724983215332 9.50524997711182 9.55508327484131 9.61841678619385 9.66458320617676 9.71016693115234
9.64150047302246 9.75716686248779 9.80000019073486 9.91550064086914 9.99374961853027 9.68608283996582 9.50783348083496 9.39849948883057 9.32975006103516 9.18808364868164 9.13558292388916 9.0959997177124 9.13024997711182 9.10116672515869 8.88975048065186 8.77891635894775 8.79508304595947 8.76766681671143 8.78425025939941 8.75125026702881 8.73950004577637 8.76908302307129 8.83291721343994 8.94558334350586 9.0421667098999 8.92075061798096 8.90900039672852 8.90233325958252 8.89958381652832 8.91316699981689 9.00433349609375 9.07858371734619 9.09774971008301 9.13008308410645 9.18599987030029 9.18624973297119 9.17949962615967 9.21833324432373 9.30508327484131 9.40991687774658 9.45658302307129 9.5 9.55299949645996 9.64041709899902 9.66041660308838 9.65458297729492 9.6656665802002 9.71891689300537 9.77566623687744 9.80658340454102 9.82474994659424 9.84658336639404 9.86466693878174
9.73108386993408 9.94516658782959 10.2681665420532 10.4580001831055 10.4129161834717 10.2101669311523 9.90308284759521 9.76191711425781 9.51516628265381 9.26133346557617 9.19799995422363 9.1902494430542 9.15950012207031 9.16724967956543 9.06558322906494 8.88716697692871 8.85050010681152 8.91808319091797 8.94099998474121 8.93758296966553 8.94524955749512 8.97900009155273 9.06949996948242 9.10133361816406 9.06733322143555 9.02674961090088 8.99300003051758 8.95600032806396 8.99741649627686 9.0314998626709 9.09549999237061 9.15408325195312 9.19041633605957 9.20616626739502 9.30508327484131 9.3457498550415 9.32374954223633 9.30274963378906 9.41291618347168 9.44775009155273 9.47675037384033 9.55000019073486 9.58658313751221 9.67024993896484 9.75966644287109 9.78433322906494 9.82058334350586 9.91925048828125 9.96683311462402 9.97183322906494 9.94316673278809 9.93658351898193 9.91983318328857
9.90033340454102 10.0935001373291 10.3630838394165 10.3946666717529 10.4202499389648 10.4530830383301 10.396333694458 10.135666847229 9.77216720581055 9.57541656494141 9.3668327331543 9.27466678619385 9.18916702270508 9.30224990844727 9.31458282470703 9.20333385467529 9.10033321380615 9.06341648101807 9.04833316802979 9.06791687011719 9.13041687011719 9.21975040435791 9.25091648101807 9.29733371734619 9.24499988555908 9.19499969482422 9.13450050354004 9.13241672515869 9.13508319854736 9.13558292388916 9.17525005340576 9.19250011444092 9.20549964904785 9.27116680145264 9.30233383178711 9.35366630554199 9.38408374786377 9.45341682434082 9.57041645050049 9.56149959564209 9.50574970245361 9.57600021362305 9.66674995422363 9.79691696166992 9.88933372497559 10.0182504653931 10.1687498092651 10.1873331069946 10.1412496566772 10.1289167404175 10.035083770752 9.95233345031738 9.93183326721191
9.98575019836426 10.1466665267944 10.2006664276123 10.4075002670288 10.446249961853 10.4219999313354 10.4574165344238 10.2791662216187 10.273416519165 9.86283302307129 9.52983283996582 9.3216667175293 9.28833293914795 9.47358322143555 9.41199970245361 9.24941635131836 9.21341705322266 9.15733337402344 9.17391681671143 9.30100059509277 9.31208324432373 9.33399963378906 9.3844165802002 9.39499950408936 9.34366703033447 9.27166652679443 9.23841667175293 9.24341678619385 9.25283336639404 9.20541667938232 9.19025039672852 9.18966674804688 9.22308349609375 9.32149982452393 9.35349941253662 9.3948335647583 9.37666702270508 9.42133331298828 9.50924968719482 9.74416637420654 9.74174976348877 9.85949993133545 10.0465002059937 10.1346664428711 10.1101665496826 10.2550830841064 10.2983331680298 10.3529996871948 10.4320831298828 10.4312496185303 10.3267498016357 10.2145004272461 10.2008333206177
9.91141700744629 10.0057497024536 9.95883369445801 10.2943334579468 10.1587495803833 10.2910003662109 10.0823335647583 9.99608325958252 10.1540832519531 9.98875045776367 9.55924987792969 9.36283302307129 9.40258312225342 9.35866641998291 9.30433368682861 9.23449993133545 9.27458381652832 9.30900001525879 9.28741645812988 9.25800037384033 9.28291702270508 9.32824993133545 9.38308334350586 9.43758296966553 9.37208366394043 9.30116653442383 9.28516674041748 9.29300022125244 9.25791645050049 9.25475025177002 9.22216701507568 9.19333362579346 9.25899982452393 9.35424995422363 9.3869161605835 9.49233341217041 9.46341705322266 9.46408367156982 9.64000034332275 9.69016647338867 9.95950031280518 9.99483299255371 10.0779161453247 10.1399164199829 10.2414169311523 10.3354997634888 10.4365835189819 10.5454998016357 10.5098333358765 10.5543327331543 10.5566663742065 10.4582500457764 10.3904161453247
9.7906665802002 9.71816635131836 9.69725036621094 9.84933280944824 9.94775009155273 9.78808307647705 10.0104169845581 10.1540832519531 10.0985832214355 9.77824974060059 9.52241611480713 9.57758331298828 9.54058361053467 9.55100059509277 9.57849979400635 9.48225021362305 9.41133308410645 9.38558292388916 9.40591621398926 9.32075023651123 9.30733299255371 9.30691623687744 9.27491664886475 9.31700038909912 9.32550048828125 9.29783344268799 9.28941631317139 9.28041648864746 9.21975040435791 9.21833324432373 9.23575019836426 9.18924999237061 9.26025009155273 9.31624984741211 9.45283317565918 9.57758331298828 9.6445837020874 9.71716690063477 9.88350009918213 9.88150024414062 10.147500038147 10.2264165878296 10.1380004882812 10.1035003662109 10.2121667861938 10.268666267395 10.3554162979126 10.4173336029053 10.5801668167114 10.6168327331543 10.6195001602173 10.6866664886475 10.5657501220703
9.87800025939941 9.63291645050049 9.58166694641113 9.52750015258789 9.53716659545898 9.7271671295166 9.99625015258789 10.1984167098999 10.0004167556763 9.76441669464111 9.72133350372314 9.70908355712891 9.60083293914795 9.55200004577637 9.48950004577637 9.44575023651123 9.4350004196167 9.45100021362305 9.42825031280518 9.40499973297119 9.33699989318848 9.22525024414062 9.24483299255371 9.28224945068359 9.24708366394043 9.25583362579346 9.2522497177124 9.23591613769531 9.20641708374023 9.14933300018311 9.17691707611084 9.26158332824707 9.25716686248779 9.30041694641113 9.426833152771 9.58316612243652 9.75083351135254 9.91733360290527 10.0198335647583 10.1090831756592 10.1439170837402 10.2739162445068 10.1631669998169 10.1643333435059 10.2077493667603 10.3535003662109 10.4392499923706 10.5446662902832 10.6612501144409 10.722749710083 10.8015003204346 10.7692499160767 10.5298337936401
9.65508365631104 9.69600009918213 9.55516624450684 9.62791633605957 9.85741710662842 9.75075054168701 10.0333337783813 9.91858291625977 9.78824996948242 9.7720832824707 9.70466709136963 9.61516666412354 9.53066635131836 9.40558338165283 9.43516635894775 9.44141674041748 9.46308326721191 9.46275043487549 9.45174980163574 9.43333339691162 9.39375019073486 9.28141689300537 9.3241662979126 9.30900001525879 9.29283332824707 9.25683307647705 9.24191665649414 9.24524974822998 9.13958358764648 9.09675025939941 9.12825012207031 9.29833316802979 9.3100004196167 9.34675025939941 9.35283374786377 9.49233341217041 9.74874973297119 9.91775035858154 10.0223331451416 10.0924997329712 10.0545835494995 10.1512498855591 10.1575002670288 10.154167175293 10.2174997329712 10.2950000762939 10.3920831680298 10.5121669769287 10.64674949646 10.7195835113525 10.7802505493164 10.5845003128052 10.4959993362427
9.35616683959961 9.50091648101807 9.50966644287109 9.44566631317139 9.71516609191895 9.86649990081787 9.73799991607666 9.67441654205322 9.58524990081787 9.71458339691162 9.61991691589355 9.52833366394043 9.41208362579346 9.364333152771 9.41233348846436 9.41866683959961 9.48766708374023 9.48425006866455 9.46583366394043 9.36883354187012 9.36400032043457 9.38558292388916 9.38341617584229 9.43858337402344 9.38249969482422 9.40283298492432 9.31783294677734 9.22875022888184 9.15433311462402 9.00675010681152 9.05650043487549 9.18683338165283 9.26716613769531 9.32733345031738 9.39816665649414 9.53608322143555 9.65608310699463 9.81116676330566 9.98266696929932 9.99841690063477 9.9799165725708 10.0388326644897 10.0784997940063 10.1042499542236 10.166166305542 10.1630001068115 10.322416305542 10.5179166793823 10.6301670074463 10.6616668701172 10.7671661376953 10.6540002822876 10.4806671142578
9.55366611480713 9.426833152771 9.3038330078125 9.291916847229 9.62166690826416 9.59483337402344 9.53833293914795 9.6870002746582 9.71500015258789 9.6470832824707 9.51391696929932 9.36324977874756 9.30816650390625 9.37366676330566 9.40333366394043 9.40974998474121 9.46424961090088 9.5317497253418 9.40233325958252 9.50724983215332 9.51683330535889 9.50275039672852 9.60708332061768 9.5086669921875 9.52266693115234 9.55066680908203 9.40100002288818 9.27108287811279 9.10175037384033 8.9905834197998 8.9819164276123 9.09333324432373 9.20333385467529 9.29608345031738 9.41133308410645 9.51358318328857 9.61625003814697 9.71983337402344 9.83866691589355 9.96791648864746 9.92133331298828 9.97449970245361 10.0386667251587 10.0485830307007 10.0885829925537 10.1577501296997 10.3730001449585 10.5054998397827 10.5879163742065 10.6332502365112 10.5349998474121 10.5364999771118 10.5015001296997
9.56824970245361 9.6646671295166 9.66608333587646 9.33633327484131 9.4174165725708 9.44400024414062 9.77016639709473 9.81758308410645 9.76566696166992 9.67924976348877 9.51233291625977 9.40291690826416 9.3836669921875 9.51933288574219 9.47883319854736 9.47674942016602 9.51816654205322 9.48033332824707 9.47858333587646 9.62533378601074 9.68683338165283 9.81608295440674 9.6877498626709 9.60683345794678 9.55341625213623 9.52691650390625 9.47700023651123 9.333083152771 9.19008350372314 9.05741691589355 9.0538330078125 9.1445837020874 9.23091697692871 9.28591632843018 9.40266704559326 9.53191661834717 9.65991687774658 9.72799968719482 9.80608367919922 9.86600017547607 9.98274993896484 9.94308280944824 10.0494995117188 10.0495834350586 10.1223335266113 10.2756671905518 10.3772497177124 10.4700832366943 10.5246667861938 10.5879163742065 10.5507497787476 10.5601663589478 10.4787502288818
9.50058364868164 9.81774997711182 9.61100006103516 9.30500030517578 9.43641662597656 9.79500007629395 9.7904167175293 9.75408363342285 9.76466655731201 9.78008365631104 9.7165002822876 9.65275001525879 9.58941650390625 9.61841678619385 9.64599990844727 9.68175029754639 9.66391658782959 9.59308338165283 9.66591644287109 9.64908313751221 9.87108325958252 9.81516647338867 9.76566696166992 9.70166683197021 9.70158290863037 9.6569995880127 9.57549953460693 9.48716640472412 9.39150047302246 9.27508354187012 9.25583362579346 9.28891658782959 9.34841632843018 9.37891674041748 9.41899967193604 9.54658317565918 9.68633365631104 9.75616645812988 9.86450004577637 9.93200016021729 9.98641681671143 9.98474979400635 10.0722503662109 10.1295833587646 10.2059164047241 10.2792501449585 10.362416267395 10.4337501525879 10.4615001678467 10.4800834655762 10.4525003433228 10.4598331451416 10.4282503128052
9.59758377075195 9.59641647338867 9.56966686248779 9.38383293151855 9.46891689300537 9.66158294677734 9.82033348083496 9.76208305358887 9.80991649627686 9.88924980163574 9.76491641998291 9.71175003051758 9.77116680145264 9.82775020599365 9.90733337402344 9.87866687774658 9.78999996185303 9.76191711425781 9.69216632843018 9.69725036621094 9.73891639709473 9.79366683959961 9.85774993896484 9.78741645812988 9.75791645050049 9.69591617584229 9.64449977874756 9.68175029754639 9.66924953460693 9.58091640472412 9.51716709136963 9.49224948883057 9.44149971008301 9.49166679382324 9.54841709136963 9.68183326721191 9.75058364868164 9.82783317565918 9.90225028991699 9.94158363342285 9.95349979400635 10.0160837173462 10.0955829620361 10.1613330841064 10.2387504577637 10.293083190918 10.3384170532227 10.4080839157104 10.4120836257935 10.3401670455933 10.3734169006348 10.4159994125366 10.3836669921875
9.44400024414062 9.61391639709473 9.66708278656006 9.45666694641113 9.77075004577637 9.78883361816406 9.79716682434082 9.87158298492432 9.90766620635986 9.92991638183594 9.85099983215332 9.77799987792969 9.88941669464111 9.88633346557617 9.98149967193604 10.0080833435059 9.95425033569336 9.86291694641113 9.7926664352417 9.81008338928223 9.68616676330566 9.69291687011719 9.77933311462402 9.82541656494141 9.80558300018311 9.7792501449585 9.81941699981689 9.89200019836426 9.80933380126953 9.75333309173584 9.68883323669434 9.62708282470703 9.60658359527588 9.66324996948242 9.71716690063477 9.8080005645752 9.85900020599365 9.88558292388916 9.93391704559326 9.98541641235352 10.0004997253418 10.0043334960938 10.0299167633057 10.1353330612183 10.2525835037231 10.277250289917 10.3100833892822 10.3137502670288 10.2352495193481 10.2641668319702 10.3292503356934 10.3341665267944 10.303750038147
9.50100040435791 9.53383350372314 9.71391677856445 9.60149955749512 9.86350059509277 9.82658290863037 9.84816646575928 9.91258335113525 9.99466609954834 10.0780830383301 9.95225048065186 9.86891651153564 9.84166717529297 10.1429996490479 10.3071670532227 10.1437501907349 10.1424169540405 10.0848331451416 9.98366641998291 9.87483310699463 9.76900005340576 9.70583343505859 9.72824954986572 9.80341625213623 9.90383338928223 9.9781665802002 10.0001668930054 10.0126667022705 9.97266674041748 9.85083293914795 9.7814998626709 9.73091697692871 9.73324966430664 9.74583339691162 9.78858280181885 9.87966632843018 9.89491653442383 9.92150020599365 9.95650005340576 9.99516677856445 10.0320835113525 10.0256662368774 10.0110836029053 10.0661668777466 10.1540002822876 10.1985836029053 10.2017498016357 10.1370000839233 10.132833480835 10.1614999771118 10.2115831375122 10.2457504272461 10.25
9.64500045776367 9.51058292388916 9.62674999237061 9.73274993896484 9.7993335723877 9.82050037384033 9.90174961090088 10.0187501907349 10.103666305542 10.1365833282471 10.0625 10.0898332595825 10.0319166183472 10.2300834655762 10.2661666870117 10.1811666488647 10.1797504425049 10.1754999160767 10.0930833816528 10.0742502212524 9.93183326721191 9.80558300018311 9.84666728973389 9.89241695404053 9.94508361816406 10.0593338012695 10.1564998626709 10.2069997787476 10.0065002441406 9.87658309936523 9.85149955749512 9.82716655731201 9.85225009918213 9.79774951934814 9.83399963378906 9.90883350372314 9.92074966430664 9.9692497253418 9.98091697692871 9.99566650390625 9.9694995880127 10.0299997329712 10.0195837020874 10.0585832595825 10.0829172134399 10.136833190918 10.1169166564941 10.0740833282471 10.0779161453247 10.1080827713013 10.1499996185303 10.1767501831055 10.3004159927368
9.59316635131836 9.65799999237061 9.61391639709473 9.71158313751221 9.91374969482422 9.9707498550415 10.1079998016357 10.1908330917358 10.1963329315186 10.1158332824707 10.0944166183472 10.0452499389648 10.2059164047241 10.1389999389648 10.1452503204346 10.1761665344238 10.2079162597656 10.1753330230713 10.1280832290649 10.0972499847412 9.98666667938232 9.87333297729492 9.84658336639404 9.90900039672852 9.95283317565918 10.0001668930054 10.1237497329712 10.1580829620361 10.0523328781128 9.94025039672852 9.89691638946533 9.88675022125244 9.93175029754639 9.90233325958252 9.9176664352417 9.98258304595947 10.0261669158936 9.98608303070068 9.97383308410645 9.98108291625977 9.98783302307129 10.0319166183472 10.0645837783813 10.0690832138062 10.0675001144409 10.0899171829224 10.1191663742065 10.125 10.134916305542 10.1179170608521 10.2019996643066 10.2928333282471 10.3120002746582
9.50174999237061 9.62641716003418 9.6046667098999 9.72375011444092 9.76841640472412 9.9774169921875 10.1750001907349 10.3486671447754 10.271333694458 10.028416633606 10.1479997634888 10.2693328857422 10.1832504272461 10.0995836257935 10.0742502212524 10.160249710083 10.1401662826538 10.1876668930054 10.2110004425049 10.1193332672119 10.0367498397827 9.94850063323975 9.92266654968262 9.96399974822998 9.96158313751221 9.99125003814697 10.0204172134399 10.0159997940063 9.95083332061768 9.91358375549316 9.84899997711182 9.8772497177124 9.89816665649414 9.92408275604248 9.91816711425781 10.0241670608521 10.0568332672119 10.0357494354248 9.99641704559326 9.99066638946533 10.0520830154419 10.0805835723877 10.0858335494995 10.1794996261597 10.1965827941895 10.216833114624 10.2209167480469 10.2045001983643 10.2650833129883 10.2843332290649 10.3266668319702 10.3185005187988 10.3181667327881
