layers/avg_1930_tmin0.asc
NCOLS 292 
NROWS 291 
XLLCORNER -87.6458333327872 
YLLCORNER 24.4791666666667 
CELLSIZE 0.0416666666669039 
NODATA_value -3.4e+38 
[rows 48 to 71 of 291, columns 53 to 105 of 292]
9.0111665725708 9.07699966430664 9.15050029754639 9.19583320617676 9.3122501373291 9.5081672668457 9.61674976348877 9.3524169921875 9.57708358764648 9.71166706085205 9.63724994659424 9.55908393859863 9.58275032043457 9.70524978637695 9.81958293914795 9.94458293914795 10.0283336639404 10.0386667251587 10.0038328170776 9.881667137146 9.65008354187012 9.55783367156982 9.49374961853027 9.37325000762939 9.02041625976562 8.67033290863037 8.12716674804688 7.92974996566772 7.12424993515015 7.69158315658569 8.55299949645996 8.84608364105225 8.90683364868164 8.93408298492432 8.8444995880127 8.62908363342285 8.41800022125244 8.20874977111816 8.09483337402344 7.92783355712891 7.89208316802979 8.18916606903076 8.25483322143555 8.3973331451416 8.50758361816406 8.48841667175293 8.47683334350586 8.67475032806396 8.8569164276123 9.31708335876465 9.6242504119873 9.8008337020874 9.92000007629395
8.88475036621094 9.06791687011719 9.09241676330566 9.21500015258789 9.16291618347168 9.37483310699463 9.43283367156982 9.15508365631104 9.33791637420654 9.70583343505859 9.49483299255371 9.54858303070068 9.61008358001709 9.6448335647583 9.85683345794678 9.89058303833008 9.98200035095215 9.97908306121826 9.92133331298828 9.88700008392334 9.77449989318848 9.72233295440674 9.66224956512451 9.47233295440674 8.94174957275391 7.46425008773804 7.39766645431519 8.46974945068359 8.49616622924805 8.69241619110107 8.80741691589355 8.88983345031738 9.03408336639404 9.0444164276123 8.94741630554199 8.83450031280518 8.71591663360596 8.41366672515869 8.17574977874756 7.98699998855591 8.17224979400635 8.44583320617676 8.53775024414062 8.6879997253418 8.64841651916504 8.89150047302246 8.97558307647705 9.08874988555908 9.31816673278809 9.60083293914795 9.83524990081787 9.82374954223633 9.8236665725708
8.98158359527588 8.98841667175293 9.1681661605835 9.16891670227051 9.27700042724609 9.35591697692871 9.31525039672852 9.47141647338867 9.83583354949951 9.96074962615967 9.56258296966553 9.57183361053467 9.6758337020874 9.75349998474121 9.8373327255249 9.84741687774658 9.93325042724609 9.95416641235352 9.84766674041748 9.76841640472412 9.75675010681152 9.70241641998291 9.61800003051758 9.55708312988281 9.51500034332275 9.23175048828125 7.46966648101807 8.64350032806396 8.82324981689453 8.93191719055176 8.90199947357178 8.92366695404053 9.02916622161865 9.09475040435791 9.04033374786377 8.92766666412354 8.78291702270508 8.74524974822998 8.53649997711182 8.37891674041748 8.31725025177002 8.38974952697754 8.77241611480713 8.77658367156982 8.99324989318848 8.98616695404053 9.27366638183594 9.50083351135254 9.4491662979126 9.73641681671143 9.78025054931641 9.95674991607666 9.92483329772949
9.13116645812988 9.12958335876465 9.11050033569336 9.15141677856445 9.40941619873047 9.4570837020874 9.32075023651123 9.73591709136963 9.66925048828125 9.7594165802002 9.54058361053467 9.6140832901001 9.68083381652832 9.84433364868164 9.85741710662842 9.82483291625977 9.90408325195312 9.8930835723877 9.86891651153564 9.75683307647705 9.70199966430664 9.64700031280518 9.62208366394043 9.4824161529541 9.5734167098999 9.60908317565918 9.30258369445801 9.02099990844727 9.07075023651123 9.08066654205322 9.03483295440674 9.0756664276123 9.07225036621094 9.15916728973389 9.14050006866455 9.06583309173584 9.15499973297119 8.93000030517578 8.97183322906494 8.87883281707764 8.69133281707764 8.80749988555908 8.93499946594238 8.98733329772949 9.11224937438965 9.43616676330566 9.68833351135254 9.71408367156982 9.58341693878174 9.78283309936523 9.70674991607666 9.9550838470459 10.0129165649414
9.15258312225342 9.25308322906494 9.0620002746582 9.32750034332275 9.57849979400635 9.67975044250488 9.68875026702881 9.85666656494141 9.72708320617676 9.71450042724609 9.75991630554199 9.74549961090088 9.74966621398926 9.92491626739502 9.91866683959961 9.86283302307129 9.87841606140137 9.87608337402344 9.87108325958252 9.76308345794678 9.75008296966553 9.75325012207031 9.58383369445801 9.54233360290527 9.56308364868164 9.74683380126953 9.69225025177002 9.44466686248779 9.3239164352417 9.25391674041748 9.29591655731201 9.18341636657715 9.19308280944824 9.26233291625977 9.34749984741211 9.37533378601074 9.32575035095215 9.36983394622803 9.34558296203613 9.16508388519287 9.1069164276123 9.194167137146 9.05725002288818 9.11566638946533 9.41658306121826 9.68391704559326 9.66383361816406 9.56599998474121 9.75241661071777 9.86324977874756 9.89149951934814 9.85875034332275 9.65841674804688
9.28208351135254 9.30116653442383 9.30274963378906 9.40033340454102 9.71966648101807 9.78491687774658 9.88658332824707 9.84316635131836 9.83975028991699 9.79825019836426 9.94741630554199 9.85508346557617 9.82750034332275 9.91416645050049 9.90416622161865 9.91908359527588 9.91033363342285 9.88941669464111 9.84408283233643 9.79391670227051 9.80758380889893 9.80666637420654 9.67916679382324 9.66533374786377 9.79374980926514 9.83541679382324 9.95516681671143 9.64325046539307 9.56966686248779 9.59850025177002 9.58575057983398 9.4060001373291 9.46783351898193 9.45874977111816 9.56124973297119 9.54558372497559 9.49049949645996 9.60283374786377 9.67983341217041 9.55733299255371 9.51691722869873 9.36808300018311 9.24658298492432 9.47475051879883 9.52050018310547 9.8010835647583 9.84816646575928 9.76875019073486 9.87641620635986 10.0933332443237 9.97383308410645 9.8209171295166 9.63300037384033
9.2480001449585 9.22133350372314 9.35741710662842 9.354416847229 9.44575023651123 9.84416675567627 9.92533302307129 9.91816711425781 9.88525009155273 9.96866703033447 9.80316638946533 9.84508323669434 9.80216693878174 9.81900024414062 9.91208362579346 9.98966693878174 10.0309162139893 10.046667098999 10.049916267395 9.7006664276123 9.83841705322266 9.90316677093506 9.80099964141846 9.79283332824707 9.92491626739502 10.0308332443237 10.2622499465942 10.1650838851929 9.97433376312256 9.87816715240479 9.79233360290527 9.63708305358887 9.49808311462402 9.39358329772949 9.4997501373291 9.68808364868164 9.72241687774658 9.75583362579346 9.73725032806396 9.77824974060059 9.91524982452393 9.75308322906494 9.66933345794678 9.76483345031738 9.84783363342285 9.96741676330566 10.0511665344238 10.1145830154419 10.0348329544067 10.1307497024536 9.97491645812988 9.94283294677734 9.83599948883057
9.10391616821289 9.20166683197021 9.50816631317139 9.67058372497559 9.77333354949951 9.84949970245361 9.89175033569336 9.88308334350586 9.88716697692871 9.85474967956543 9.86950016021729 9.91024971008301 9.82133388519287 9.90591716766357 10.0784997940063 10.1379165649414 10.1540002822876 9.93375015258789 9.91866683959961 9.8303337097168 10.0803337097168 10.0349998474121 9.8214168548584 10.0183334350586 10.2050828933716 10.3042497634888 10.3471670150757 10.3062505722046 10.314416885376 10.0950002670288 9.90666675567627 9.78474998474121 9.68875026702881 9.4064998626709 9.53891658782959 9.65250015258789 9.72675037384033 9.73958301544189 9.64725017547607 9.6986665725708 9.98174953460693 9.98925018310547 9.84283351898193 9.98608303070068 10.0678339004517 10.1660833358765 10.1873331069946 10.1476669311523 10.2137498855591 10.2484998703003 10.0375833511353 9.98991680145264 9.92216682434082
9.54850006103516 9.52075004577637 9.73333358764648 9.81166648864746 9.74024963378906 9.833083152771 9.7586669921875 9.78474998474121 9.88199996948242 9.8655834197998 9.87058353424072 9.88333320617676 9.88483333587646 10.0275831222534 10.1050834655762 10.1191673278809 10.1905002593994 10.2004995346069 10.1513328552246 10.0649995803833 10.1408338546753 10.2297496795654 10.3174171447754 10.3754167556763 10.2120838165283 10.0354166030884 10.1885833740234 10.0892496109009 10.0548334121704 10.0480833053589 9.93516635894775 9.70608329772949 9.70966625213623 9.78783321380615 9.73624992370605 9.73699951171875 9.76941680908203 9.74916648864746 9.72708320617676 9.85025024414062 9.98341655731201 10.1341667175293 10.1244163513184 10.1885004043579 10.1032495498657 10.1263332366943 10.1894998550415 10.2049999237061 10.282000541687 10.1675834655762 10.1022500991821 9.86499977111816 9.77891635894775
9.68408393859863 9.68466663360596 9.76399993896484 9.7926664352417 9.74908351898193 9.80008316040039 9.76666641235352 9.75141716003418 9.85449981689453 9.85341644287109 9.8152494430542 9.84375 9.94575023651123 10.0572500228882 10.0105829238892 10.0920829772949 10.2149171829224 10.1940002441406 10.2251663208008 10.1476669311523 10.2787504196167 10.3387498855591 10.2350835800171 10.2173337936401 10.2279996871948 10.1968336105347 10.1294164657593 10.1805830001831 10.1089162826538 10.1318330764771 10.0060834884644 9.88949966430664 10.0226669311523 9.9575834274292 9.94391632080078 9.88733291625977 9.86991691589355 9.86450004577637 9.98866653442383 10.0774164199829 10.1921663284302 10.2524166107178 10.3406667709351 10.3335828781128 10.2499170303345 10.2502498626709 10.2664165496826 10.2823333740234 10.2869167327881 10.1546669006348 10.2058334350586 10.12975025177 10.0570831298828
9.69166660308838 9.76025009155273 9.69033336639404 9.73099994659424 9.71158313751221 9.74691677093506 9.7180004119873 9.69699954986572 9.80266666412354 9.88399982452393 9.85875034332275 9.86083316802979 9.84516620635986 10.0204162597656 9.97900009155273 10.06725025177 10.1300001144409 10.1232500076294 10.2366666793823 10.3254165649414 10.3275833129883 10.3340835571289 10.2282495498657 10.2934169769287 10.3235836029053 10.2730827331543 10.2624168395996 10.3482494354248 10.2271671295166 10.2356672286987 9.85616683959961 9.83874988555908 10.1353330612183 10.083833694458 9.9459171295166 9.87150001525879 9.94324970245361 10.1097497940063 10.0043334960938 10.2009172439575 10.302583694458 10.4049997329712 10.4204998016357 10.4255828857422 10.4063339233398 10.362416267395 10.3344163894653 10.3584995269775 10.3606662750244 10.3410835266113 10.330249786377 10.1869163513184 10.1770000457764
9.61324977874756 9.52591705322266 9.63466644287109 9.71258354187012 9.65283298492432 9.64233303070068 9.66625022888184 9.68116664886475 9.8259162902832 9.90166664123535 9.85433292388916 9.86416625976562 9.8571662902832 9.87458324432373 9.93116664886475 10.0339164733887 10.1315002441406 10.1961669921875 10.3421669006348 10.3978328704834 10.3462505340576 10.3783330917358 10.4471664428711 10.3979997634888 10.3544998168945 10.426833152771 10.3523330688477 10.3350830078125 10.2562503814697 10.2899169921875 9.99333381652832 10.2592496871948 10.3521671295166 10.2223339080811 9.93458366394043 9.9174165725708 10.05774974823 10.2494163513184 10.2610836029053 10.4073333740234 10.4516668319702 10.4574165344238 10.4721670150757 10.4925003051758 10.481333732605 10.4625835418701 10.4879999160767 10.5391664505005 10.4575834274292 10.3842496871948 10.5025835037231 10.4278335571289 10.1820831298828
9.50883293151855 9.51991653442383 9.56133365631104 9.61141681671143 9.62283325195312 9.59941673278809 9.60799980163574 9.66549968719482 9.81066608428955 9.86041641235352 9.86124992370605 9.84058284759521 9.91674995422363 10.0089998245239 10.1140832901001 10.140417098999 10.1545000076294 10.2569999694824 10.353666305542 10.3306665420532 10.2681665420532 10.4172496795654 10.4777498245239 10.4028329849243 10.4141664505005 10.1432495117188 10.0821666717529 10.1022500991821 10.3318328857422 10.2347497940063 10.2196664810181 10.4516668319702 10.4343338012695 10.2054166793823 10.111499786377 9.95858383178711 10.0035839080811 10.2160835266113 10.4383335113525 10.5134172439575 10.5840835571289 10.6271667480469 10.632833480835 10.6553335189819 10.6999998092651 10.7003335952759 10.6780834197998 10.6908330917358 10.5590829849243 10.5989999771118 10.6923332214355 10.4957494735718 10.2739162445068
-3.4e+38 9.44508361816406 9.50416660308838 9.61050033569336 9.63733291625977 9.58016681671143 9.60725021362305 9.6557502746582 9.81583309173584 9.87983322143555 9.93991661071777 9.99141693115234 10.0958337783813 10.138500213623 10.1367502212524 10.1412496566772 10.1601667404175 10.3000001907349 10.3540830612183 10.3509168624878 10.4523334503174 10.5142498016357 10.4895830154419 10.1878337860107 10.3715829849243 10.1675004959106 10.1737499237061 10.3253335952759 10.271333694458 10.3495836257935 10.412166595459 10.6175003051758 10.5655002593994 10.3937501907349 10.3347501754761 10.2540836334229 10.2539167404175 10.373833656311 10.4974994659424 10.4993333816528 10.6116666793823 10.6781663894653 10.6887502670288 10.7106666564941 10.7552499771118 10.8173332214355 10.8329162597656 10.7449169158936 10.7190837860107 10.8106660842896 10.9479160308838 10.6373338699341 10.357250213623
-3.4e+38 9.28866672515869 9.41925048828125 9.50749969482422 9.62775039672852 9.53533363342285 9.5629997253418 9.75799942016602 9.87141704559326 9.87808322906494 9.92549991607666 10.0655832290649 10.049750328064 10.0844163894653 10.0683336257935 10.0910835266113 10.2175006866455 10.310417175293 10.3334169387817 10.4160833358765 10.5799999237061 10.6523332595825 10.6182498931885 10.502833366394 10.609582901001 10.6619997024536 10.6371669769287 10.5273332595825 10.7050838470459 10.6722497940063 10.4780836105347 10.4974164962769 10.4896669387817 10.4501667022705 10.4171667098999 10.383749961853 10.3839168548584 10.4203329086304 10.4349994659424 10.5049171447754 10.6467504501343 10.7189998626709 10.7023334503174 10.731333732605 10.7895002365112 10.816499710083 10.9294166564941 10.9264163970947 10.8769998550415 10.9639167785645 11.0004997253418 10.8167505264282 10.3569173812866
-3.4e+38 9.24491691589355 9.32900047302246 9.47191715240479 9.45591640472412 9.45666694641113 9.51749992370605 9.74316692352295 9.91116714477539 9.9692497253418 9.99533367156982 10.1032495498657 10.0544166564941 10.0050830841064 10.0172500610352 10.1054162979126 10.1850004196167 10.2411670684814 10.3579168319702 10.5134172439575 10.6507501602173 10.7545833587646 10.8070001602173 10.8293333053589 10.7974996566772 10.8360004425049 10.623083114624 10.7757501602173 10.8965835571289 10.6185827255249 10.7250003814697 10.6216669082642 10.5909996032715 10.5558338165283 10.4864168167114 10.512749671936 10.5130004882812 10.4779996871948 10.5120000839233 10.5698337554932 10.6708335876465 10.7307500839233 10.7605829238892 10.8008337020874 10.8579168319702 10.8684997558594 10.9427499771118 10.7240839004517 11.0032501220703 11.1440839767456 11.1399173736572 10.952166557312 10.7503328323364
-3.4e+38 8.81391620635986 8.97700023651123 9.20166683197021 9.19833374023438 9.22300052642822 9.27458381652832 9.67850017547607 10.0701665878296 10.155083656311 10.2100839614868 10.2324171066284 10.0953330993652 10.0288333892822 10.0773334503174 10.2765836715698 10.2530002593994 10.304666519165 10.4450836181641 10.6049165725708 10.773416519165 10.8735837936401 10.867166519165 10.8897495269775 10.9001665115356 10.7846670150757 10.8421659469604 10.7682495117188 10.7736663818359 10.7759170532227 10.7976665496826 10.7737503051758 10.7174167633057 10.5799999237061 10.5073337554932 10.4755001068115 10.5458335876465 10.591833114624 10.5514163970947 10.688250541687 10.6583337783813 10.6504163742065 10.6639995574951 10.7529163360596 10.8124170303345 10.8859167098999 11.02649974823 11.0661668777466 11.0178337097168 11.0243330001831 11.0400829315186 10.8752498626709 10.8543329238892
-3.4e+38 8.51566696166992 8.57933330535889 8.66125011444092 8.89208316802979 8.99475002288818 9.14016723632812 9.31874942779541 9.80341625213623 9.98866653442383 10.1758337020874 10.205249786377 10.0857496261597 10.1094160079956 10.3520832061768 10.4595832824707 10.484167098999 10.5305004119873 10.601583480835 10.7230834960938 10.8742504119873 10.9088335037231 10.9408330917358 11.001916885376 11.0416669845581 11.0358333587646 10.9469165802002 10.9917497634888 10.9617500305176 10.8400001525879 10.8310832977295 10.7796669006348 10.8427495956421 10.6776666641235 10.4975833892822 10.4279165267944 10.4243335723877 10.5452499389648 10.63450050354 10.7260837554932 10.6241664886475 10.6252498626709 10.6125831604004 10.6106662750244 10.7059164047241 10.8225831985474 10.972749710083 11.0769166946411 11.1355829238892 10.8947496414185 10.8195829391479 10.7188339233398 10.6242504119873
-3.4e+38 -3.4e+38 8.43400001525879 8.53233337402344 8.65049934387207 8.72216701507568 9.04483318328857 9.1021671295166 9.45183277130127 9.91733360290527 10.0142498016357 10.2599172592163 10.0846662521362 10.1287498474121 10.3910837173462 10.4619998931885 10.4610834121704 10.5758333206177 10.6213331222534 10.708083152771 10.9118328094482 10.9997501373291 11.0094165802002 11.0711669921875 11.0789165496826 11.0554170608521 11.0629167556763 11.0128335952759 10.9589166641235 10.9089994430542 10.8988332748413 10.8474168777466 10.7518329620361 10.636833190918 10.5735836029053 10.5240001678467 10.4165000915527 10.4378328323364 10.5243330001831 10.6366662979126 10.6709995269775 10.5970830917358 10.6068334579468 10.6257495880127 10.7163333892822 10.8824167251587 10.974666595459 10.9987497329712 11.0048332214355 11.0469169616699 11.0173330307007 10.5487499237061 10.4721660614014
-3.4e+38 -3.4e+38 8.65466690063477 8.67266654968262 8.71633338928223 8.85383319854736 8.80008316040039 9.10141658782959 9.47208309173584 9.94525051116943 10.0559167861938 10.19225025177 10.2785835266113 10.3793334960938 10.4679164886475 10.5147504806519 10.5103330612183 10.8229169845581 10.8248329162598 10.8829164505005 10.9408330917358 11.0845003128052 11.0950832366943 11.1214170455933 11.1141672134399 11.1355838775635 11.0767498016357 11.0552501678467 11.0555000305176 10.9820833206177 10.9569997787476 10.7683334350586 10.6102504730225 10.5850830078125 10.6410827636719 10.5330829620361 10.5042495727539 10.4303331375122 10.5073337554932 10.6021661758423 10.5993328094482 10.5809164047241 10.612250328064 10.7113332748413 10.7652502059937 10.8502502441406 10.9150829315186 10.9705829620361 10.9479169845581 10.9811668395996 11.005916595459 10.5065002441406 10.3551664352417
-3.4e+38 -3.4e+38 8.81891632080078 8.68908309936523 8.61733341217041 8.66975021362305 8.64750003814697 9.03408336639404 9.58250045776367 9.95891666412354 10.1774997711182 10.4701671600342 10.5540838241577 10.5100831985474 10.5238332748413 10.7067499160767 10.9928331375122 11.014666557312 10.9896669387817 10.9978332519531 11.0427503585815 11.1648330688477 11.1672496795654 11.1705827713013 11.1999998092651 11.2151670455933 11.2130832672119 11.2170000076294 11.1065835952759 10.9499168395996 10.9347505569458 10.8090000152588 10.6025838851929 10.5251665115356 10.6669998168945 10.4843330383301 10.4196662902832 10.4761667251587 10.4951667785645 10.5575838088989 10.5483331680298 10.5982503890991 10.6715002059937 10.7597503662109 10.7845001220703 10.8000001907349 10.8764171600342 10.9495000839233 10.8870000839233 10.905499458313 10.9390830993652 10.7102499008179 10.3642501831055
-3.4e+38 -3.4e+38 8.82999992370605 8.83991718292236 8.64616680145264 8.44324970245361 8.6537504196167 9.04450035095215 9.56858348846436 9.92416667938232 10.2073335647583 10.6486663818359 10.7223329544067 10.5749998092651 10.6544170379639 10.9897499084473 11.0448331832886 10.793083190918 10.9947500228882 10.8303337097168 10.9719171524048 11.1414165496826 11.217583656311 11.2476663589478 11.4210834503174 11.2975835800171 11.1273336410522 11.1054162979126 10.9831666946411 10.9093332290649 10.8634996414185 10.719916343689 10.6343336105347 10.4175004959106 10.3989171981812 10.4149169921875 10.2860832214355 10.3764162063599 10.4213333129883 10.4926671981812 10.5132493972778 10.6213331222534 10.7184171676636 10.7660837173462 10.8071670532227 10.8441667556763 10.8517503738403 10.8443336486816 10.9090003967285 10.8574171066284 10.8336668014526 10.6965837478638 10.3914165496826
-3.4e+38 -3.4e+38 8.83683300018311 8.34133338928223 8.52266693115234 8.73766708374023 9.12991619110107 9.3529167175293 9.6473331451416 9.92391681671143 10.3324165344238 10.5455837249756 10.575083732605 10.4848337173462 10.5754995346069 10.7340002059937 10.4851665496826 10.6714162826538 10.3248329162598 10.4055004119873 10.5059995651245 10.7609167098999 11.0066661834717 11.5474166870117 11.488166809082 11.1705837249756 11.250750541687 11.0278329849243 10.918083190918 10.8074169158936 10.7139167785645 10.6812496185303 10.5273332595825 10.6286668777466 10.5020837783813 10.2346668243408 10.1409168243408 10.262583732605 10.3692502975464 10.4388332366943 10.4991664886475 10.5550832748413 10.6871662139893 10.7522497177124 10.7830829620361 10.7981662750244 10.8217496871948 10.8352499008179 10.7586669921875 10.6966667175293 10.6663331985474 10.6059169769287 10.3356666564941
-3.4e+38 -3.4e+38 -3.4e+38 8.72258377075195 8.93391704559326 9.16125011444092 9.44058322906494 9.64466667175293 9.69583320617676 9.99741649627686 10.4095830917358 10.6577501296997 10.6983327865601 10.8905000686646 10.7034997940063 10.2889165878296 9.98533344268799 10.2451667785645 10.5504169464111 10.3481664657593 10.7292499542236 11.112250328064 11.5147504806519 11.6477499008179 11.4570837020874 11.5069999694824 11.27649974823 11.1440830230713 11.2124166488647 10.8513336181641 10.6818332672119 10.4572505950928 10.5123329162598 10.5392503738403 10.4352502822876 10.3501663208008 10.1628332138062 10.246000289917 10.3254995346069 10.3795003890991 10.5325002670288 10.6465005874634 10.7015838623047 10.7487497329712 10.7751665115356 10.7721672058105 10.7719163894653 10.7425832748413 10.7059164047241 10.6374998092651 10.5519170761108 10.5181665420532 10.5142498016357
