layers/avg_2014_tmean0.asc
NCOLS 292 
NROWS 291 
XLLCORNER -87.6458333327872 
YLLCORNER 24.4791666666667 
CELLSIZE 0.0416666666669039 
NODATA_value -3.4e+38 
[rows 24 to 47 of 291, columns 159 to 211 of 292]
14.5141668319702 14.497917175293 14.4624996185303 14.3237495422363 14.2399997711182 14.1566667556763 14.1549997329712 14.0737495422363 14.0287504196167 14.0241670608521 14.1099996566772 14.0341663360596 14.0554170608521 13.9404163360596 14.1220836639404 14.3520832061768 14.4625005722046 14.4650001525879 14.5645837783813 14.6908330917358 14.6083335876465 14.5454168319702 14.5104160308838 14.5820837020874 14.7124996185303 14.8150005340576 14.5995836257935 14.5462503433228 14.6175003051758 14.6829166412354 14.8391666412354 14.8874998092651 14.837082862854 14.7391662597656 14.7145833969116 14.6954164505005 14.6754169464111 14.6766672134399 14.7025003433228 14.7033338546753 14.6899995803833 14.6754169464111 14.6945829391479 14.7508335113525 14.7312498092651 14.7429161071777 14.7574996948242 14.8004169464111 14.8275003433228 14.7174997329712 14.7399997711182 14.7608337402344 14.7429161071777
14.577917098999 14.6216669082642 14.5554170608521 14.5237503051758 14.4133329391479 14.3891668319702 14.4145832061768 14.2600002288818 14.158332824707 14.1312503814697 14.216667175293 14.1379165649414 14.0675001144409 14.0916662216187 14.2554168701172 14.3508329391479 14.3933334350586 14.4612503051758 14.6300001144409 14.6987495422363 14.5866670608521 14.5412502288818 14.555832862854 14.5837507247925 14.7858333587646 14.7166662216187 14.6350002288818 14.6400003433228 14.7566661834717 14.7600002288818 14.8854160308838 14.9629163742065 14.9366664886475 14.8833332061768 14.8141660690308 14.772500038147 14.7637500762939 14.7995834350586 14.8312501907349 14.8133335113525 14.9141664505005 14.9041662216187 14.8787498474121 14.9095830917358 14.9283332824707 14.8745832443237 14.9470834732056 15.0491666793823 14.9849996566772 14.9420833587646 14.890417098999 14.8299999237061 14.767915725708
14.5879163742065 14.671667098999 14.6687498092651 14.6233339309692 14.6149997711182 14.577917098999 14.5266666412354 14.546667098999 14.4266662597656 14.3758335113525 14.4583330154419 14.3170833587646 14.3450002670288 14.2566661834717 14.2741661071777 14.3804168701172 14.4145832061768 14.5345830917358 14.6837501525879 14.6712503433228 14.6295833587646 14.7287502288818 14.7195835113525 14.7741670608521 14.9412498474121 14.7362499237061 14.6862497329712 14.6891670227051 14.7449998855591 14.8183336257935 14.9283332824707 14.9887495040894 14.9704170227051 14.9812498092651 14.9650001525879 14.9654169082642 15.0179166793823 15.039999961853 15.0445833206177 15.064582824707 15.0595836639404 15.0633335113525 15.0562496185303 15.0787506103516 15.0645837783813 15.0508337020874 15.1241664886475 15.2358331680298 15.2025003433228 15.078332901001 15.0487499237061 14.9449996948242 14.890417098999
14.6795835494995 14.7124996185303 14.7033338546753 14.6958332061768 14.6937503814697 14.8120832443237 14.7804164886475 14.8374996185303 14.6945829391479 14.6229162216187 14.6820831298828 14.6570835113525 14.5870838165283 14.5716667175293 14.4695835113525 14.5291662216187 14.5570831298828 14.6429166793823 14.7154169082642 14.6504163742065 14.6579170227051 14.8470830917358 14.8766670227051 14.9483337402344 15.1116666793823 14.7841663360596 14.6887502670288 14.7658338546753 14.8312501907349 14.9041662216187 14.9558334350586 15.0512495040894 15.0837497711182 15.0675001144409 15.0679168701172 15.0904169082642 15.1520833969116 15.1666669845581 15.1975002288818 15.1750001907349 15.2075004577637 15.289999961853 15.28125 15.2300004959106 15.220832824707 15.2208337783813 15.1879167556763 15.1850004196167 15.196249961853 15.1683340072632 15.1179170608521 15.1191663742065 15.0391664505005
14.8691663742065 14.8479166030884 14.7983331680298 14.8325004577637 14.8270835876465 14.944167137146 15.0329170227051 14.9770832061768 14.9641666412354 14.9154167175293 14.8675003051758 14.8474998474121 14.7558336257935 14.6849994659424 14.7524995803833 14.6529169082642 14.7291669845581 14.7045831680298 14.9304161071777 14.9566669464111 14.8387498855591 14.8862504959106 14.9058332443237 14.9962501525879 15.1137504577637 14.7670831680298 14.7504167556763 14.8391666412354 14.9487504959106 14.9166669845581 14.9954166412354 15.0566663742065 15.1087503433228 15.1645832061768 15.1333332061768 15.2104167938232 15.2637500762939 15.3074998855591 15.3012495040894 15.2741661071777 15.3241662979126 15.3345832824707 15.321249961853 15.2958335876465 15.335000038147 15.34375 15.2937498092651 15.2370834350586 15.1929168701172 15.1870832443237 15.1712493896484 15.0795831680298 15.1341667175293
15.1508331298828 15.1366672515869 15.0295829772949 14.9337501525879 14.9350004196167 15.0116672515869 15.0600004196167 15.0941667556763 15.0966663360596 15.0362501144409 14.9695835113525 15.0025005340576 14.8970832824707 14.897500038147 14.8941659927368 14.8420829772949 14.8733329772949 14.8108329772949 15.0070829391479 15.1666669845581 15.0608329772949 15.0579166412354 15.0679168701172 15.3175001144409 14.9862499237061 14.8133335113525 14.8820838928223 14.9595832824707 15.0454168319702 14.9737501144409 15.0500001907349 15.1374998092651 15.1912498474121 15.2150001525879 15.1987495422363 15.2733335494995 15.3324995040894 15.3916664123535 15.4133338928223 15.4041662216187 15.4437503814697 15.4037504196167 15.4229164123535 15.4433336257935 15.4591665267944 15.4791669845581 15.4800004959106 15.4604167938232 15.4375 15.390417098999 15.3887500762939 15.3791666030884 15.383749961853
15.3041667938232 15.3162498474121 15.2758331298828 15.2512502670288 15.1916666030884 15.0695829391479 15.0541667938232 15.1149997711182 15.1408338546753 15.0966663360596 15.0200004577637 15.0675001144409 15.047082901001 15.0966663360596 14.8958330154419 14.9075002670288 15.0083332061768 14.9945831298828 15.0950002670288 15.2154169082642 15.0612497329712 15.1037502288818 15.3691663742065 15.1875 14.9958324432373 14.9483337402344 15.0308332443237 15.0504169464111 15.0808334350586 15.0216665267944 15.0733337402344 15.1395835876465 15.1933336257935 15.2554168701172 15.3008337020874 15.4399995803833 15.4145832061768 15.4070835113525 15.3841667175293 15.4258327484131 15.4712495803833 15.5104169845581 15.5462493896484 15.5737495422363 15.5987501144409 15.6241674423218 15.6333341598511 15.6258335113525 15.5720834732056 15.6183338165283 15.6125001907349 15.5470838546753 15.5987501144409
15.34375 15.3429164886475 15.3800001144409 15.4075002670288 15.3645830154419 15.2791662216187 15.2262496948242 15.1591663360596 15.1054162979126 15.0962505340576 15.0699996948242 15.0924997329712 15.1545839309692 15.1679162979126 14.9870834350586 14.9116668701172 15.0191669464111 15.1912498474121 15.25 15.2158336639404 15.2208337783813 15.4250001907349 15.5487499237061 15.303750038147 15.2633333206177 15.2150001525879 15.2945833206177 15.2216663360596 15.2045831680298 15.116250038147 15.0829162597656 15.216667175293 15.2991666793823 15.3295831680298 15.4454164505005 15.4816665649414 15.4850006103516 15.4487504959106 15.4583330154419 15.4670829772949 15.4795837402344 15.553750038147 15.5758333206177 15.631667137146 15.6683330535889 15.7070837020874 15.7179164886475 15.6824998855591 15.7083330154419 15.7000007629395 15.6937503814697 15.6220836639404 15.600417137146
15.3945827484131 15.4095830917358 15.4104166030884 15.3845834732056 15.3845834732056 15.4262504577637 15.4445829391479 15.3887500762939 15.2854166030884 15.1899995803833 15.0991668701172 15.1679162979126 15.2616662979126 15.2479162216187 15.162917137146 15.1424999237061 15.2270832061768 15.3766670227051 15.34375 15.2708330154419 15.375415802002 15.5950002670288 15.6479167938232 15.5629167556763 15.5074996948242 15.4562501907349 15.4579172134399 15.4354162216187 15.3341665267944 15.3299999237061 15.3091669082642 15.4179172515869 15.5354166030884 15.4983329772949 15.4449996948242 15.5016670227051 15.5183334350586 15.5320835113525 15.5699996948242 15.5412502288818 15.5170831680298 15.5841665267944 15.6429166793823 15.7512502670288 15.7954168319702 15.8854169845581 15.9516668319702 15.8883333206177 15.8808326721191 15.8074998855591 15.8120832443237 15.7849998474121 15.7183332443237
15.430832862854 15.4266662597656 15.4087505340576 15.4437494277954 15.4475002288818 15.4520835876465 15.4816665649414 15.4616661071777 15.4837493896484 15.3787498474121 15.297082901001 15.3604164123535 15.375 15.3491668701172 15.3987503051758 15.4250001907349 15.4145832061768 15.4895830154419 15.5450000762939 15.5158338546753 15.6049995422363 15.6700000762939 15.6883335113525 15.6516666412354 15.5679168701172 15.631667137146 15.7429170608521 15.7008333206177 15.6875 15.5 15.4837493896484 15.5429162979126 15.6779165267944 15.6770830154419 15.5595836639404 15.571249961853 15.515417098999 15.4812498092651 15.4750003814697 15.6133327484131 15.5962495803833 15.6995830535889 15.8704166412354 15.962082862854 15.9716663360596 16.0929164886475 16.0949993133545 16.013334274292 16.0362510681152 16.0766677856445 15.9937496185303 15.890417098999 15.859582901001
15.4037494659424 15.3895835876465 15.3862495422363 15.4520835876465 15.4208335876465 15.4625005722046 15.4200000762939 15.4291667938232 15.4991664886475 15.4895830154419 15.4633331298828 15.4541673660278 15.4454164505005 15.4729166030884 15.5116662979126 15.5058336257935 15.571249961853 15.5841665267944 15.6612501144409 15.734582901001 15.7595834732056 15.7604169845581 15.7416667938232 15.6545829772949 15.7416667938232 15.7858333587646 15.8870830535889 15.8504161834717 15.6933336257935 15.609167098999 15.5366668701172 15.5941667556763 15.6904163360596 15.765417098999 15.6458330154419 15.6899995803833 15.6000003814697 15.5308332443237 15.5408334732056 15.5174999237061 15.7016668319702 15.7158336639404 15.8070831298828 15.9270830154419 16.1133327484131 16.2958335876465 16.3679161071777 16.203332901001 16.0533332824707 16.0904159545898 16.094165802002 16.0987491607666 16.0695838928223
15.3833332061768 15.3587503433228 15.3358335494995 15.3670835494995 15.4037504196167 15.3829164505005 15.4841661453247 15.5329170227051 15.5525007247925 15.5108337402344 15.5045833587646 15.547082901001 15.5408334732056 15.5770835876465 15.5770835876465 15.5541667938232 15.6179170608521 15.7204170227051 15.6441669464111 15.75 15.7179164886475 15.7254161834717 15.7904167175293 15.7941665649414 15.8375005722046 15.8858337402344 15.9420833587646 15.8033332824707 15.6662502288818 15.6400003433228 15.5987501144409 15.5662498474121 15.6841669082642 15.6850004196167 15.7775001525879 15.7733335494995 15.7391662597656 15.7058334350586 15.7041664123535 15.600417137146 15.8045835494995 15.8329172134399 15.7741661071777 15.8062496185303 16.013334274292 16.2325000762939 16.40625 16.2141666412354 16.1424999237061 16.155834197998 16.1599998474121 16.1729164123535 16.1333332061768
15.4470834732056 15.3887500762939 15.3604173660278 15.3566665649414 15.3470830917358 15.4445829391479 15.5304164886475 15.6129169464111 15.5999994277954 15.5737504959106 15.5970830917358 15.5741662979126 15.5645837783813 15.5974998474121 15.6179170608521 15.6329164505005 15.6424999237061 15.6591672897339 15.6612501144409 15.6945829391479 15.7116670608521 15.7091665267944 15.7858333587646 15.8629159927368 15.8487501144409 15.8404169082642 15.9079170227051 15.7845830917358 15.8091669082642 15.649582862854 15.6241664886475 15.7016668319702 15.6858329772949 15.6970834732056 15.7641668319702 15.7462501525879 15.7712497711182 15.8149995803833 15.7787494659424 15.7300004959106 15.7008333206177 15.8137502670288 15.7395830154419 15.7887496948242 15.9104166030884 16.1474990844727 16.2720832824707 16.2725009918213 16.2295837402344 16.203332901001 16.216667175293 16.1466655731201 16.0695838928223
15.4145832061768 15.4520835876465 15.4025001525879 15.4258337020874 15.491250038147 15.4929161071777 15.5766668319702 15.6087503433228 15.6279163360596 15.6712493896484 15.6766672134399 15.609582901001 15.587082862854 15.5841665267944 15.5908336639404 15.6345834732056 15.6029167175293 15.6491670608521 15.6791667938232 15.7295827865601 15.7458333969116 15.7654161453247 15.7658338546753 15.78125 15.7883329391479 15.7941665649414 15.8549995422363 15.9416666030884 15.7749996185303 15.7645835876465 15.741250038147 15.875 15.8199996948242 15.7737493515015 15.6575002670288 15.6525001525879 15.7737503051758 15.850417137146 15.8333339691162 15.7550001144409 15.5829162597656 15.6374998092651 15.6170835494995 15.6220836639404 15.7620830535889 15.9729166030884 16.0966663360596 16.1625003814697 16.2308330535889 16.2749996185303 16.3195838928223 16.2270832061768 16.1412506103516
15.3625001907349 15.422082901001 15.4291667938232 15.4020833969116 15.5041666030884 15.5879163742065 15.5779161453247 15.6033334732056 15.6437501907349 15.7229166030884 15.6812496185303 15.5745830535889 15.5383338928223 15.5550003051758 15.5520830154419 15.6087493896484 15.6645832061768 15.7395830154419 15.7904167175293 15.8208332061768 15.8216667175293 15.8337497711182 15.7687501907349 15.710000038147 15.7670831680298 15.7816667556763 15.9604167938232 15.9491672515869 16.0087490081787 15.8391666412354 15.9254169464111 15.9837503433228 15.9279165267944 15.8320837020874 15.7487497329712 15.7295837402344 15.7183332443237 15.8320827484131 15.9091663360596 15.7929172515869 15.6470832824707 15.5054168701172 15.3879165649414 15.4175004959106 15.6437501907349 15.8604164123535 16.0083332061768 16.1654167175293 16.2870826721191 16.3500003814697 16.4475002288818 16.4287509918213 16.2762508392334
15.5024995803833 15.4666662216187 15.390417098999 15.4175004959106 15.5345830917358 15.5491666793823 15.5866661071777 15.6758327484131 15.7166662216187 15.6645832061768 15.6283330917358 15.5508327484131 15.5504169464111 15.5645837783813 15.5908336639404 15.6691665649414 15.7508335113525 15.8050003051758 15.8691663742065 15.8766670227051 15.8804168701172 15.8999996185303 15.8991670608521 15.8558330535889 15.8370838165283 15.8675003051758 15.9195833206177 16.0766658782959 15.9154167175293 15.9854164123535 16.0450000762939 16.0087509155273 15.9554166793823 15.8904161453247 15.8508329391479 15.7766666412354 15.7933330535889 15.8137502670288 15.8649997711182 15.9158334732056 15.743332862854 15.6199998855591 15.5108337402344 15.515417098999 15.6987495422363 15.9025001525879 16.0774993896484 16.1945838928223 16.2912502288818 16.3808326721191 16.4033336639404 16.4125003814697 16.3783340454102
15.5462493896484 15.5433330535889 15.5562496185303 15.4804162979126 15.5066661834717 15.5324993133545 15.6204166412354 15.640832901001 15.6312503814697 15.6283330917358 15.6512498855591 15.6491670608521 15.6283330917358 15.6345834732056 15.7012500762939 15.7912502288818 15.8616666793823 15.9087505340576 15.9316673278809 15.9262495040894 15.914999961853 15.9175004959106 15.9379167556763 15.9454164505005 15.9662504196167 16.0133323669434 15.9987497329712 16.0554161071777 16.0587501525879 16.0404167175293 16.0362491607666 16.0445823669434 15.9816665649414 15.8916664123535 15.9204168319702 15.9183330535889 15.9399995803833 15.928750038147 15.9208335876465 15.9341669082642 15.9154167175293 15.8266668319702 15.8062496185303 15.774582862854 15.8645830154419 15.9883327484131 16.0983333587646 16.1912498474121 16.2612495422363 16.330415725708 16.361665725708 16.4025001525879 16.3795833587646
15.522500038147 15.5845832824707 15.5299997329712 15.466667175293 15.4991664886475 15.5991668701172 15.6704168319702 15.6770830154419 15.6766662597656 15.6941661834717 15.7041664123535 15.7008333206177 15.7333335876465 15.8395833969116 15.9395837783813 15.9870834350586 16.0062503814697 16.015417098999 16.0245838165283 16.0212497711182 16.0287494659424 16.0129165649414 16.0183334350586 16.0462493896484 16.0424995422363 16.0674991607666 16.0808334350586 16.1258335113525 16.0966663360596 16.0345840454102 15.9987506866455 16.060417175293 16.0216655731201 16.0070838928223 15.9666662216187 16.0108337402344 16.0141677856445 16.0087509155273 16.0270843505859 16.0200004577637 15.991250038147 15.9766664505005 16 15.9787502288818 16.0125007629395 16.0537490844727 16.1220836639404 16.1924991607666 16.236665725708 16.2566661834717 16.2895832061768 16.3137493133545 16.3395824432373
15.5270833969116 15.5062503814697 15.4904165267944 15.4337501525879 15.4666662216187 15.6116666793823 15.6645832061768 15.7066669464111 15.712082862854 15.7279167175293 15.7941665649414 15.8633337020874 15.9300003051758 16.0316677093506 16.0954170227051 16.171667098999 16.1595840454102 16.1291675567627 16.0995826721191 16.0995826721191 16.1025009155273 16.0991668701172 16.1070823669434 16.0845832824707 16.0841674804688 16.0862503051758 16.0637493133545 16.0233325958252 16.0704174041748 16.0854167938232 16.0595836639404 16.0524997711182 16.0187492370605 16.0612506866455 16.0420837402344 16.1374988555908 16.0891666412354 16.0966663360596 16.1066665649414 16.0820827484131 16.062084197998 16.0520839691162 16.0766677856445 16.0837497711182 16.1079177856445 16.1137504577637 16.1525001525879 16.1970825195312 16.2116661071777 16.2137489318848 16.2533340454102 16.2829170227051 16.2783336639404
15.5341663360596 15.4920835494995 15.4783334732056 15.4183330535889 15.53125 15.6587495803833 15.7012500762939 15.7287502288818 15.7524995803833 15.7758331298828 15.8804168701172 15.9991664886475 16.0774993896484 16.1033325195312 16.1812496185303 16.2312507629395 16.2516670227051 16.2216663360596 16.189582824707 16.1825008392334 16.1570835113525 16.1479167938232 16.15625 16.1424999237061 16.1083335876465 16.0475006103516 16.015417098999 16.0237503051758 16.0541667938232 16.0925006866455 16.0970840454102 16.0854167938232 16.111665725708 16.1533336639404 16.2075004577637 16.2425003051758 16.1704158782959 16.1283340454102 16.1324996948242 16.1337509155273 16.1220836639404 16.1029167175293 16.1000003814697 16.1316661834717 16.1645832061768 16.1749992370605 16.1791667938232 16.172082901001 16.1645832061768 16.2104167938232 16.2433338165283 16.2537498474121 16.2425003051758
15.5854167938232 15.5270833969116 15.462082862854 15.4437503814697 15.5529165267944 15.6395835876465 15.6870832443237 15.7387495040894 15.7929162979126 15.852499961853 15.9312496185303 16.0116672515869 16.0579166412354 16.1816673278809 16.3016662597656 16.2987499237061 16.3229179382324 16.3250007629395 16.2829170227051 16.2399997711182 16.1916656494141 16.1837501525879 16.1608333587646 16.1537494659424 16.0825004577637 15.9729166030884 15.962082862854 15.991250038147 16.0341663360596 16.0891666412354 16.1183338165283 16.125415802002 16.1791667938232 16.2179164886475 16.3079166412354 16.3633327484131 16.2587509155273 16.158332824707 16.1545829772949 16.1674995422363 16.1491661071777 16.1483325958252 16.1370830535889 16.1499996185303 16.1700000762939 16.203332901001 16.2204170227051 16.1533336639404 16.1662502288818 16.1766662597656 16.1945838928223 16.2124996185303 16.2337493896484
15.6154165267944 15.5345830917358 15.4762496948242 15.4958333969116 15.5229167938232 15.5862503051758 15.6645832061768 15.7600002288818 15.8558340072632 15.9174995422363 15.9737501144409 16.0362491607666 16.093334197998 16.2408332824707 16.3099994659424 16.328332901001 16.3641662597656 16.375 16.359582901001 16.3154163360596 16.2787494659424 16.2354164123535 16.2099990844727 16.1708335876465 15.9862499237061 15.8499994277954 15.9766664505005 16.0354175567627 16.0541667938232 16.1258335113525 16.1849994659424 16.2350006103516 16.2933330535889 16.3091659545898 16.4225006103516 16.4558334350586 16.3608341217041 16.2612495422363 16.2020835876465 16.1824989318848 16.1358337402344 16.1679172515869 16.1712493896484 16.1845836639404 16.1858329772949 16.2445831298828 16.2404174804688 16.1975002288818 16.1979160308838 16.1883335113525 16.1912498474121 16.203332901001 16.2958335876465
15.6304168701172 15.6062498092651 15.5608329772949 15.5683336257935 15.6158332824707 15.6695833206177 15.7379159927368 15.8537502288818 15.8895835876465 15.9179162979126 15.9683332443237 16.0074996948242 16.1233329772949 16.1983337402344 16.2733345031738 16.3233337402344 16.3575000762939 16.390417098999 16.404167175293 16.4108333587646 16.3612499237061 16.3075008392334 16.2600002288818 16.2216663360596 16.1224994659424 16.0358333587646 16.0854167938232 16.1212501525879 16.1554164886475 16.2299995422363 16.3116664886475 16.341667175293 16.3920841217041 16.4016666412354 16.4516677856445 16.4904174804688 16.4074993133545 16.3024997711182 16.2279167175293 16.1900005340576 16.1512489318848 16.1758327484131 16.1975002288818 16.2004165649414 16.1995830535889 16.2591667175293 16.3225002288818 16.2837505340576 16.2508335113525 16.2133331298828 16.2229156494141 16.2691669464111 16.3179168701172
15.6887502670288 15.7054166793823 15.6495838165283 15.6800003051758 15.702917098999 15.7462501525879 15.8099994659424 15.8866662979126 15.8900003433228 15.9087495803833 15.9341669082642 16.0191669464111 16.093334197998 16.1566677093506 16.2216663360596 16.2866668701172 16.327917098999 16.3633327484131 16.3970832824707 16.4054164886475 16.3924999237061 16.361665725708 16.330415725708 16.3099994659424 16.2545833587646 16.2120838165283 16.2179164886475 16.2304172515869 16.25 16.3158340454102 16.40625 16.4312496185303 16.4233341217041 16.422082901001 16.4116668701172 16.4308338165283 16.3920841217041 16.312084197998 16.2483329772949 16.1820831298828 16.202917098999 16.2137508392334 16.2141666412354 16.234582901001 16.2749996185303 16.377082824707 16.4608345031738 16.3779163360596 16.2991676330566 16.2879161834717 16.2975006103516 16.2945823669434 16.3162498474121
