layers/avg_2014_tmax0.asc
NCOLS 292 
NROWS 291 
XLLCORNER -87.6458333327872 
YLLCORNER 24.4791666666667 
CELLSIZE 0.0416666666669039 
NODATA_value -3.4e+38 
[rows 216 to 239 of 291, columns 106 to 158 of 292]
-3.4e+38 -3.4e+38 -3.4e+38 -3.4e+38 -3.4e+38 -3.4e+38 -3.4e+38 -3.4e+38 -3.4e+38 -3.4e+38 -3.4e+38 -3.4e+38 -3.4e+38 -3.4e+38 -3.4e+38 26.9741668701172 27.3299999237061 27.6266670227051 27.8325004577637 27.9208335876465 27.9183330535889 27.9850006103516 28.0791664123535 28.1158332824707 28.2075004577637 28.2775001525879 28.3299999237061 28.3316669464111 28.328332901001 28.3649997711182 28.3700008392334 28.3575000762939 28.2916660308838 28.203332901001 28.2124996185303 28.2625007629395 28.3733329772949 28.5108337402344 28.6066665649414 28.6574993133545 28.6966667175293 28.6825008392334 28.6674995422363 28.6574993133545 28.6933326721191 28.7000007629395 28.6816673278809 28.6208324432373 28.6216659545898 28.6100006103516 28.5658340454102 28.5141677856445 28.4775009155273
-3.4e+38 -3.4e+38 -3.4e+38 -3.4e+38 -3.4e+38 -3.4e+38 -3.4e+38 -3.4e+38 -3.4e+38 -3.4e+38 -3.4e+38 -3.4e+38 -3.4e+38 -3.4e+38 26.7766666412354 27.1066665649414 27.4974994659424 27.7666664123535 27.9416675567627 28.0266666412354 28.0183334350586 28.0658340454102 28.1175003051758 28.1633338928223 28.2150001525879 28.2975006103516 28.2891674041748 28.3216667175293 28.3241672515869 28.3866672515869 28.3999996185303 28.3691673278809 28.2849998474121 28.1633338928223 28.1691665649414 28.2466659545898 28.3675003051758 28.4741668701172 28.5825004577637 28.6375007629395 28.6399993896484 28.6333332061768 28.6658325195312 28.6783332824707 28.6933326721191 28.703332901001 28.7041664123535 28.6708335876465 28.6741676330566 28.6275005340576 28.591667175293 28.5258331298828 28.5200004577637
-3.4e+38 -3.4e+38 -3.4e+38 -3.4e+38 -3.4e+38 -3.4e+38 -3.4e+38 -3.4e+38 -3.4e+38 -3.4e+38 -3.4e+38 -3.4e+38 26.1200008392334 26.4233341217041 26.9716663360596 27.2099990844727 27.5433330535889 27.8649997711182 28.0608329772949 28.1566677093506 28.1849994659424 28.2016658782959 28.2366676330566 28.2566661834717 28.2766666412354 28.3000011444092 28.2924995422363 28.3133335113525 28.3500003814697 28.4133338928223 28.4475002288818 28.4141674041748 28.3608341217041 28.3225002288818 28.3466663360596 28.328332901001 28.4050006866455 28.5341663360596 28.5941677093506 28.6191673278809 28.6233329772949 28.6049995422363 28.6649990081787 28.6800003051758 28.7258338928223 28.7366676330566 28.7350006103516 28.7116661071777 28.6808338165283 28.6266670227051 28.5774993896484 28.5216674804688 28.4941673278809
-3.4e+38 -3.4e+38 -3.4e+38 -3.4e+38 -3.4e+38 -3.4e+38 -3.4e+38 -3.4e+38 -3.4e+38 -3.4e+38 -3.4e+38 -3.4e+38 -3.4e+38 26.4633331298828 26.9174995422363 27.2908325195312 27.671667098999 27.966667175293 28.0750007629395 28.2083339691162 28.2666664123535 28.3108329772949 28.3516674041748 28.3783340454102 28.3799991607666 28.3633327484131 28.3866672515869 28.3758335113525 28.404167175293 28.4608345031738 28.4650001525879 28.4683322906494 28.4949989318848 28.5058326721191 28.4825000762939 28.4774990081787 28.533332824707 28.6016674041748 28.6308326721191 28.6399993896484 28.6824989318848 28.658332824707 28.6975002288818 28.6958332061768 28.7266654968262 28.7358322143555 28.7316665649414 28.7200012207031 28.6891670227051 28.6558322906494 28.6049995422363 28.5583324432373 28.513334274292
-3.4e+38 -3.4e+38 -3.4e+38 -3.4e+38 -3.4e+38 -3.4e+38 -3.4e+38 -3.4e+38 -3.4e+38 -3.4e+38 -3.4e+38 -3.4e+38 -3.4e+38 26.3800010681152 26.6833343505859 27.0450000762939 27.4874992370605 27.8233337402344 28.0974998474121 28.3091659545898 28.3766670227051 28.4108333587646 28.3658332824707 28.3966674804688 28.4600009918213 28.453332901001 28.4808330535889 28.4141674041748 28.4366664886475 28.4958343505859 28.4791679382324 28.533332824707 28.5925006866455 28.5991668701172 28.5699996948242 28.5799999237061 28.6083335876465 28.6733341217041 28.7224998474121 28.703332901001 28.720832824707 28.7291679382324 28.763334274292 28.7533340454102 28.7999992370605 28.8058338165283 28.7841663360596 28.7625007629395 28.7366676330566 28.6808338165283 28.6483325958252 28.6191673278809 28.5424995422363
-3.4e+38 -3.4e+38 -3.4e+38 -3.4e+38 -3.4e+38 -3.4e+38 -3.4e+38 -3.4e+38 -3.4e+38 -3.4e+38 -3.4e+38 -3.4e+38 -3.4e+38 -3.4e+38 26.6041660308838 26.8424987792969 27.3824996948242 27.7558326721191 28.1166667938232 28.359167098999 28.4958343505859 28.5608329772949 28.5658340454102 28.6049995422363 28.6191673278809 28.6033325195312 28.5483341217041 28.4799995422363 28.4641666412354 28.5174999237061 28.578332901001 28.5774993896484 28.6191673278809 28.6466674804688 28.654167175293 28.656665802002 28.6491661071777 28.7049999237061 28.7633323669434 28.7641677856445 28.7958335876465 28.8099994659424 28.8199996948242 28.8566665649414 28.8425006866455 28.8533344268799 28.8675003051758 28.8449993133545 28.7916679382324 28.7483329772949 28.6916675567627 28.640832901001 28.5650005340576
-3.4e+38 -3.4e+38 -3.4e+38 -3.4e+38 -3.4e+38 -3.4e+38 -3.4e+38 -3.4e+38 -3.4e+38 -3.4e+38 -3.4e+38 -3.4e+38 -3.4e+38 -3.4e+38 -3.4e+38 26.8150005340576 27.236665725708 27.7483329772949 28.1849994659424 28.4624996185303 28.6858329772949 28.8225002288818 28.8549995422363 28.8600006103516 28.8408336639404 28.7133331298828 28.6350002288818 28.5300006866455 28.5399990081787 28.5900001525879 28.6441669464111 28.6158332824707 28.6350002288818 28.6516666412354 28.6433334350586 28.6383323669434 28.6816673278809 28.7391662597656 28.7933330535889 28.8350009918213 28.8558330535889 28.8783340454102 28.8766670227051 28.9150009155273 28.908332824707 28.9241676330566 28.9541664123535 28.9149990081787 28.8575000762939 28.8075008392334 28.7483329772949 28.6733341217041 28.6025009155273
-3.4e+38 -3.4e+38 -3.4e+38 -3.4e+38 -3.4e+38 -3.4e+38 -3.4e+38 -3.4e+38 -3.4e+38 -3.4e+38 -3.4e+38 -3.4e+38 -3.4e+38 -3.4e+38 -3.4e+38 -3.4e+38 27.1199989318848 27.7075004577637 28.1399993896484 28.5108337402344 28.7983322143555 28.9383335113525 28.9874992370605 29.0500011444092 28.9366664886475 28.765832901001 28.658332824707 28.5891666412354 28.5708332061768 28.6175003051758 28.6525001525879 28.640832901001 28.6416664123535 28.6474990844727 28.6574993133545 28.671667098999 28.7674999237061 28.8166656494141 28.8500003814697 28.845832824707 28.8608341217041 28.9183330535889 28.9366664886475 28.9591674804688 28.9741668701172 28.9874992370605 29.0166664123535 28.9716663360596 28.9116668701172 28.8533325195312 28.8158340454102 28.720832824707 28.6308326721191
-3.4e+38 -3.4e+38 -3.4e+38 -3.4e+38 -3.4e+38 -3.4e+38 -3.4e+38 -3.4e+38 -3.4e+38 -3.4e+38 -3.4e+38 -3.4e+38 -3.4e+38 -3.4e+38 -3.4e+38 -3.4e+38 -3.4e+38 27.4808330535889 27.9516658782959 28.3858337402344 28.7325000762939 28.9499988555908 29.0483341217041 29.0391674041748 28.9633331298828 28.8424987792969 28.734167098999 28.6416664123535 28.6075000762939 28.6416664123535 28.6266670227051 28.6499996185303 28.6933326721191 28.6783332824707 28.6924991607666 28.7425003051758 28.7975006103516 28.8299999237061 28.8625011444092 28.843334197998 28.9141654968262 28.9400005340576 28.9766674041748 29.0400009155273 29.0866661071777 29.0991668701172 29.095832824707 29.0616664886475 28.9808330535889 28.905834197998 28.8649997711182 28.7674999237061 28.6599998474121
-3.4e+38 -3.4e+38 -3.4e+38 -3.4e+38 -3.4e+38 -3.4e+38 -3.4e+38 -3.4e+38 -3.4e+38 -3.4e+38 -3.4e+38 -3.4e+38 -3.4e+38 -3.4e+38 -3.4e+38 -3.4e+38 -3.4e+38 27.2266654968262 27.7299995422363 28.1875 28.5841674804688 28.8716659545898 28.9850006103516 29.0066661834717 28.9375 28.8141670227051 28.7283325195312 28.656665802002 28.6483325958252 28.6849994659424 28.6424999237061 28.6224994659424 28.6991672515869 28.6683330535889 28.7083339691162 28.7525005340576 28.8033332824707 28.8516674041748 28.9025001525879 28.8858337402344 28.9458332061768 28.9991664886475 29.0850009918213 29.1266670227051 29.1491661071777 29.1958332061768 29.1900005340576 29.1433334350586 29.0550003051758 28.9825000762939 28.9125003814697 28.8600006103516 28.7674999237061
-3.4e+38 -3.4e+38 -3.4e+38 -3.4e+38 -3.4e+38 -3.4e+38 -3.4e+38 -3.4e+38 -3.4e+38 -3.4e+38 -3.4e+38 -3.4e+38 -3.4e+38 -3.4e+38 -3.4e+38 -3.4e+38 -3.4e+38 -3.4e+38 27.4599990844727 27.8924999237061 28.3099994659424 28.6941661834717 28.8974990844727 28.9233341217041 28.8641662597656 28.7916660308838 28.7066669464111 28.6741676330566 28.6708335876465 28.7058334350586 28.674165725708 28.7008323669434 28.7399997711182 28.7366676330566 28.7466659545898 28.7983341217041 28.859167098999 28.8899993896484 28.9116668701172 28.9449996948242 28.9933338165283 29.0683326721191 29.1291656494141 29.1866664886475 29.220832824707 29.2391662597656 29.2133331298828 29.1833343505859 29.1116676330566 29.0375003814697 28.9974994659424 28.9475002288818 28.8683338165283
-3.4e+38 -3.4e+38 -3.4e+38 -3.4e+38 -3.4e+38 -3.4e+38 -3.4e+38 -3.4e+38 -3.4e+38 -3.4e+38 -3.4e+38 -3.4e+38 -3.4e+38 -3.4e+38 -3.4e+38 -3.4e+38 -3.4e+38 -3.4e+38 27.1658325195312 27.5766658782959 27.9733333587646 28.404167175293 28.6883335113525 28.7766666412354 28.783332824707 28.7641658782959 28.718334197998 28.6908321380615 28.6700000762939 28.7308330535889 28.7849998474121 28.7883338928223 28.779167175293 28.7775001525879 28.8099994659424 28.8649997711182 28.9174995422363 28.9325008392334 28.9358329772949 28.9741668701172 29.0216655731201 29.0699996948242 29.1324996948242 29.1875 29.2325000762939 29.2175006866455 29.2299995422363 29.1900005340576 29.1558322906494 29.1124992370605 29.0866661071777 29.0583343505859 28.9974994659424
-3.4e+38 -3.4e+38 -3.4e+38 -3.4e+38 -3.4e+38 -3.4e+38 -3.4e+38 -3.4e+38 -3.4e+38 -3.4e+38 -3.4e+38 -3.4e+38 -3.4e+38 -3.4e+38 -3.4e+38 -3.4e+38 -3.4e+38 -3.4e+38 -3.4e+38 27.1491661071777 27.6200008392334 28.0949993133545 28.4791660308838 28.6558322906494 28.7175006866455 28.7333335876465 28.7666664123535 28.7391662597656 28.7649993896484 28.8641662597656 28.8758335113525 28.8783340454102 28.8691673278809 28.8708324432373 28.9025001525879 28.9233341217041 28.9025001525879 28.9258327484131 28.9549999237061 28.9766654968262 29.0208339691162 29.0900001525879 29.1233329772949 29.1550006866455 29.1949996948242 29.1925010681152 29.2016658782959 29.1766662597656 29.1333332061768 29.1424999237061 29.158332824707 29.1666660308838 29.1341667175293
-3.4e+38 -3.4e+38 -3.4e+38 -3.4e+38 -3.4e+38 -3.4e+38 -3.4e+38 -3.4e+38 -3.4e+38 -3.4e+38 -3.4e+38 -3.4e+38 -3.4e+38 -3.4e+38 -3.4e+38 -3.4e+38 -3.4e+38 -3.4e+38 -3.4e+38 26.8349990844727 27.3174991607666 27.8166656494141 28.2749996185303 28.5891666412354 28.734167098999 28.7983341217041 28.8391666412354 28.8724994659424 28.8933334350586 28.921667098999 28.9308338165283 28.9608345031738 28.9274997711182 28.9133338928223 28.9324989318848 28.908332824707 28.9241676330566 28.9449996948242 28.9925003051758 29.0091667175293 29.0399990081787 29.1099987030029 29.095832824707 29.1166667938232 29.1549987792969 29.1875 29.156665802002 29.1416664123535 29.1208343505859 29.1700000762939 29.1883335113525 29.2108345031738 29.1616668701172
-3.4e+38 -3.4e+38 -3.4e+38 -3.4e+38 -3.4e+38 -3.4e+38 -3.4e+38 -3.4e+38 -3.4e+38 -3.4e+38 -3.4e+38 -3.4e+38 -3.4e+38 -3.4e+38 -3.4e+38 -3.4e+38 -3.4e+38 -3.4e+38 -3.4e+38 -3.4e+38 27.0833339691162 27.5616664886475 28.0249996185303 28.4200000762939 28.6966667175293 28.8308334350586 28.8833332061768 28.9408340454102 28.9366664886475 28.9808330535889 28.9741668701172 28.9774990081787 28.968334197998 28.9424991607666 28.9458332061768 28.921667098999 28.9400005340576 28.9641666412354 28.9808330535889 29.0166664123535 29.031665802002 29.1124992370605 29.0974998474121 29.1241664886475 29.1366672515869 29.1491661071777 29.1283340454102 29.1308326721191 29.1241664886475 29.1641654968262 29.1616668701172 29.1658325195312 29.1075000762939
-3.4e+38 -3.4e+38 -3.4e+38 -3.4e+38 -3.4e+38 -3.4e+38 -3.4e+38 -3.4e+38 -3.4e+38 -3.4e+38 -3.4e+38 -3.4e+38 -3.4e+38 -3.4e+38 -3.4e+38 -3.4e+38 -3.4e+38 -3.4e+38 -3.4e+38 -3.4e+38 26.8533325195312 27.3208332061768 27.8083343505859 28.234167098999 28.5241661071777 28.6416664123535 28.7091674804688 28.8633346557617 28.9650001525879 29.0375003814697 29.0300006866455 29.0208339691162 29.0149993896484 28.9933338165283 28.9741668701172 29.0091667175293 29.0033340454102 28.9783325195312 28.9825000762939 29.0066661834717 29.0050010681152 29.0766658782959 29.1075000762939 29.1516666412354 29.1058330535889 29.0966663360596 29.0874996185303 29.0966663360596 29.1100006103516 29.1283340454102 29.1208343505859 29.1041660308838 29.0666675567627
-3.4e+38 -3.4e+38 -3.4e+38 -3.4e+38 -3.4e+38 -3.4e+38 -3.4e+38 -3.4e+38 -3.4e+38 -3.4e+38 -3.4e+38 -3.4e+38 -3.4e+38 -3.4e+38 -3.4e+38 -3.4e+38 -3.4e+38 -3.4e+38 -3.4e+38 -3.4e+38 -3.4e+38 27.0866661071777 27.5108337402344 27.9424991607666 28.2533340454102 28.3366661071777 28.4341659545898 28.703332901001 28.9400005340576 29.033332824707 29.0533332824707 29.0658340454102 29.0799999237061 29.0708332061768 29.0475006103516 29.0208339691162 29.0208339691162 29.0091667175293 29.0083332061768 29.0049991607666 29.0083332061768 29.064998626709 29.1233329772949 29.1058330535889 29.1025009155273 29.0599994659424 29.0625 29.0725002288818 29.1075000762939 29.1008338928223 29.1075000762939 29.0933322906494 29.0558338165283
-3.4e+38 -3.4e+38 -3.4e+38 -3.4e+38 -3.4e+38 -3.4e+38 -3.4e+38 -3.4e+38 -3.4e+38 -3.4e+38 -3.4e+38 -3.4e+38 -3.4e+38 -3.4e+38 -3.4e+38 -3.4e+38 -3.4e+38 -3.4e+38 -3.4e+38 -3.4e+38 -3.4e+38 -3.4e+38 27.2924995422363 27.5858325958252 27.8366661071777 27.9774990081787 28.1141662597656 28.4291667938232 28.7433338165283 28.9366664886475 29.015832901001 29.1058330535889 29.1041660308838 29.0733337402344 29.0241661071777 29.0100002288818 29.0125007629395 29.0224990844727 29.0241661071777 29.0424995422363 29.0866661071777 29.1491661071777 29.1308326721191 29.1216659545898 29.1133346557617 29.0766658782959 29.0575008392334 29.0499992370605 29.0966663360596 29.1075000762939 29.171667098999 29.1983337402344 29.1083335876465
-3.4e+38 -3.4e+38 -3.4e+38 -3.4e+38 -3.4e+38 -3.4e+38 -3.4e+38 -3.4e+38 -3.4e+38 -3.4e+38 -3.4e+38 -3.4e+38 -3.4e+38 -3.4e+38 -3.4e+38 -3.4e+38 -3.4e+38 -3.4e+38 -3.4e+38 -3.4e+38 -3.4e+38 -3.4e+38 27.406665802002 27.453332901001 27.6075000762939 27.765832901001 27.905834197998 28.2233333587646 28.5599994659424 28.8899993896484 28.9949989318848 29.078332901001 29.093334197998 29.0641670227051 29.0366668701172 29.0366668701172 29.0424995422363 29.0475006103516 29.0583324432373 29.1141662597656 29.1933326721191 29.1925010681152 29.1291675567627 29.111665725708 29.1033325195312 29.0641670227051 29.015832901001 29.046667098999 29.0974998474121 29.1466674804688 29.2999992370605 29.3500003814697 29.1533336639404
-3.4e+38 -3.4e+38 -3.4e+38 -3.4e+38 -3.4e+38 -3.4e+38 -3.4e+38 -3.4e+38 -3.4e+38 -3.4e+38 -3.4e+38 -3.4e+38 -3.4e+38 -3.4e+38 -3.4e+38 -3.4e+38 -3.4e+38 -3.4e+38 -3.4e+38 -3.4e+38 -3.4e+38 -3.4e+38 -3.4e+38 27.7641677856445 27.7941665649414 27.8241672515869 27.890832901001 28.0974998474121 28.5016670227051 28.8391666412354 28.9683322906494 29.0300006866455 29.0550003051758 29.0558338165283 29.0283336639404 29.0516662597656 29.0725002288818 29.0725002288818 29.1141662597656 29.171667098999 29.218334197998 29.1875 29.0808334350586 29.064998626709 29.1224994659424 29.109167098999 29.0708332061768 29.1083335876465 29.1391658782959 29.1416664123535 29.1833343505859 29.154167175293 28.9925003051758
-3.4e+38 -3.4e+38 -3.4e+38 -3.4e+38 -3.4e+38 -3.4e+38 -3.4e+38 -3.4e+38 -3.4e+38 -3.4e+38 -3.4e+38 -3.4e+38 -3.4e+38 -3.4e+38 -3.4e+38 -3.4e+38 -3.4e+38 -3.4e+38 -3.4e+38 -3.4e+38 -3.4e+38 -3.4e+38 -3.4e+38 27.8841667175293 27.9141674041748 27.9300003051758 27.9116668701172 28.0866661071777 28.5 28.8133335113525 28.9391670227051 28.9891662597656 28.9825000762939 28.9750003814697 28.9866676330566 29.0375003814697 29.0658340454102 29.111665725708 29.1691665649414 29.1933345794678 29.2124996185303 29.1574993133545 29.0016670227051 29.0033340454102 29.1049995422363 29.1641674041748 29.1758327484131 29.2024993896484 29.2275009155273 29.1908340454102 29.1333332061768 28.9641666412354 28.7491664886475
-3.4e+38 -3.4e+38 -3.4e+38 -3.4e+38 -3.4e+38 -3.4e+38 -3.4e+38 -3.4e+38 -3.4e+38 -3.4e+38 -3.4e+38 -3.4e+38 -3.4e+38 -3.4e+38 -3.4e+38 -3.4e+38 -3.4e+38 -3.4e+38 -3.4e+38 -3.4e+38 -3.4e+38 -3.4e+38 -3.4e+38 27.9333324432373 27.9933338165283 27.9691677093506 27.9149990081787 28.0808334350586 28.4874992370605 28.7708320617676 28.8816661834717 28.9266662597656 28.9366664886475 28.908332824707 28.904167175293 28.9650001525879 29.0816669464111 29.1149997711182 29.1416664123535 29.1749992370605 29.2091674804688 29.1866664886475 29.1158332824707 29.0966663360596 29.156665802002 29.2100009918213 29.2574996948242 29.3141670227051 29.3383331298828 29.328332901001 29.263334274292 29.0725002288818 28.8358325958252
-3.4e+38 -3.4e+38 -3.4e+38 -3.4e+38 -3.4e+38 -3.4e+38 -3.4e+38 -3.4e+38 -3.4e+38 -3.4e+38 -3.4e+38 -3.4e+38 -3.4e+38 -3.4e+38 -3.4e+38 -3.4e+38 -3.4e+38 -3.4e+38 -3.4e+38 -3.4e+38 -3.4e+38 -3.4e+38 -3.4e+38 28.0583324432373 28.1216659545898 27.9891662597656 27.7374992370605 27.9916667938232 28.4375 28.7124996185303 28.8608341217041 28.8933334350586 28.8625011444092 28.8950004577637 28.9524993896484 29 29.0591659545898 29.1674995422363 29.1983337402344 29.2291660308838 29.2600002288818 29.2625007629395 29.2616672515869 29.2425003051758 29.2825012207031 29.3033332824707 29.3433322906494 29.4166660308838 29.4941673278809 29.531665802002 29.5375003814697 29.3991661071777 29.171667098999
-3.4e+38 -3.4e+38 -3.4e+38 -3.4e+38 -3.4e+38 -3.4e+38 -3.4e+38 -3.4e+38 -3.4e+38 -3.4e+38 -3.4e+38 -3.4e+38 -3.4e+38 -3.4e+38 -3.4e+38 -3.4e+38 -3.4e+38 -3.4e+38 -3.4e+38 -3.4e+38 -3.4e+38 -3.4e+38 -3.4e+38 28.0574989318848 28.2199993133545 28.1033325195312 27.8316669464111 27.9074993133545 28.3141670227051 28.609167098999 28.7633323669434 28.7924995422363 28.8866653442383 28.9375 28.970832824707 28.9925003051758 29.0249996185303 29.1183338165283 29.2608337402344 29.3183326721191 29.3225002288818 29.344165802002 29.3474998474121 29.3766670227051 29.3975009918213 29.3958339691162 29.4283332824707 29.4899997711182 29.5708332061768 29.6800003051758 29.7849998474121 29.6641674041748 29.4458332061768
