layers/avg_2014_tmin0.asc
NCOLS 292 
NROWS 291 
XLLCORNER -87.6458333327872 
YLLCORNER 24.4791666666667 
CELLSIZE 0.0416666666669039 
NODATA_value -3.4e+38 
[rows 144 to 167 of 291, columns 53 to 105 of 292]
12.2033338546753 12.2983331680298 12.397500038147 12.6225004196167 12.7525005340576 12.8424997329712 12.9466667175293 12.7574996948242 12.8141670227051 12.9049997329712 12.8900003433228 12.8641662597656 12.8366670608521 12.7833337783813 12.6416664123535 12.5508327484131 12.5166664123535 12.4991664886475 12.4791669845581 12.5091667175293 12.4949998855591 12.5233335494995 12.6199998855591 12.7666664123535 12.7925004959106 12.8008337020874 12.828332901001 12.7791662216187 12.8400001525879 12.8299999237061 12.8149995803833 12.7808332443237 12.7866668701172 12.9250001907349 12.710000038147 12.7816667556763 12.7875003814697 12.8883333206177 12.8841667175293 12.9666662216187 12.9174995422363 12.890832901001 12.9241666793823 12.9508333206177 13.0599994659424 13.1608333587646 13.2166662216187 13.2825002670288 13.3908338546753 13.4216661453247 13.4816665649414 13.4891672134399 13.4716663360596
12.1750001907349 12.2191667556763 12.4366664886475 12.6341667175293 12.7691669464111 12.8333330154419 12.8983335494995 12.7183332443237 12.7558336257935 12.7916669845581 12.7816667556763 12.7366666793823 12.6858339309692 12.6966667175293 12.6674995422363 12.6458330154419 12.6350002288818 12.6149997711182 12.6066665649414 12.625 12.6391668319702 12.6516666412354 12.6975002288818 12.8066663742065 12.8000001907349 12.7966661453247 12.7408332824707 12.828332901001 12.7908334732056 12.7408332824707 12.7591667175293 12.8341665267944 12.835000038147 12.8358335494995 12.9033336639404 12.8000001907349 12.8966665267944 13.0941667556763 12.8833332061768 12.8966665267944 12.8933334350586 12.8808336257935 12.9383335113525 13.0166664123535 13.1366662979126 13.2208337783813 13.2983331680298 13.4324998855591 13.4591665267944 13.5074996948242 13.5 13.4400005340576 13.5358333587646
12.2041664123535 12.2691669464111 12.3599996566772 12.4866666793823 12.555832862854 12.6841669082642 12.7333326339722 12.6991672515869 12.7066669464111 12.7358331680298 12.7483339309692 12.727499961853 12.7075004577637 12.7174997329712 12.7383327484131 12.6733331680298 12.6516666412354 12.6416664123535 12.6366662979126 12.6733331680298 12.7033338546753 12.6300001144409 12.7441663742065 12.8424997329712 12.7908334732056 12.8233337402344 12.859167098999 12.8408336639404 12.8391666412354 12.828332901001 12.7758331298828 12.7983331680298 12.8541669845581 12.9641666412354 12.9091663360596 12.9433336257935 13.0191669464111 13.0150003433228 12.897500038147 12.845832824707 12.9250001907349 12.9949998855591 13.0266666412354 13.1208333969116 13.2116670608521 13.2941665649414 13.4008331298828 13.4724998474121 13.4858331680298 13.4766674041748 13.4899997711182 13.5508337020874 13.5424995422363
12.3166666030884 12.3716669082642 12.4258337020874 12.5033330917358 12.6316661834717 12.6758337020874 12.727499961853 12.6758337020874 12.7091665267944 12.727499961853 12.7475004196167 12.7583332061768 12.7375001907349 12.7375001907349 12.7299995422363 12.7083330154419 12.6700000762939 12.6500005722046 12.6491670608521 12.6791667938232 12.6983337402344 12.6991662979126 12.7783336639404 12.8966665267944 12.9091663360596 12.9016666412354 12.9058332443237 12.9291667938232 12.8891668319702 12.8400001525879 12.8275003433228 12.7991666793823 12.8308334350586 13.0216665267944 12.9716663360596 12.921667098999 12.9925003051758 12.9525003433228 12.9033336639404 12.9091663360596 12.9541664123535 13.0516662597656 13.1416664123535 13.1933336257935 13.2425003051758 13.3450002670288 13.3966665267944 13.4591665267944 13.4724998474121 13.5200004577637 13.5091667175293 13.5016670227051 13.5266666412354
12.4425001144409 12.4750003814697 12.4641666412354 12.6149997711182 12.6099996566772 12.6616668701172 12.7399997711182 12.7025003433228 12.7150001525879 12.703332901001 12.7066669464111 12.7425003051758 12.7291660308838 12.727499961853 12.7166662216187 12.7150001525879 12.6616668701172 12.6383333206177 12.6266670227051 12.6350002288818 12.6858329772949 12.7674999237061 12.8491668701172 12.9700002670288 12.9975004196167 13.0425004959106 12.984167098999 12.9991664886475 13.0275001525879 12.9383335113525 12.8633337020874 12.7458333969116 12.9058332443237 13.0858335494995 13.0741662979126 12.9966669082642 12.9700002670288 12.9466667175293 12.944167137146 12.9858331680298 13.0424995422363 13.1116666793823 13.1700000762939 13.2375001907349 13.2825002670288 13.3008337020874 13.3824996948242 13.4166669845581 13.5 13.5474996566772 13.5133333206177 13.4633331298828 13.4866666793823
12.5299997329712 12.5266666412354 12.5383329391479 12.5716667175293 12.6591663360596 12.7108335494995 12.7483329772949 12.7083330154419 12.7066669464111 12.6741666793823 12.6866664886475 12.710000038147 12.7150001525879 12.6949996948242 12.6975002288818 12.6741666793823 12.625 12.5758333206177 12.5491666793823 12.6508331298828 12.6941661834717 12.7741670608521 12.868332862854 12.9624996185303 12.9974994659424 13.0216665267944 13.0041666030884 13.0241670608521 12.9808330535889 12.9233331680298 12.8450002670288 12.8466663360596 13.0041666030884 13.1224994659424 13.1341667175293 13.0675001144409 13.029167175293 13.0100002288818 13.0150003433228 13.0475006103516 13.0974998474121 13.1508331298828 13.2233333587646 13.243332862854 13.2191667556763 13.2600002288818 13.3116664886475 13.4066667556763 13.4741668701172 13.4716663360596 13.4449996948242 13.421667098999 13.4283332824707
12.6516666412354 12.602499961853 12.6616668701172 12.7049999237061 12.6783332824707 12.716667175293 12.7150001525879 12.7025003433228 12.7258329391479 12.6733331680298 12.6824998855591 12.6925001144409 12.7083330154419 12.7058334350586 12.6933336257935 12.6491670608521 12.5741662979126 12.5349998474121 12.5433330535889 12.5775003433228 12.647500038147 12.7475004196167 12.8216667175293 12.9099998474121 12.9791669845581 13.0291662216187 13.0108337402344 13.0024995803833 12.9558334350586 12.8649997711182 12.7974996566772 12.8241662979126 13.0041666030884 13.1116666793823 13.1658334732056 13.1658334732056 13.1233329772949 13.1008329391479 13.1208333969116 13.1508331298828 13.1625003814697 13.1875 13.2624998092651 13.2608337402344 13.220832824707 13.2449998855591 13.2550001144409 13.2991666793823 13.3149995803833 13.2924995422363 13.2808332443237 13.2983331680298 13.3866662979126
12.7783336639404 12.7224998474121 12.7216663360596 12.7208337783813 12.7258329391479 12.7233333587646 12.710000038147 12.7049999237061 12.7008333206177 12.6925001144409 12.6800003051758 12.6841669082642 12.6774997711182 12.6833333969116 12.6075000762939 12.5725002288818 12.4700002670288 12.4491662979126 12.4583339691162 12.4624996185303 12.5483331680298 12.6783332824707 12.7524995803833 12.8308334350586 12.9008331298828 12.9899997711182 12.9908332824707 12.9516668319702 12.9141664505005 12.8949995040894 12.8950004577637 12.9116668701172 12.9741668701172 13.0524997711182 13.1800003051758 13.203332901001 13.1533336639404 13.1408338546753 13.1975002288818 13.2174997329712 13.2141666412354 13.2025003433228 13.2683334350586 13.227499961853 13.1641664505005 13.1800003051758 13.1933336257935 13.2008333206177 13.2308330535889 13.2174997329712 13.1875 13.2116670608521 13.3575000762939
12.8891668319702 12.7650003433228 12.6483335494995 12.6283330917358 12.6641664505005 12.710000038147 12.7566661834717 12.7133331298828 12.6191663742065 12.625 12.5991668701172 12.6099996566772 12.6125001907349 12.6266670227051 12.5724992752075 12.4883337020874 12.335000038147 12.3274993896484 12.397500038147 12.3891668319702 12.3800001144409 12.5408334732056 12.6433334350586 12.7483329772949 12.8141670227051 12.8800001144409 12.9316663742065 12.9375 12.9674997329712 12.9733333587646 12.9425001144409 12.9224996566772 12.9433336257935 12.9591665267944 13.0908336639404 13.1391668319702 13.1850004196167 13.1891670227051 13.2141666412354 13.2516670227051 13.2449998855591 13.2483329772949 13.2775001525879 13.2141666412354 13.1350002288818 13.1141662597656 13.1324996948242 13.1566667556763 13.1724996566772 13.1700000762939 13.1433334350586 13.2283334732056 13.3608331680298
12.944167137146 12.7558336257935 12.6933336257935 12.6175003051758 12.6391668319702 12.7108335494995 12.7958335876465 12.7250003814697 12.6483335494995 12.5466661453247 12.5799999237061 12.5541667938232 12.5316667556763 12.5375003814697 12.5249996185303 12.4274997711182 12.3133335113525 12.3074998855591 12.3583335876465 12.4141664505005 12.3466663360596 12.4558334350586 12.6041660308838 12.7266664505005 12.8149995803833 12.8491668701172 12.9400005340576 13.0074996948242 13.1016664505005 13.140832901001 13.0758333206177 13.0666666030884 13.0924997329712 13.1033334732056 13.1291666030884 13.1441669464111 13.164999961853 13.2574996948242 13.25 13.2649993896484 13.2775001525879 13.2758331298828 13.2466669082642 13.2124996185303 13.1275005340576 13.0633335113525 13.0600004196167 13.0749998092651 13.1391668319702 13.1525001525879 13.1549997329712 13.2158336639404 13.2799997329712
13.1833333969116 12.9166669845581 12.7124996185303 12.6499996185303 12.6966667175293 12.7308330535889 12.7916669845581 12.772500038147 12.664999961853 12.5749998092651 12.522500038147 12.5141668319702 12.4683332443237 12.5166664123535 12.5491666793823 12.4608335494995 12.319167137146 12.3041667938232 12.3316669464111 12.3999996185303 12.4108333587646 12.4858331680298 12.5974998474121 12.7391662597656 12.8816661834717 12.9983329772949 13.1458330154419 13.2733335494995 13.3608331680298 13.3666667938232 13.2741670608521 13.2533330917358 13.2783336639404 13.3158330917358 13.3316669464111 13.2958335876465 13.2691669464111 13.2916669845581 13.3258333206177 13.2933330535889 13.2766666412354 13.2416667938232 13.2266664505005 13.1941661834717 13.1033334732056 13.0291662216187 12.9875001907349 13.0249996185303 13.1708335876465 13.1866664886475 13.1808338165283 13.2224998474121 13.216667175293
13.533332824707 13.2133331298828 12.9049997329712 12.7600002288818 12.6941661834717 12.7108335494995 12.7649993896484 12.7541666030884 12.6966667175293 12.5950002670288 12.5166664123535 12.4866666793823 12.4949998855591 12.4991664886475 12.4983329772949 12.4449996948242 12.3183326721191 12.2908334732056 12.3166666030884 12.4025001525879 12.4758329391479 12.5716667175293 12.7049999237061 12.8824996948242 13.0808334350586 13.289999961853 13.4708337783813 13.6066665649414 13.6875 13.6991662979126 13.602499961853 13.5283336639404 13.5475006103516 13.5716667175293 13.5541667938232 13.4733333587646 13.4499998092651 13.4883337020874 13.4650001525879 13.4025001525879 13.3241662979126 13.289999961853 13.2533330917358 13.1441669464111 13.0691661834717 13.0424995422363 12.9983329772949 13.0599994659424 13.1350002288818 13.1383333206177 13.1133337020874 13.2041664123535 13.1308336257935
13.904167175293 13.5833330154419 13.2258329391479 12.9183330535889 12.796667098999 12.7183332443237 12.7741670608521 12.7766666412354 12.7008333206177 12.6041669845581 12.5716667175293 12.506667137146 12.5150003433228 12.5441665649414 12.5041666030884 12.4658327102661 12.3991670608521 12.4274997711182 12.4008331298828 12.4808330535889 12.5991668701172 12.7366666793823 12.9358329772949 13.164999961853 13.4141664505005 13.7133331298828 13.9650001525879 14.0683336257935 14.0749998092651 -3.4e+38 13.9766664505005 -3.4e+38 -3.4e+38 -3.4e+38 -3.4e+38 13.7991666793823 13.6824998855591 13.6841669082642 13.6616668701172 13.6083335876465 13.4683332443237 13.3175001144409 13.2775001525879 13.1424999237061 13.0566663742065 13.0799999237061 13.078332901001 13.0749998092651 13.0766668319702 13.0583333969116 13.1350002288818 13.1449995040894 13.085000038147
14.2441663742065 13.9624996185303 13.5791664123535 13.2091665267944 12.9491672515869 12.8175001144409 12.8016662597656 12.7700004577637 12.7233333587646 12.6383333206177 12.6125001907349 12.6225004196167 12.6374998092651 12.6383333206177 12.6066665649414 12.5974998474121 12.5841665267944 12.6066665649414 12.625 12.6875 12.8466663360596 13.0249996185303 13.2875003814697 13.5649995803833 13.8683338165283 14.1275005340576 14.335000038147 -3.4e+38 -3.4e+38 -3.4e+38 -3.4e+38 -3.4e+38 -3.4e+38 -3.4e+38 -3.4e+38 -3.4e+38 14.0558338165283 13.9983329772949 13.8941669464111 13.7783336639404 13.6800003051758 13.5266666412354 13.3949995040894 13.1983337402344 13.091667175293 13.0991668701172 13.1083335876465 13.0833330154419 13.0516662597656 13.0741662979126 13.1266670227051 13.0941667556763 13.1075000762939
14.5591669082642 14.3241662979126 13.9300003051758 13.569167137146 13.2308330535889 12.9583330154419 12.8141670227051 12.7550001144409 12.7608337402344 12.7258329391479 12.7474994659424 12.7600002288818 12.8175001144409 12.8225002288818 12.8433332443237 12.845832824707 12.8374996185303 12.8791666030884 12.9241666793823 13.0383329391479 13.180832862854 13.4091663360596 13.6666669845581 13.9399995803833 14.2183332443237 14.4158334732056 -3.4e+38 -3.4e+38 -3.4e+38 -3.4e+38 -3.4e+38 -3.4e+38 -3.4e+38 -3.4e+38 -3.4e+38 -3.4e+38 -3.4e+38 -3.4e+38 14.2541666030884 14.1233329772949 13.9283332824707 13.7600002288818 13.6424999237061 13.4116668701172 13.1941661834717 13.1466665267944 13.1183338165283 13.0775003433228 13.0649995803833 13.0858335494995 13.1324996948242 13.0950002670288 13.0733337402344
14.7150001525879 14.6300001144409 14.3175001144409 13.9300003051758 13.5625 13.2483329772949 12.9491662979126 12.8158330917358 12.8441667556763 12.8933334350586 12.9425001144409 12.9766664505005 13.0883331298828 13.1199998855591 13.1691665649414 13.1866664886475 13.1733331680298 13.2233333587646 13.3033332824707 13.4274997711182 13.6108331680298 13.8649997711182 14.1000003814697 14.3374996185303 14.533332824707 14.6400003433228 -3.4e+38 -3.4e+38 -3.4e+38 -3.4e+38 -3.4e+38 -3.4e+38 -3.4e+38 -3.4e+38 -3.4e+38 -3.4e+38 -3.4e+38 -3.4e+38 -3.4e+38 -3.4e+38 14.3033332824707 14.1125001907349 13.9208335876465 13.6899995803833 13.4208335876465 13.2583332061768 13.1616668701172 13.1700000762939 13.1599998474121 13.1758327484131 13.1808338165283 13.1591663360596 13.1741666793823
-3.4e+38 14.7641668319702 14.7291669845581 14.319167137146 13.9125003814697 13.578332901001 13.2516670227051 13.0266666412354 13.0808334350586 13.1683330535889 13.2666664123535 13.3491668701172 13.453332901001 13.5091667175293 13.5316667556763 13.5325002670288 13.5483331680298 13.6149997711182 13.734167098999 13.9300003051758 14.102499961853 14.2958335876465 -3.4e+38 -3.4e+38 14.8333330154419 14.9591665267944 -3.4e+38 -3.4e+38 -3.4e+38 -3.4e+38 -3.4e+38 -3.4e+38 -3.4e+38 -3.4e+38 -3.4e+38 -3.4e+38 -3.4e+38 -3.4e+38 -3.4e+38 -3.4e+38 -3.4e+38 -3.4e+38 14.3166666030884 14.0124998092651 13.7049999237061 13.4708337783813 13.3116664886475 13.2608337402344 13.2491664886475 13.2441663742065 13.227499961853 13.2075004577637 13.2174997329712
-3.4e+38 15.0166664123535 14.9475002288818 14.8175001144409 14.3316669464111 13.9458332061768 13.6166667938232 13.4158334732056 13.4941663742065 13.5716667175293 13.6941661834717 13.789999961853 13.9133338928223 13.9616670608521 13.9825000762939 13.9916667938232 14.0325002670288 14.1266670227051 14.2408332824707 14.3733329772949 14.4433336257935 -3.4e+38 -3.4e+38 -3.4e+38 -3.4e+38 -3.4e+38 -3.4e+38 -3.4e+38 -3.4e+38 -3.4e+38 -3.4e+38 -3.4e+38 -3.4e+38 -3.4e+38 -3.4e+38 -3.4e+38 -3.4e+38 -3.4e+38 -3.4e+38 -3.4e+38 -3.4e+38 -3.4e+38 -3.4e+38 14.3933334350586 14.0666666030884 13.7733335494995 13.5758333206177 13.4099998474121 13.3725004196167 13.2924995422363 13.2333335876465 13.1908330917358 13.2441663742065
-3.4e+38 15.3458337783813 15.1800003051758 15.2183332443237 14.7841663360596 14.3266668319702 14.0074996948242 13.8450002670288 13.9650001525879 14.0741662979126 14.2150001525879 14.3375005722046 14.4683332443237 14.4966669082642 14.5216665267944 14.5408334732056 14.5766668319702 14.6308326721191 14.6449995040894 14.6166667938232 14.6774997711182 -3.4e+38 -3.4e+38 -3.4e+38 -3.4e+38 -3.4e+38 -3.4e+38 -3.4e+38 -3.4e+38 -3.4e+38 -3.4e+38 -3.4e+38 -3.4e+38 -3.4e+38 -3.4e+38 -3.4e+38 -3.4e+38 -3.4e+38 -3.4e+38 -3.4e+38 -3.4e+38 -3.4e+38 -3.4e+38 -3.4e+38 14.4099998474121 14.0508327484131 13.7783327102661 13.5474996566772 13.4283332824707 13.3358335494995 13.283332824707 13.2608327865601 13.2941665649414
-3.4e+38 15.6999998092651 15.4674997329712 15.5516662597656 15.296667098999 14.8316669464111 14.5008335113525 14.359167098999 14.5024995803833 14.6083335876465 14.7699995040894 14.9008331298828 15.0241670608521 15.0150003433228 15.0541667938232 15.0266666412354 15.0100002288818 14.9416666030884 14.8500003814697 14.9158334732056 -3.4e+38 -3.4e+38 -3.4e+38 -3.4e+38 -3.4e+38 -3.4e+38 -3.4e+38 -3.4e+38 -3.4e+38 -3.4e+38 -3.4e+38 -3.4e+38 -3.4e+38 -3.4e+38 -3.4e+38 -3.4e+38 -3.4e+38 -3.4e+38 -3.4e+38 -3.4e+38 -3.4e+38 -3.4e+38 -3.4e+38 -3.4e+38 14.7091665267944 14.375 14 13.7058334350586 13.5050001144409 13.3758335113525 13.3000001907349 13.2758331298828 13.3016662597656
-3.4e+38 16.0441665649414 15.7741670608521 15.8616666793823 15.7166662216187 15.3291664123535 15.0116662979126 14.9166669845581 15.0283336639404 15.1099996566772 15.2366666793823 15.3783330917358 15.5033330917358 15.4908332824707 15.5066661834717 15.381667137146 15.2208337783813 15.2066669464111 -3.4e+38 -3.4e+38 -3.4e+38 -3.4e+38 -3.4e+38 -3.4e+38 -3.4e+38 -3.4e+38 -3.4e+38 -3.4e+38 -3.4e+38 -3.4e+38 -3.4e+38 -3.4e+38 -3.4e+38 -3.4e+38 -3.4e+38 -3.4e+38 -3.4e+38 -3.4e+38 -3.4e+38 -3.4e+38 -3.4e+38 -3.4e+38 -3.4e+38 -3.4e+38 -3.4e+38 14.6674995422363 14.3008337020874 13.9291667938232 13.6758337020874 13.4741668701172 13.3766670227051 13.3225002288818 13.2958335876465
-3.4e+38 16.4524993896484 16.0691661834717 15.9166669845581 15.9733333587646 15.7699995040894 15.5091667175293 15.4158334732056 15.5283336639404 15.5916662216187 15.7066669464111 15.7516670227051 15.8275003433228 15.819167137146 15.7808332443237 15.6533336639404 -3.4e+38 -3.4e+38 -3.4e+38 -3.4e+38 -3.4e+38 -3.4e+38 -3.4e+38 -3.4e+38 -3.4e+38 -3.4e+38 -3.4e+38 -3.4e+38 -3.4e+38 -3.4e+38 -3.4e+38 -3.4e+38 -3.4e+38 -3.4e+38 -3.4e+38 -3.4e+38 -3.4e+38 -3.4e+38 -3.4e+38 -3.4e+38 -3.4e+38 -3.4e+38 -3.4e+38 -3.4e+38 -3.4e+38 -3.4e+38 14.5958337783813 14.2108335494995 13.8641662597656 13.625 13.4566669464111 13.3516664505005 13.2841663360596
-3.4e+38 -3.4e+38 -3.4e+38 -3.4e+38 -3.4e+38 15.9300003051758 15.7808332443237 15.7933330535889 15.8808336257935 15.9141664505005 16.0191669464111 16.0799999237061 16.1458339691162 16.1450004577637 -3.4e+38 -3.4e+38 -3.4e+38 -3.4e+38 -3.4e+38 -3.4e+38 -3.4e+38 -3.4e+38 -3.4e+38 -3.4e+38 -3.4e+38 -3.4e+38 -3.4e+38 -3.4e+38 -3.4e+38 -3.4e+38 -3.4e+38 -3.4e+38 -3.4e+38 -3.4e+38 -3.4e+38 -3.4e+38 -3.4e+38 -3.4e+38 -3.4e+38 -3.4e+38 -3.4e+38 -3.4e+38 -3.4e+38 -3.4e+38 -3.4e+38 -3.4e+38 -3.4e+38 -3.4e+38 -3.4e+38 13.8383331298828 13.6016664505005 13.4058332443237 13.2958335876465
-3.4e+38 -3.4e+38 -3.4e+38 -3.4e+38 -3.4e+38 -3.4e+38 -3.4e+38 -3.4e+38 16.1875 16.1958332061768 16.2983341217041 16.4108333587646 -3.4e+38 -3.4e+38 -3.4e+38 -3.4e+38 -3.4e+38 -3.4e+38 -3.4e+38 -3.4e+38 -3.4e+38 -3.4e+38 -3.4e+38 -3.4e+38 -3.4e+38 -3.4e+38 -3.4e+38 -3.4e+38 -3.4e+38 -3.4e+38 -3.4e+38 -3.4e+38 -3.4e+38 -3.4e+38 -3.4e+38 -3.4e+38 -3.4e+38 -3.4e+38 -3.4e+38 -3.4e+38 -3.4e+38 -3.4e+38 -3.4e+38 -3.4e+38 -3.4e+38 -3.4e+38 -3.4e+38 -3.4e+38 -3.4e+38 14.0533332824707 13.765832901001 13.5550003051758 13.3933334350586
