layers/avg_2014_tmin0.asc
NCOLS 292 
NROWS 291 
XLLCORNER -87.6458333327872 
YLLCORNER 24.4791666666667 
CELLSIZE 0.0416666666669039 
NODATA_value -3.4e+38 
[rows 24 to 47 of 291, columns 212 to 264 of 292]
8.65250015258789 8.60000038146973 8.51749992370605 8.36416625976562 8.33749961853027 8.35083293914795 8.36666679382324 8.33500003814697 8.52000045776367 8.73000049591064 8.9283332824707 8.97749996185303 9.00833320617676 9.08749961853027 9.15750026702881 9.23916625976562 9.21583366394043 9.23583316802979 9.50083351135254 9.67083358764648 9.7408332824707 9.78083324432373 9.87833309173584 9.91750049591064 9.90166664123535 9.76749992370605 9.71083354949951 9.76333332061768 9.80666637420654 9.8149995803833 9.90499973297119 9.83749961853027 9.83749961853027 9.85333347320557 9.87333297729492 9.95083332061768 9.98999977111816 10.0541667938232 10.1925001144409 10.3083333969116 10.4075002670288 10.4116668701172 10.3575000762939 10.3241662979126 10.3049993515015 10.2825002670288 10.2508335113525 10.210000038147 10.2150001525879 10.2258329391479 10.2858333587646 10.3358335494995 10.3316669464111
8.54833316802979 8.58916664123535 8.62083339691162 8.47083377838135 8.49499988555908 8.47000026702881 8.39499950408936 8.51333332061768 8.75083351135254 8.93166637420654 9.03666687011719 9.00500011444092 9.01499938964844 9.10916614532471 9.23333358764648 9.33333301544189 9.31666660308838 9.37333393096924 9.55749988555908 9.60499954223633 9.6341667175293 9.73750019073486 9.78499984741211 9.79416656494141 9.83749961853027 9.88916683197021 9.79083347320557 9.83583354949951 9.8658332824707 9.88000011444092 10.0249996185303 10.029167175293 9.95083332061768 9.91583347320557 9.95416641235352 9.96583366394043 9.99333381652832 10.0841665267944 10.2316665649414 10.3516664505005 10.5558338165283 10.6691665649414 10.5958337783813 10.4825000762939 10.3625001907349 10.3366670608521 10.3450002670288 10.3558330535889 10.4258337020874 10.4958333969116 10.5491666793823 10.609167098999 10.6208333969116
8.5508337020874 8.64499950408936 8.72916698455811 8.6274995803833 8.50166702270508 8.52666664123535 8.5 8.68499946594238 8.91083335876465 8.96500015258789 9.00416660308838 9.03416633605957 9.05500030517578 9.12333297729492 9.28499984741211 9.42666625976562 9.48166656494141 9.55166721343994 9.57833290100098 9.62583351135254 9.69833374023438 9.72999954223633 9.81583309173584 9.81750011444092 9.86250019073486 9.91499996185303 9.89750003814697 9.85833358764648 9.92749977111816 9.97749996185303 10.1058330535889 10.1833333969116 10.0775003433228 10.055832862854 10.0091667175293 10.0291662216187 10.1191663742065 10.2266664505005 10.3266668319702 10.4324998855591 10.585000038147 10.6774997711182 10.6975002288818 10.6416664123535 10.522500038147 10.4891662597656 10.4933338165283 10.5508327484131 10.6566667556763 10.7299995422363 10.7674999237061 10.7708330154419 10.7825002670288
8.74416637420654 8.90999984741211 9.01500034332275 8.93499946594238 8.85166645050049 8.73166656494141 8.70083332061768 8.86250019073486 8.99666690826416 9.01249980926514 9.0600004196167 9.10916709899902 9.16749954223633 9.22833347320557 9.3241662979126 9.46666717529297 9.66750049591064 9.77583312988281 9.74250030517578 9.694167137146 9.73916721343994 9.79583358764648 9.86250019073486 9.89333343505859 9.84083366394043 9.8658332824707 9.95333290100098 10.0366668701172 10.1000003814697 10.2383337020874 10.3000001907349 10.3249998092651 10.2666664123535 10.2125005722046 10.1949996948242 10.2241668701172 10.296667098999 10.3208332061768 10.3883333206177 10.5074996948242 10.5924997329712 10.654167175293 10.6691665649414 10.6658334732056 10.6858329772949 10.6608333587646 10.647500038147 10.743332862854 10.8591661453247 10.8850002288818 10.8591661453247 10.8766670227051 10.9433336257935
8.94083309173584 9.28333377838135 9.37416648864746 9.26666641235352 9.18083381652832 9.08833312988281 9.03749942779541 9.21416664123535 9.21583366394043 9.19250011444092 9.23999977111816 9.22999954223633 9.25833320617676 9.40166664123535 9.5091667175293 9.67166709899902 9.74666690826416 9.80583381652832 9.82416725158691 9.78833293914795 9.84583377838135 9.90250015258789 9.92916679382324 9.92916679382324 9.94833278656006 9.9883337020874 10.0041666030884 10.0266666412354 10.1908330917358 10.390832901001 10.5166664123535 10.5074996948242 10.4833335876465 10.359167098999 10.3866672515869 10.368332862854 10.368332862854 10.3716669082642 10.4650001525879 10.522500038147 10.6033334732056 10.6800003051758 10.6983337402344 10.6966667175293 10.7466669082642 10.7291669845581 10.8016662597656 10.8999996185303 11.0458335876465 11.0100002288818 11.0308332443237 11.2008333206177 11.2116670608521
9.25583362579346 9.55916690826416 9.58749961853027 9.37166690826416 9.26999950408936 9.31166648864746 9.35750007629395 9.37916660308838 9.26000022888184 9.27333354949951 9.27499961853027 9.34333324432373 9.46416664123535 9.57250022888184 9.76083374023438 9.82499980926514 9.90833377838135 10.0166664123535 10.1141662597656 10.1041669845581 10.164999961853 10.125 10.0758333206177 10.0725002288818 10.055832862854 10.0150003433228 10.0600004196167 10.1408338546753 10.2650003433228 10.4441661834717 10.5016670227051 10.4908332824707 10.5424995422363 10.4816665649414 10.453332901001 10.430832862854 10.3983335494995 10.4899997711182 10.533332824707 10.555832862854 10.6291666030884 10.7016668319702 10.6983337402344 10.7224998474121 10.7924995422363 10.8566665649414 10.9049997329712 10.9766664505005 11.0841665267944 11.0799999237061 11.2083330154419 11.4991664886475 11.5875005722046
9.48250007629395 9.53083324432373 9.51249980926514 9.51749992370605 9.55000019073486 9.57666683197021 9.51000022888184 9.56083297729492 9.39750003814697 9.31333351135254 9.32750034332275 9.36166667938232 9.33749961853027 9.44333362579346 9.65499973297119 9.70499992370605 9.78916645050049 9.83833312988281 10.1783332824707 10.3500003814697 10.4433336257935 10.3058338165283 10.1766662597656 10.0883331298828 10.0566663742065 10.0766668319702 10.1149997711182 10.1966667175293 10.2799997329712 10.3291664123535 10.4349994659424 10.3983335494995 10.460000038147 10.4099998474121 10.4233331680298 10.4291667938232 10.4574995040894 10.5141668319702 10.5908336639404 10.6191663742065 10.6458330154419 10.7441663742065 10.7958335876465 10.8675003051758 10.9608335494995 11.0408334732056 11.085000038147 11.0041666030884 10.9991664886475 11.1283330917358 11.2066669464111 11.3625001907349 11.6858329772949
9.42416667938232 9.47333335876465 9.53999996185303 9.62416648864746 9.68666648864746 9.61999988555908 9.6875 9.71166706085205 9.51916694641113 9.39499950408936 9.3774995803833 9.3033332824707 9.3033332824707 9.45083332061768 9.58833312988281 9.63583374023438 9.81583309173584 9.875 9.90916633605957 9.99499988555908 10.2691669464111 10.3074998855591 10.1291666030884 10.0025005340576 9.98999977111816 10.022500038147 10.0816669464111 10.1508331298828 10.2041664123535 10.1575002670288 10.1741666793823 10.2416667938232 10.2333335876465 10.2491664886475 10.2375001907349 10.3316669464111 10.4941663742065 10.5341663360596 10.6066665649414 10.7025003433228 10.7441663742065 10.8066663742065 10.9624996185303 11.0925006866455 11.1191663742065 11.1075000762939 11.0841665267944 11.0174999237061 10.9791669845581 10.9658336639404 11.0333337783813 11.2233333587646 11.5799999237061
9.57750034332275 9.64833354949951 9.65999984741211 9.62333297729492 9.60166645050049 9.67749977111816 9.78250026702881 9.77333354949951 9.68000030517578 9.48666667938232 9.39000034332275 9.36166667938232 9.35083389282227 9.47000026702881 9.5600004196167 9.65999984741211 9.73083305358887 9.77916622161865 9.76000022888184 9.83666706085205 9.98416709899902 10.0574998855591 9.9375 9.86916637420654 9.85666656494141 9.84166622161865 9.86499977111816 9.88916683197021 9.86750030517578 9.82999992370605 9.89083290100098 9.96916675567627 9.99666690826416 10.0408334732056 10.1300001144409 10.2574996948242 10.3841667175293 10.5050001144409 10.6224994659424 10.8008337020874 10.9408330917358 11.0191669464111 11.1183338165283 11.1399993896484 11.147500038147 11.1408338546753 11.1066665649414 11.0524997711182 10.9608335494995 10.8866672515869 10.9058332443237 11.0825004577637 11.4208335876465
9.80249977111816 9.87416648864746 9.68000030517578 9.64750003814697 9.6158332824707 9.6966667175293 9.83583354949951 9.89416694641113 9.92249965667725 9.70416641235352 9.53750038146973 9.493332862854 9.46666717529297 9.49499988555908 9.57999992370605 9.5625 9.56166648864746 9.61166667938232 9.64666652679443 9.68666648864746 9.75999927520752 9.84333324432373 9.8841667175293 9.85750007629395 9.75583362579346 9.61999988555908 9.61750030517578 9.6274995803833 9.60416698455811 9.53250026702881 9.49916648864746 9.64583301544189 9.73750019073486 9.8774995803833 10.046667098999 10.1991662979126 10.3441667556763 10.4133329391479 10.5550003051758 10.8491668701172 11.0658330917358 11.1016664505005 11.0808334350586 11.1466665267944 11.1833333969116 11.1791667938232 11.1599998474121 11.0708332061768 10.9541664123535 10.8500003814697 10.8474998474121 11.1516666412354 11.640832901001
9.96583366394043 9.93666648864746 9.87916660308838 9.83250045776367 9.73499965667725 9.86083316802979 9.90250015258789 9.99333381652832 9.97416687011719 9.8774995803833 9.71000003814697 9.59833335876465 9.53999996185303 9.53750038146973 9.5649995803833 9.54166698455811 9.54416656494141 9.54083347320557 9.53250026702881 9.56083297729492 9.59416675567627 9.63083362579346 9.69833374023438 9.78416633605957 9.75166606903076 9.66749954223633 9.63333320617676 9.63249969482422 9.52250003814697 9.44999980926514 9.46416664123535 9.6341667175293 9.76749992370605 9.9283332824707 10.1191663742065 10.2108335494995 10.3258333206177 10.4766664505005 10.664999961853 10.8533334732056 10.9858331680298 11.1141662597656 11.131667137146 11.140832901001 11.1633329391479 11.1741666793823 11.1625003814697 11.0833330154419 10.9441661834717 10.8308334350586 10.9300003051758 11.3699998855591 11.9458332061768
9.97333335876465 9.96166706085205 9.97166633605957 9.91916656494141 9.87833309173584 10.0233335494995 9.97833347320557 9.96749973297119 9.98750019073486 9.89583301544189 9.80666637420654 9.72249984741211 9.67916679382324 9.60583305358887 9.53916645050049 9.52499961853027 9.506667137146 9.44833278656006 9.47000026702881 9.50583362579346 9.555832862854 9.57833385467529 9.59000015258789 9.62583351135254 9.68666648864746 9.67249965667725 9.65750026702881 9.64333343505859 9.60416603088379 9.53750038146973 9.59749984741211 9.69250011444092 9.89500045776367 10.0900001525879 10.1816663742065 10.265832901001 10.4274997711182 10.595832824707 10.7383337020874 10.8291664123535 10.8850002288818 11.0641670227051 11.1899995803833 11.1841669082642 11.1383333206177 11.1266670227051 11.1316661834717 11.1216669082642 11.0183334350586 10.9141664505005 11.0799999237061 11.5216665267944 12.1099996566772
9.93666648864746 10.0083332061768 9.99833393096924 9.91333293914795 9.99250030517578 10.0816669464111 10.1491661071777 10.1350002288818 10.0591669082642 10.0641670227051 9.92916679382324 9.87666606903076 9.73583316802979 9.64333343505859 9.60333347320557 9.53083324432373 9.53333377838135 9.50166702270508 9.40999984741211 9.34583377838135 9.48499965667725 9.45083332061768 9.55833339691162 9.52999973297119 9.68000030517578 9.69416618347168 9.71916675567627 9.70166683197021 9.66333293914795 9.67000007629395 9.66250038146973 9.86166667938232 9.99250030517578 10.1241664886475 10.2283334732056 10.2825002670288 10.4308338165283 10.654167175293 10.7808332443237 10.8649997711182 10.9750003814697 11.0699996948242 11.3050003051758 11.3041667938232 11.2333335876465 11.1824998855591 11.1866664886475 11.1999998092651 11.1541662216187 11.0825004577637 11.2449998855591 11.7608337402344 12.3908338546753
10.0491666793823 10.0658330917358 10.0249996185303 9.93249988555908 9.9375 10.039999961853 10.1316661834717 10.1750001907349 10.0883331298828 10.1516666412354 10.0066661834717 10.0124998092651 9.8149995803833 9.71583366394043 9.625 9.57250022888184 9.49666690826416 9.42333316802979 9.3658332824707 9.41749954223633 9.36083316802979 9.31833362579346 9.28499984741211 9.39499950408936 9.62333297729492 9.70166683197021 9.68416690826416 9.72749996185303 9.70499992370605 9.68916702270508 9.73166656494141 9.88000011444092 9.98166656494141 10.0266666412354 10.1374998092651 10.3008337020874 10.5058326721191 10.6816663742065 10.7874994277954 10.8966665267944 10.9633331298828 10.9941663742065 11.2333335876465 11.3691663742065 11.3566665649414 11.3366670608521 11.3483333587646 11.3491668701172 11.283332824707 11.2158327102661 11.4433336257935 11.9958333969116 12.6324996948242
10.1075000762939 10.1166667938232 10.0783338546753 10.0283336639404 10.0541667938232 10.0608329772949 10.1175003051758 10.1433334350586 10.1341667175293 10.210000038147 10.0741672515869 10.1491670608521 10.0074996948242 9.84833335876465 9.72749996185303 9.60999965667725 9.48416614532471 9.28250026702881 9.11083316802979 9.39833354949951 9.47999954223633 9.42916679382324 9.32333374023438 9.40666675567627 9.60499954223633 9.63833332061768 9.60083293914795 9.64499950408936 9.68666648864746 9.65583324432373 9.70833301544189 9.76666641235352 9.84833335876465 9.95249938964844 10.0783338546753 10.2525005340576 10.3941669464111 10.6491670608521 10.765832901001 10.8874998092651 11.0191669464111 11.0683336257935 11.1400003433228 11.2733335494995 11.3833332061768 11.4174995422363 11.4633331298828 11.4991664886475 11.4058332443237 11.3408336639404 11.4916667938232 11.9075002670288 12.3683338165283
10.0708332061768 10.1800003051758 10.1633329391479 10.1108331680298 9.99916648864746 10.0299997329712 10.0616664886475 10.0041666030884 10.0658330917358 10.1774997711182 10.1358337402344 10.2950000762939 10.1166667938232 9.93583297729492 9.76833343505859 9.64166641235352 9.46500015258789 9.30166625976562 9.19333362579346 9.30000019073486 9.37083339691162 9.37583351135254 9.27916622161865 9.50250053405762 9.62583351135254 9.59833335876465 9.59999942779541 9.61499977111816 9.61250019073486 9.62166690826416 9.67166709899902 9.71166706085205 9.81083297729492 9.85416698455811 10.0333337783813 10.2016668319702 10.3091669082642 10.5775003433228 10.7575006484985 10.8899993896484 11.015832901001 11.0550003051758 11.1674995422363 11.3216667175293 11.4866666793823 11.569167137146 11.6208333969116 11.6116666793823 11.5583333969116 11.4750003814697 11.4025001525879 11.5266666412354 11.8516664505005
10.2316665649414 10.180832862854 10.1441669464111 10.1300001144409 10.0600004196167 10.0291662216187 9.89999961853027 10.0658330917358 9.98416709899902 10.1575002670288 10.022500038147 10.1533336639404 10.0608339309692 9.93000030517578 9.7524995803833 9.67249965667725 9.53416633605957 9.46666622161865 9.36499977111816 9.39333343505859 9.39750003814697 9.30249977111816 9.32083320617676 9.46333312988281 9.49833297729492 9.59833335876465 9.62166690826416 9.625 9.60416698455811 9.58416652679443 9.65333366394043 9.72166633605957 9.83833312988281 9.8633337020874 9.95416641235352 10.1199998855591 10.3116664886475 10.4741668701172 10.6424999237061 10.8066663742065 10.9575004577637 11.0699996948242 11.2491664886475 11.4441661834717 11.5591669082642 11.6700000762939 11.7466669082642 11.7116670608521 11.6308336257935 11.5299997329712 11.4866666793823 11.4991664886475 11.6833333969116
10.1675004959106 10.1266670227051 10.0808334350586 10.0249996185303 10.0116662979126 9.95749950408936 9.93916702270508 9.91333293914795 9.95583343505859 9.90416717529297 9.90250015258789 10.0108337402344 9.8658332824707 9.80416679382324 9.71416664123535 9.73416709899902 9.64750003814697 9.59666633605957 9.45499992370605 9.37666702270508 9.37916660308838 9.430832862854 9.45749950408936 9.46666717529297 9.53250026702881 9.59500026702881 9.65166664123535 9.68916606903076 9.71166706085205 9.64583301544189 9.6875 9.72749996185303 9.85583305358887 9.88583374023438 9.89750003814697 10.0799999237061 10.2533330917358 10.3583335876465 10.5675001144409 10.7383337020874 10.9475002288818 11.1433334350586 11.3566665649414 11.515832901001 11.6316661834717 11.7266664505005 11.7616662979126 11.7008333206177 11.647500038147 11.5675001144409 11.5591669082642 11.6516666412354 11.8308334350586
10.1341667175293 10.0416669845581 10.0141668319702 9.95916652679443 9.90750026702881 9.91416645050049 9.95833301544189 9.80999946594238 9.81750011444092 9.89083290100098 9.73583316802979 9.81083297729492 9.71166706085205 9.80000019073486 9.82583332061768 9.8033332824707 9.69999980926514 9.57250022888184 9.46166706085205 9.49499988555908 9.52499961853027 9.50083351135254 9.51999950408936 9.50083351135254 9.56750011444092 9.65416622161865 9.74499988555908 9.80916690826416 9.8216667175293 9.77916622161865 9.75833320617676 9.85333347320557 9.91749954223633 9.83916664123535 9.91333293914795 10.0775003433228 10.2174997329712 10.4066667556763 10.6058330535889 10.8083333969116 11.0066661834717 11.2366666793823 11.4883337020874 11.664999961853 11.7308330535889 11.7550001144409 11.6400003433228 11.6133337020874 11.6533336639404 11.6991672515869 11.7808332443237 11.8874998092651 12.0741672515869
9.95666694641113 9.90083312988281 9.90083312988281 9.89083290100098 9.85999965667725 9.80416679382324 9.89333343505859 9.84416675567627 9.78166675567627 9.81666660308838 9.79916667938232 9.65583324432373 9.75833320617676 9.84166622161865 9.88583374023438 9.81166648864746 9.64833354949951 9.54083347320557 9.47333335876465 9.53250026702881 9.52250003814697 9.45083332061768 9.51916694641113 9.53333377838135 9.57666683197021 9.65416622161865 9.73750019073486 9.84999942779541 9.91083335876465 9.8633337020874 9.88000011444092 9.98083305358887 10.1233329772949 9.98333358764648 10.0758333206177 10.2766666412354 10.4849996566772 10.6875 10.8258333206177 11.0883331298828 11.3258333206177 11.5600004196167 11.8025007247925 11.9541664123535 11.8891668319702 11.7708330154419 11.5791664123535 11.5816669464111 11.7574996948242 11.9233331680298 12.1125001907349 12.2974996566772 12.5433330535889
9.93583297729492 9.85583305358887 9.85416698455811 9.87666702270508 9.80416679382324 9.72249984741211 9.82833290100098 9.868332862854 9.92249965667725 9.77000045776367 9.80666637420654 9.84416675567627 9.63583374023438 9.82250022888184 9.78833293914795 9.7408332824707 9.66250038146973 9.55916690826416 9.54500007629395 9.54500007629395 9.53999996185303 9.51083278656006 9.5508337020874 9.58249950408936 9.61750030517578 9.65083312988281 9.71500015258789 9.81083297729492 9.86166667938232 9.94166660308838 10.1266670227051 10.2666664123535 10.4866666793823 10.5458335876465 10.5974998474121 10.6533336639404 10.921667098999 11.1441669464111 11.3000001907349 11.5625 11.7291669845581 11.8991670608521 12.0508337020874 12.1674995422363 12.1258335113525 12.0458335876465 11.9574995040894 12.0450000762939 12.2925004959106 12.5050001144409 12.6549997329712 12.8533334732056 13.0633335113525
10.2516670227051 10.2200002670288 9.9350004196167 9.78499984741211 9.77999973297119 9.77083301544189 9.91833305358887 9.90499973297119 9.95499992370605 9.9375 9.80249977111816 9.84833335876465 9.82249927520752 9.71583366394043 9.81333351135254 9.80000019073486 9.74333381652832 9.67083358764648 9.65416717529297 9.59583377838135 9.57666683197021 9.61750030517578 9.66666698455811 9.65999984741211 9.63916683197021 9.64000034332275 9.70833301544189 9.78166675567627 9.85000038146973 10.0183334350586 10.2866668701172 10.5658330917358 10.9358329772949 11.1149997711182 11.2316665649414 11.2583332061768 11.4400005340576 11.5950002670288 11.6966667175293 11.897500038147 12.0708332061768 12.2366666793823 12.4875001907349 12.6908330917358 12.7333335876465 12.6866664886475 12.5658330917358 12.6708335876465 12.8908338546753 13.0374994277954 13.078332901001 13.2408332824707 13.414999961853
10.2608337402344 10.3175001144409 10.2624998092651 9.96916675567627 9.89666652679443 9.92166709899902 10.0191669464111 10.0316667556763 10.0524997711182 10.0891666412354 10.0375003814697 9.84000015258789 9.89666652679443 9.8149995803833 9.83083343505859 9.88333320617676 9.84916687011719 9.8008337020874 9.77583312988281 9.74583339691162 9.756667137146 9.70666694641113 9.71583366394043 9.74666690826416 9.70750045776367 9.66250038146973 9.680832862854 9.76666641235352 9.88000011444092 10.1125001907349 10.3691663742065 10.6516666412354 11.0649995803833 11.3633337020874 11.5749998092651 11.6800003051758 11.8216667175293 11.9141664505005 12.0608339309692 12.289999961853 12.6016664505005 12.8724994659424 13.1125001907349 13.243332862854 -3.4e+38 -3.4e+38 -3.4e+38 -3.4e+38 -3.4e+38 -3.4e+38 -3.4e+38 -3.4e+38 -3.4e+38
10.2258329391479 10.319167137146 10.3299999237061 10.3225002288818 10.2916669845581 10.1566667556763 10.1658334732056 10.1341667175293 10.1041669845581 10.1608333587646 10.1291666030884 10.0258331298828 9.94166660308838 9.83333301544189 9.92249965667725 9.9491662979126 9.95166683197021 9.9283332824707 9.87916660308838 9.85916709899902 9.89000034332275 9.84583377838135 9.84249973297119 9.83500003814697 9.73666667938232 9.62833309173584 9.60750007629395 9.73166656494141 9.97083377838135 10.227499961853 10.5199995040894 10.890832901001 11.2674999237061 11.5116662979126 11.7916669845581 12.0183334350586 12.1366662979126 12.2358331680298 12.5658330917358 12.9266672134399 -3.4e+38 -3.4e+38 -3.4e+38 -3.4e+38 -3.4e+38 -3.4e+38 -3.4e+38 -3.4e+38 -3.4e+38 -3.4e+38 -3.4e+38 -3.4e+38 -3.4e+38
