layers/avg_2014_tmax0.asc
NCOLS 292 
NROWS 291 
XLLCORNER -87.6458333327872 
YLLCORNER 24.4791666666667 
CELLSIZE 0.0416666666669039 
NODATA_value -3.4e+38 
[rows 48 to 71 of 291, columns 53 to 105 of 292]
19.4991664886475 20.8641662597656 20.7325000762939 20.8799991607666 20.3016662597656 20.5266666412354 20.6316661834717 20.3291664123535 20.1991672515869 20.8958339691162 21.013334274292 21.0874996185303 21.1266670227051 21.0516662597656 21.0341663360596 21.0825004577637 21.0041656494141 20.9400005340576 20.6483325958252 20.1725006103516 19.7741661071777 19.8975009918213 19.8033332824707 19.470832824707 19.1200008392334 19.0016670227051 18.7175006866455 18.6949996948242 18.3858337402344 18.5825004577637 19.4524993896484 19.8950004577637 20.031665802002 20.1224994659424 20.1991672515869 20.0408325195312 20.0324993133545 20.2083339691162 20.3008327484131 20.2516670227051 20.220832824707 20.3325004577637 20.3558330535889 20.4483337402344 20.4966659545898 20.5100002288818 20.5416660308838 20.533332824707 20.6574993133545 21.3800010681152 22.0149993896484 22.2325000762939 22.1341667175293
20.9716663360596 20.8974990844727 21.0424995422363 21.2574996948242 20.2358341217041 20.825834274292 20.8824996948242 20.3216667175293 19.9274997711182 20.8700008392334 21.2558326721191 21.2333335876465 21.1683330535889 21.2299995422363 21.1783332824707 21.2325000762939 21.1158332824707 20.9608325958252 20.1833324432373 20.470832824707 20.2083339691162 20.1525001525879 19.8333339691162 19.2924995422363 18.7199993133545 17.9650001525879 18.1358337402344 19.3941669464111 19.7416667938232 19.8758335113525 19.8491668701172 19.8675003051758 20.1241664886475 20.2633323669434 20.2841663360596 20.2983341217041 20.3241672515869 20.3241672515869 20.2841663360596 20.1991672515869 20.4200000762939 20.533332824707 20.484167098999 20.5 20.2625007629395 20.1983337402344 20.2666664123535 20.4624996185303 21.0224990844727 21.6124992370605 21.9466667175293 21.9675006866455 21.9449996948242
21.1200008392334 21.3274993896484 21.4308338165283 20.9874992370605 21.125 21.1033325195312 20.9025001525879 21.0850009918213 20.3866672515869 20.7466659545898 21.3558330535889 21.3533325195312 21.2283344268799 21.1216659545898 21.2000007629395 21.3016662597656 21.1933326721191 20.9516658782959 20.4266662597656 20.1499996185303 20.3341674804688 20.1058330535889 19.8125 19.3883323669434 19.4383335113525 19.1933326721191 18.3400001525879 19.5191669464111 20.0249996185303 20.0491676330566 19.9858322143555 19.8958339691162 20.1100006103516 20.1733341217041 20.3899993896484 20.4424991607666 20.343334197998 20.4333324432373 20.4300003051758 20.2558326721191 20.359167098999 20.3066673278809 20.5983333587646 20.3708324432373 20.2291660308838 19.9025001525879 20.3058338165283 20.8683338165283 21.2158336639404 21.7291660308838 21.7999992370605 21.921667098999 21.9333343505859
21.4858341217041 21.5224990844727 21.3924999237061 20.7458324432373 21.4141674041748 20.9516658782959 20.8391666412354 21.5458335876465 21.4341659545898 21.2600002288818 21.4899997711182 21.3916664123535 21.3641662597656 21.1083335876465 21.2616672515869 21.3558330535889 21.2383327484131 21.2758331298828 20.8741664886475 20.2358322143555 20.2924995422363 19.8983325958252 19.3299999237061 19.5650005340576 19.7858333587646 19.825834274292 19.5508327484131 19.6658325195312 20.0283336639404 20.1941661834717 20.1533336639404 20.2350006103516 20.1749992370605 20.3308334350586 20.3633327484131 20.4974994659424 20.6383323669434 20.6700000762939 20.5799999237061 20.5366668701172 20.4874992370605 20.593334197998 20.6375007629395 20.4816665649414 20.2924995422363 20.6783332824707 21.1508331298828 21.2608337402344 21.2758331298828 21.609167098999 21.6491661071777 21.8616676330566 21.9633331298828
21.5233325958252 21.6275005340576 20.6825008392334 21.3958339691162 21.4799995422363 21.3716659545898 21.3233337402344 21.3958339691162 21.6641674041748 21.4858341217041 21.3633327484131 21.3474998474121 21.3075008392334 21.0375003814697 21.2508335113525 21.3824996948242 21.3091659545898 21.3150005340576 21.1075000762939 20.4925003051758 20.1891670227051 19.4475002288818 19.6358337402344 20.2016677856445 20.2316665649414 20.4191665649414 20.3233337402344 20.155834197998 20.2108325958252 20.4149990081787 20.5341663360596 20.3991661071777 20.3950004577637 20.5224990844727 20.595832824707 20.7616672515869 20.7241668701172 20.7683334350586 20.6875 20.6875 20.7083339691162 20.8225002288818 20.6683330535889 20.5033340454102 20.8433322906494 21.1916656494141 21.2008323669434 21.0641670227051 21.2700004577637 21.5849990844727 21.7616672515869 21.8575000762939 21.7633323669434
21.6641674041748 21.5283336639404 21.094165802002 21.1391658782959 21.5083332061768 21.5483341217041 21.7241668701172 21.700834274292 21.5733337402344 21.5375003814697 21.2391662597656 21.3583335876465 21.3691673278809 21.0816669464111 21.2700004577637 21.3641662597656 21.3924999237061 21.2666664123535 20.7941665649414 20.5366668701172 20.2758331298828 20.1175003051758 20.2975006103516 20.5608329772949 20.7941665649414 20.6433334350586 20.7441673278809 20.5499992370605 20.6141662597656 20.7875003814697 20.8766670227051 20.6908340454102 20.783332824707 20.658332824707 20.7175006866455 20.7549991607666 20.6658325195312 20.763334274292 20.8966674804688 20.8649997711182 20.9141674041748 20.8308334350586 20.7133331298828 21.0358333587646 21.095832824707 21.3216667175293 21.2983341217041 21.2558326721191 21.3474998474121 21.5641670227051 21.7508335113525 21.8875007629395 21.8400001525879
21.4091663360596 21.1266670227051 21.1458339691162 20.7733325958252 20.8641662597656 21.5550003051758 21.6691665649414 21.6683330535889 21.5225009918213 21.0125007629395 21.1433334350586 21.1058330535889 21.469165802002 21.1666660308838 21.1316661834717 21.2933330535889 21.4333324432373 21.3500003814697 21.0149993896484 20.1308326721191 20.529167175293 20.844165802002 20.6499996185303 20.7458343505859 21.1241664886475 21.0608329772949 21.1350002288818 21.0524997711182 21.0349998474121 21.013334274292 20.9074993133545 20.796667098999 20.7508335113525 20.6083335876465 20.6949996948242 20.8974990844727 20.8125 20.9050006866455 20.8091659545898 20.8858337402344 21.1374988555908 21.1124992370605 21.1533336639404 21.3349990844727 21.3916664123535 21.4991664886475 21.6041660308838 21.6900005340576 21.640832901001 21.6791667938232 21.7858333587646 21.8291664123535 21.9241676330566
20.8833332061768 20.9258327484131 21.3075008392334 21.484167098999 21.6166667938232 21.7066669464111 21.7049999237061 21.5366668701172 21.3274993896484 21.3533325195312 21.3291664123535 21.3850002288818 21.2124996185303 21.4191665649414 21.4283332824707 21.4733333587646 21.4241676330566 20.6375007629395 20.3958339691162 20.3258323669434 21.1000003814697 20.9375 20.6066665649414 20.9775009155273 21.3799991607666 21.2891674041748 21.2183322906494 21.2133331298828 21.1875 21.1049995422363 21.0200004577637 20.966667175293 20.8716659545898 20.5383338928223 20.6933326721191 20.8766670227051 20.908332824707 20.7533340454102 20.7049999237061 20.796667098999 21.2600002288818 21.4483337402344 21.3891658782959 21.5358333587646 21.6833324432373 21.7600002288818 21.8141670227051 21.8299999237061 21.9316673278809 21.8941669464111 21.8333339691162 21.9158344268799 21.781665802002
21.7516670227051 21.6133327484131 21.7508335113525 21.6625003814697 21.4383335113525 21.4466667175293 21.6616668701172 21.5699996948242 21.5483341217041 21.5608329772949 21.5983333587646 21.6508331298828 21.5608329772949 21.6375007629395 21.6066665649414 21.7066669464111 21.3958339691162 21.1833324432373 21.1116676330566 21.1233329772949 21.344165802002 21.2824993133545 21.3824996948242 21.4400005340576 21.1774997711182 20.9741668701172 21.0633335113525 20.9324989318848 20.9091663360596 20.9908332824707 20.9200000762939 20.8600006103516 20.9366664886475 21.0441665649414 20.9758338928223 21.0149993896484 20.9074993133545 20.7483329772949 20.8341674804688 21.0558338165283 21.2133331298828 21.4916667938232 21.6149997711182 21.7841663360596 21.8166656494141 21.8016662597656 21.8174991607666 21.9591674804688 21.9991664886475 21.9575004577637 21.9366664886475 21.9174995422363 21.9466667175293
21.904167175293 21.8166656494141 21.8116664886475 21.6774997711182 21.4591674804688 21.5491676330566 21.5424995422363 21.529167175293 21.593334197998 21.6416664123535 21.7108325958252 21.7024993896484 21.6391677856445 21.5983333587646 21.7624988555908 21.8183326721191 21.6058330535889 21.5641670227051 21.6016674041748 21.3533325195312 21.5399990081787 21.4816665649414 21.2649993896484 21.2049999237061 21.2049999237061 21.1616668701172 21.0450000762939 21.0166664123535 21.0074996948242 21.0883331298828 20.9866676330566 20.9991664886475 21.1983337402344 21.1275005340576 21.1475009918213 21.0716667175293 20.859167098999 20.8191661834717 21.0825004577637 21.1741676330566 21.468334197998 21.6208343505859 21.8191661834717 21.7883338928223 22.0566673278809 22.0766677856445 21.9200000762939 21.7933330535889 21.7758331298828 21.8291664123535 21.75 21.7333335876465 21.7950000762939
21.9200000762939 21.8891658782959 21.7908325195312 21.6925010681152 21.6800003051758 21.658332824707 21.6666660308838 21.6783332824707 21.6516666412354 21.6199989318848 21.6800003051758 21.7416667938232 21.7649993896484 21.6166667938232 21.7683334350586 21.8391666412354 21.8333339691162 21.8624992370605 21.7158336639404 21.7391662597656 21.7016658782959 21.4933338165283 21.2458343505859 21.2941665649414 21.2899990081787 21.263334274292 21.218334197998 21.1283340454102 21.075834274292 21.1691665649414 20.9166660308838 20.9925003051758 21.2124996185303 21.174165725708 21.1366672515869 20.9825000762939 20.9966659545898 21.2649993896484 21.2133331298828 21.4549999237061 21.5033340454102 21.8316669464111 22.0791664123535 22.0366668701172 22.0491676330566 22.0625 22.1733341217041 21.845832824707 21.7299995422363 21.7224998474121 21.6924991607666 21.7008323669434 21.7425003051758
21.8600006103516 21.7491664886475 21.8274993896484 21.8341674804688 21.8016662597656 21.7916660308838 21.8150005340576 21.8008327484131 21.7450008392334 21.7133331298828 21.7358341217041 21.8108329772949 21.7716674804688 21.716667175293 21.7308330535889 21.8708343505859 21.7775001525879 21.8099994659424 21.7508335113525 21.7983341217041 21.5499992370605 21.5524997711182 21.5341663360596 21.4624996185303 21.3241672515869 21.3583335876465 21.3083324432373 21.220832824707 21.0658340454102 21.1499996185303 21.0283336639404 21.2866668701172 21.3899993896484 21.2483329772949 21.0599994659424 20.9641666412354 21.2291660308838 21.5424995422363 21.6533336639404 21.6633338928223 21.8225002288818 21.844165802002 22.0508327484131 22.2066669464111 22.1341667175293 22.0833339691162 22.1591663360596 22.1000003814697 21.859167098999 21.8316669464111 21.6133327484131 21.625 21.7883338928223
21.6858329772949 21.8033332824707 21.8325004577637 21.8533325195312 21.8508338928223 21.845832824707 21.8700008392334 21.890832901001 21.8508338928223 21.8183326721191 21.7975006103516 21.8325004577637 21.7508335113525 21.6391658782959 21.5 21.6883335113525 21.841667175293 21.8291664123535 21.7800006866455 21.6100006103516 21.3666667938232 21.5249996185303 21.4958343505859 21.3441677093506 21.3483333587646 21.1550006866455 21.1191673278809 21.1116676330566 21.1924991607666 21.1033325195312 21.1458339691162 21.3516674041748 21.3783340454102 21.2133331298828 21.2466659545898 21.1416664123535 21.1533336639404 21.4141674041748 21.6933326721191 21.9974994659424 21.9799995422363 22.033332824707 22.033332824707 22.2199993133545 22.1949996948242 22.1725006103516 22.1991672515869 22.1800003051758 21.953332901001 21.9583339691162 21.7374992370605 21.8291664123535 21.8866672515869
-3.4e+38 21.7091674804688 21.8308334350586 21.904167175293 21.904167175293 21.8741664886475 21.9125003814697 21.8999996185303 21.8841667175293 21.8408336639404 21.7275009155273 21.6691665649414 21.6700000762939 21.7399997711182 21.7325000762939 21.8658332824707 21.8474998474121 21.8758335113525 21.8150005340576 21.5458335876465 21.3999996185303 21.5400009155273 21.3974990844727 21.0983333587646 21.2958335876465 21.1941661834717 21.2091674804688 21.3225002288818 21.2066669464111 21.2275009155273 21.3758335113525 21.5416660308838 21.5450000762939 21.4133338928223 21.344165802002 21.2266674041748 21.3700008392334 21.4775009155273 21.7583332061768 21.8150005340576 21.9791660308838 22.1933326721191 22.236665725708 22.3241672515869 22.3225002288818 22.1516666412354 22.046667098999 22.1625003814697 22.0925006866455 22.1058330535889 21.9833335876465 21.9966659545898 22.0233345031738
-3.4e+38 21.7175006866455 21.8016662597656 21.9174995422363 21.9558334350586 21.890832901001 21.8999996185303 21.8941669464111 21.8816661834717 21.9008331298828 21.7733325958252 21.6216659545898 21.734167098999 21.780834197998 21.8308334350586 21.8158340454102 21.8633327484131 21.8091659545898 21.6725006103516 21.4558334350586 21.3866672515869 21.3216667175293 21.2383327484131 21.3141670227051 21.4549999237061 21.5475006103516 21.4991664886475 21.3174991607666 21.4208335876465 21.5183334350586 21.4400005340576 21.3783340454102 21.3641662597656 21.4483337402344 21.4583339691162 21.3708324432373 21.4491672515869 21.6075000762939 21.5991668701172 21.6774997711182 21.8699989318848 21.8724994659424 22.1075000762939 22.2083339691162 22.0983333587646 22.2091674804688 22.1783332824707 22.091667175293 22.2508335113525 22.4008331298828 22.2150001525879 22.0566673278809 22.1849994659424
-3.4e+38 21.7266674041748 21.7924995422363 21.8741664886475 21.9141674041748 21.8699989318848 21.8875007629395 21.8491668701172 21.6416664123535 21.6000003814697 21.594165802002 21.6316661834717 21.783332824707 21.8383331298828 21.8724994659424 21.7916660308838 21.7666664123535 21.6700000762939 21.5433330535889 21.4675006866455 21.2433338165283 21.203332901001 21.3408336639404 21.5441665649414 21.4466667175293 21.515832901001 21.3333339691162 21.4074993133545 21.4624996185303 21.3333339691162 21.4858341217041 21.5550003051758 21.6499996185303 21.6616668701172 21.4724998474121 21.5208339691162 21.7291660308838 21.6025009155273 21.8266658782959 21.905834197998 22 22.0883331298828 22.0441665649414 22.0766677856445 22.0399990081787 22.1616668701172 22.2741661071777 22.3374996185303 22.3474998474121 22.486665725708 22.4483337402344 22.281665802002 22.2908325195312
-3.4e+38 21.3716659545898 21.5633335113525 21.7525005340576 21.7491664886475 21.6433334350586 21.468334197998 21.5141658782959 21.296667098999 21.2858333587646 21.3208332061768 21.5483322143555 21.7733345031738 21.8758335113525 21.8016662597656 21.6674995422363 21.6499996185303 21.5924987792969 21.5674991607666 21.5074996948242 21.3583335876465 21.2691669464111 21.4549999237061 21.5808334350586 21.5641670227051 21.408332824707 21.5125007629395 21.4491672515869 21.4091663360596 21.4125003814697 21.6008338928223 21.7216663360596 21.7433338165283 21.6975002288818 21.5874996185303 21.5533332824707 21.8016662597656 21.9400005340576 21.8583335876465 22.1016674041748 22.1341667175293 22.2150001525879 22.2716674804688 22.1866664886475 22.2299995422363 22.2250003814697 22.2441673278809 22.3349990844727 22.4958324432373 22.5233325958252 22.5450000762939 22.5658340454102 22.5266666412354
-3.4e+38 21.4333324432373 21.4125003814697 21.5116672515869 21.5808334350586 21.5858325958252 21.5733337402344 21.6108341217041 21.4599990844727 21.3983325958252 21.3816661834717 21.5050010681152 21.765832901001 21.7566661834717 21.6041660308838 21.6216659545898 21.656665802002 21.6166667938232 21.5683326721191 21.5475006103516 21.3775005340576 21.4774990081787 21.3924999237061 21.734167098999 21.75 21.7408332824707 21.6166667938232 21.6049995422363 21.5874996185303 21.3950004577637 21.5666656494141 21.6491661071777 21.8349990844727 21.5966663360596 21.5741672515869 21.5791664123535 21.6691665649414 21.9616661071777 22.1391658782959 22.0900001525879 22.1016674041748 22.1483325958252 22.2433338165283 22.3791656494141 22.3641662597656 22.2108325958252 22.2533340454102 22.3099994659424 22.4091663360596 22.5358333587646 22.6516666412354 22.5983333587646 22.6508331298828
-3.4e+38 -3.4e+38 21.5141658782959 21.5925006866455 21.595832824707 21.5391674041748 21.6058330535889 21.6258335113525 21.6458339691162 21.4658336639404 21.404167175293 21.2224998474121 21.5383338928223 21.6291675567627 21.6358337402344 21.6183338165283 21.5974998474121 21.5133323669434 21.5849990844727 21.6075000762939 21.466667175293 21.6674995422363 21.7466659545898 22.013334274292 21.8841667175293 21.7391662597656 21.8066673278809 21.6341667175293 21.4366664886475 21.3474998474121 21.5516662597656 21.640832901001 21.8933334350586 21.6900005340576 21.8141670227051 21.8199996948242 21.8250007629395 21.8983325958252 22.0050010681152 22.2150001525879 22.1308326721191 22.1166667938232 22.1866664886475 22.3075008392334 22.3649997711182 22.4358329772949 22.4200000762939 22.3341674804688 22.2674999237061 22.4183330535889 22.654167175293 22.7608337402344 22.7574996948242
-3.4e+38 -3.4e+38 21.6166667938232 21.6508331298828 21.6224994659424 21.4958343505859 21.3558330535889 21.575834274292 21.5025005340576 21.3575000762939 21.3199996948242 21.4266662597656 21.6108341217041 21.6275005340576 21.6424999237061 21.6116676330566 21.6016674041748 21.3716659545898 21.4833335876465 21.7274990081787 21.4391670227051 21.8074989318848 21.9475002288818 21.8791656494141 21.8116664886475 21.8400001525879 21.7574996948242 21.6058330535889 21.5541667938232 21.6183338165283 21.5799999237061 21.8366661071777 22.0575008392334 22.0200004577637 21.9200000762939 21.9641666412354 22.0683326721191 22.0358333587646 22.1375007629395 22.2416667938232 22.3616676330566 22.1599998474121 22.3141670227051 22.3966674804688 22.4174995422363 22.4683322906494 22.4366664886475 22.4524993896484 22.3341674804688 22.4325008392334 22.7000007629395 22.8333339691162 22.8083324432373
-3.4e+38 -3.4e+38 21.6441669464111 21.5366668701172 21.4491672515869 21.4174995422363 21.3241672515869 21.4091663360596 21.2299995422363 21.2258338928223 21.388334274292 21.4783344268799 21.5174999237061 21.578332901001 21.5808334350586 21.4599990844727 21.2558326721191 21.3799991607666 21.5691661834717 21.720832824707 21.9308338165283 22.0266666412354 21.8816661834717 21.703332901001 21.6708335876465 21.6316661834717 21.609167098999 21.5866661071777 21.6708335876465 21.8491668701172 21.7216663360596 21.8150005340576 22.0341663360596 22.1424999237061 21.9316673278809 22.2566661834717 22.4191665649414 22.2691669464111 22.2541675567627 22.4608325958252 22.4766674041748 22.3291664123535 22.3641662597656 22.4133338928223 22.4641666412354 22.4341659545898 22.4783344268799 22.5949993133545 22.4449996948242 22.5341663360596 22.7866668701172 23.0125007629395 22.8150005340576
-3.4e+38 -3.4e+38 21.5716667175293 21.5400009155273 21.3649997711182 21.1599998474121 21.1616668701172 21.1816673278809 21.2108325958252 21.4016666412354 21.4925003051758 21.1991672515869 21.2941665649414 21.4624996185303 21.4333343505859 21.3374996185303 21.4616661071777 21.7483329772949 21.7075004577637 22.1391658782959 22.1533336639404 22.0191669464111 22.0200004577637 21.859167098999 21.7350006103516 21.8408336639404 21.9424991607666 21.969165802002 22.0416660308838 22.0208339691162 21.9616661071777 22.0258331298828 22.0341663360596 22.2950000762939 22.3208332061768 22.3658332824707 22.5883331298828 22.4033336639404 22.4333324432373 22.5508327484131 22.5633335113525 22.375 22.5200004577637 22.4850006103516 22.5366668701172 22.6166667938232 22.6049995422363 22.5900001525879 22.8150005340576 22.7649993896484 22.8474998474121 23.0725002288818 22.783332824707
-3.4e+38 -3.4e+38 21.4050006866455 20.9308338165283 21.0974998474121 21.1175003051758 21.1141662597656 21.1691665649414 21.3183326721191 21.4825000762939 21.5266666412354 21.4441661834717 21.5191669464111 21.6574993133545 21.6849994659424 21.6350002288818 21.9483337402344 21.9316673278809 22.2508335113525 22.2508335113525 22.2241668701172 22.1683330535889 22.0791664123535 21.8649997711182 21.8974990844727 22.1216659545898 22.0416660308838 22.1758327484131 22.2091674804688 22.2366676330566 22.2299995422363 22.1483325958252 22.2075004577637 22.1075000762939 22.2574996948242 22.5691661834717 22.6900005340576 22.6266670227051 22.6124992370605 22.7108325958252 22.5974998474121 22.405834197998 22.5033340454102 22.625 22.6466674804688 22.6158332824707 22.720832824707 22.905834197998 22.9375 23.0416660308838 22.9566669464111 23.095832824707 22.9375
-3.4e+38 -3.4e+38 -3.4e+38 21.1058330535889 21.2849998474121 21.2950000762939 21.2908325195312 21.3691673278809 21.3466663360596 21.4200000762939 21.3075008392334 21.3541660308838 21.3299999237061 21.3624992370605 21.7158336639404 22.1450004577637 22.3299999237061 22.203332901001 22.0591659545898 22.1741676330566 22.0791664123535 22.0100002288818 21.8791656494141 21.9033336639404 22.0400009155273 21.9308338165283 21.9916667938232 22.0716667175293 22.0183334350586 22.2099990844727 22.3024997711182 22.4408340454102 22.359167098999 22.3583335876465 22.3933334350586 22.4866676330566 22.8024997711182 22.7024993896484 22.6049995422363 22.7958335876465 22.5908336639404 22.6149997711182 22.4916667938232 22.5974998474121 22.7725009918213 22.8775005340576 22.8816661834717 22.8799991607666 22.9099998474121 23.0599994659424 22.9699993133545 23.0925006866455 22.984167098999
