layers/avg_2014_ppt0.asc
NCOLS 292 
NROWS 291 
XLLCORNER -87.6458333327872 
YLLCORNER 24.4791666666667 
CELLSIZE 0.0416666666669039 
NODATA_value -3.4e+38 
[rows 72 to 95 of 291, columns 108 to 161 of 292]
1154.34997558594 1164.57995605469 1158.71997070312 1141.2099609375 1123.5400390625 1147.27001953125 1160.58996582031 1141.75 1097.10998535156 1072.71997070312 1065.19006347656 1101.93005371094 1124.06994628906 1121.34997558594 1114.82006835938 1126.42993164062 1098.77001953125 1040.40002441406 1010.29998779297 1003.63000488281 1022.29998779297 999.760009765625 996.369995117188 1040.76000976562 1054.93994140625 1071.93994140625 1075.57995605469 1075.7099609375 1105.57995605469 1088.08996582031 1074.78002929688 1061.60998535156 1043.72998046875 1069.08996582031 1041.18994140625 1060.97998046875 1104.56994628906 1089.68005371094 1089.7900390625 1073.43994140625 1093.19006347656 1117.21997070312 1120.30004882812 1117.33996582031 1137.48999023438 1129.71997070312 1122.51000976562 1109.66003417969 1102.14001464844 1107.92004394531 1108.7900390625 1094.88000488281 1094.64001464844 1145.41003417969
1160.05004882812 1122.21997070312 1125.76000976562 1137.2099609375 1161.77001953125 1183.61999511719 1181.78002929688 1133.5400390625 1101.70007324219 1091.14001464844 1091.7099609375 1095.93994140625 1092.2900390625 1089.23999023438 1082.33996582031 1090.52001953125 1091.88000488281 1065.10998535156 1056.96997070312 1082.96997070312 1118.82995605469 1106.38000488281 1062.07995605469 1038.2099609375 1069.19995117188 1096.67993164062 1115.21997070312 1117.7900390625 1129.27001953125 1074.46997070312 1035.51000976562 1002.15002441406 998.219970703125 1035.09997558594 1032.96997070312 1069.72998046875 1103.19995117188 1095.81994628906 1096.56994628906 1079.91003417969 1116.69995117188 1123.31994628906 1116.72998046875 1100.2099609375 1093.96997070312 1098.93005371094 1103.39001464844 1116.94995117188 1140.23999023438 1140.2900390625 1127.92004394531 1112.91003417969 1110.26000976562 1168.81005859375
1144 1115.93994140625 1138.05004882812 1135.41003417969 1164.7900390625 1175.48999023438 1193.83996582031 1140.84997558594 1088.7900390625 1085.02001953125 1079.5 1073.02001953125 1053.77001953125 1033.55004882812 1022.16998291016 1028.93005371094 1041.90002441406 1048.10998535156 1042.61999511719 1063.76000976562 1116.94995117188 1125.03002929688 1066.08996582031 1046.16003417969 1059.80004882812 1111.61999511719 1133.10998535156 1130.67993164062 1126.22998046875 1021.28002929688 959.409973144531 951 1000.45001220703 1050.44995117188 1053.05004882812 1085.15002441406 1109.33996582031 1127.08996582031 1100.78002929688 1119.01000976562 1142.81005859375 1133.30004882812 1111.10998535156 1096.2900390625 1099.02001953125 1099.46997070312 1140.07995605469 1158.03002929688 1191.66003417969 1196.78002929688 1175.56005859375 1145.71997070312 1156.9599609375 1226.72998046875
1122.77001953125 1138.59997558594 1157.01000976562 1150.85998535156 1161.26000976562 1154.4599609375 1166.68005371094 1132.92004394531 1081.31005859375 1065.16003417969 1051.39001464844 1044.44995117188 1039.16003417969 1031.10998535156 1026.7099609375 1029.42004394531 1035.88000488281 1021.58001708984 1001.86999511719 1007.35998535156 1039.89001464844 1057.56994628906 1050.64001464844 1066.41003417969 1046.85998535156 1021.65997314453 1040.4599609375 1057.34997558594 1050.18005371094 974.789978027344 945.330017089844 968.349975585938 1052.46997070312 1137.47998046875 1149.09997558594 1145.10998535156 1137.53002929688 1124.7099609375 1088.60998535156 1113.42004394531 1140.2099609375 1121.67004394531 1095.59997558594 1106.66003417969 1114.69995117188 1131.11999511719 1157.06005859375 1156.39001464844 1163.33996582031 1178.23999023438 1176.07995605469 1159.26000976562 1211.94995117188 1279.13000488281
1130.80993652344 1130.32995605469 1145.52001953125 1184.03002929688 1187.86999511719 1148.59997558594 1147.93994140625 1157.71997070312 1123.75 1081.18994140625 1062.80993652344 1058.44995117188 1065.11999511719 1075.76000976562 1066.96997070312 1062.90002441406 1065.42004394531 1036.73999023438 993.539978027344 979.090026855469 1000.10998535156 1038.42004394531 1060.03002929688 1053.22998046875 996.890014648438 955.690002441406 977.719970703125 991.969970703125 969.72998046875 946.309997558594 975.7099609375 1004.09997558594 1077.16003417969 1205.59997558594 1219.2900390625 1196.96997070312 1157.40002441406 1108.94995117188 1080.28002929688 1088.42004394531 1133.68005371094 1150.01000976562 1149.36999511719 1145.68994140625 1122.88000488281 1126.31005859375 1130.5 1128.06994628906 1109.5 1114.21997070312 1133.58996582031 1131.71997070312 1206.93005371094 1298.15002441406
1076.19995117188 1079.7099609375 1135.06994628906 1195.92993164062 1195.34997558594 1161.07995605469 1160.07995605469 1181.06005859375 1149.31005859375 1095.56994628906 1094.90002441406 1079.0400390625 1058.72998046875 1053.91003417969 1041.21997070312 1057.01000976562 1070.28002929688 1042.98999023438 996.669982910156 975.659973144531 1018.86999511719 1080.67004394531 1087.56994628906 1056.60998535156 1007.04998779297 966.210021972656 973.899963378906 947.429992675781 905.090026855469 929.710021972656 1007.60003662109 1034 1069.97998046875 1176.21997070312 1252.52001953125 1258.55004882812 1159.93005371094 1123.06994628906 1090.39001464844 1112.73999023438 1143.82995605469 1164.93994140625 1174.48999023438 1153.57995605469 1108.91003417969 1104.56994628906 1119.46997070312 1126.93994140625 1114.13000488281 1088.84997558594 1116.09997558594 1147.25 1199.2099609375 1299.16003417969
1012.53997802734 1029.06005859375 1095.46997070312 1156.53002929688 1164.19995117188 1174.40002441406 1186.61999511719 1194.73999023438 1139.93994140625 1098.5 1095.96997070312 1078.16003417969 1034.2900390625 1002.5400390625 1008.16998291016 1035.36999511719 1057.5 1038.92004394531 1008.28997802734 1006.28997802734 1037.57995605469 1061.68005371094 1055.7099609375 1035.4599609375 1023.54998779297 992.77001953125 998.409973144531 987.799987792969 957.779968261719 1001.60998535156 1099.31994628906 1081.89001464844 1096.89001464844 1174.48999023438 1248.64001464844 1270.67004394531 1193.55004882812 1139.86999511719 1119.7099609375 1134.38000488281 1144.02001953125 1155.5400390625 1160.46997070312 1150.08996582031 1108.21997070312 1093.14001464844 1108.31005859375 1135.43994140625 1131.48999023438 1111.06005859375 1124.25 1154.43994140625 1183.27001953125 1239.17004394531
1012.85998535156 1018.98999023438 1064.07995605469 1124.4599609375 1147.92004394531 1175.42004394531 1193.48999023438 1180.5400390625 1121.01000976562 1090.31005859375 1077.59997558594 1056.44006347656 1021.91003417969 990.309997558594 999.440002441406 1023.39001464844 1032.84997558594 1017.66998291016 1010 1015.94000244141 1013.40997314453 1009.95001220703 1028.44995117188 1044.2099609375 1036.85998535156 1061.97998046875 1075.92004394531 1091.92004394531 1092.80004882812 1111.47998046875 1152.66003417969 1136.55004882812 1169.4599609375 1221.69995117188 1236.91003417969 1230.64001464844 1195.18994140625 1161.39001464844 1155.0400390625 1152.01000976562 1165.55993652344 1162.23999023438 1167.89001464844 1161.63000488281 1121.61999511719 1113.83996582031 1131.16003417969 1167.23999023438 1167.58996582031 1155.64001464844 1142.73999023438 1128.34997558594 1148.97998046875 1195.02001953125
1049.93994140625 1050.42004394531 1078.02001953125 1127.69995117188 1148.55004882812 1157.14001464844 1163.89001464844 1130.2099609375 1093.03002929688 1074.83996582031 1050.40002441406 1020.55999755859 1003.91998291016 982.179992675781 984.47998046875 1016.30999755859 1037.11999511719 1022.21002197266 1011.89001464844 994.049987792969 975.880004882812 990.450012207031 1031.94006347656 1067.56005859375 1077.47998046875 1121.42004394531 1141.36999511719 1157.17004394531 1150.60998535156 1128.05004882812 1144.88000488281 1168.81005859375 1200.44995117188 1222.83996582031 1237.61999511719 1235.9599609375 1222.72998046875 1202.30004882812 1187.30993652344 1176.66003417969 1182.81994628906 1176.13000488281 1201.80993652344 1212.57995605469 1173.51000976562 1156.9599609375 1165.40002441406 1173.97998046875 1169.42004394531 1175.27001953125 1165.30004882812 1130.84997558594 1152.31994628906 1211.03002929688
1095.30004882812 1085.84997558594 1096.01000976562 1121 1123.41003417969 1113.36999511719 1109.96997070312 1087.63000488281 1082.17004394531 1062.03002929688 1029.08996582031 1015.38000488281 988.5 959.940002441406 956.830017089844 990.989990234375 1033.88000488281 1030.65002441406 1016.47003173828 996.609985351562 968.340026855469 981.010009765625 1039.93005371094 1089.97998046875 1126.86999511719 1163.73999023438 1180.35998535156 1176.19995117188 1163.96997070312 1129.57995605469 1133.41003417969 1153.67004394531 1173.7099609375 1194.51000976562 1228.03002929688 1263.34997558594 1285.78002929688 1257.61999511719 1221.51000976562 1185.86999511719 1179.69006347656 1194.19995117188 1226.080078125 1243.77001953125 1186.21997070312 1141.89001464844 1137.03002929688 1154.68994140625 1154.06994628906 1181.61999511719 1205.23999023438 1193.43005371094 1208.42004394531 1259.05004882812
1130.92993164062 1120.97998046875 1117.21997070312 1125.11999511719 1096.36999511719 1079.71997070312 1072 1077.63000488281 1086.42004394531 1053.23999023438 1018.59002685547 1018.08001708984 984.940002441406 943.220031738281 935.710021972656 964.710021972656 986.660034179688 990.989990234375 1000.22998046875 998.900024414062 985.279968261719 994.429992675781 1057.2900390625 1139.68005371094 1191.18994140625 1223.83996582031 1208.97998046875 1169.21997070312 1135.69006347656 1111.07995605469 1094.75 1104.98999023438 1105.64001464844 1139.40002441406 1184.19995117188 1260.78002929688 1292.23999023438 1279.34997558594 1237.57995605469 1173.30004882812 1157.31994628906 1171.65002441406 1201.43994140625 1197.22998046875 1144.80004882812 1125.97998046875 1157.15002441406 1163.22998046875 1176.60998535156 1249.40002441406 1286.68005371094 1248.11999511719 1229.27001953125 1276.78002929688
1157.14001464844 1142.14001464844 1149.76000976562 1158.80004882812 1105.75 1074.75 1086.28002929688 1098.65002441406 1080.33996582031 1049.59997558594 1033.0400390625 1030.67004394531 1006.53997802734 966.47998046875 945.690002441406 950.440002441406 956.849975585938 956.869995117188 981.960021972656 1008.08001708984 1023.79998779297 1042.60998535156 1084.30993652344 1174.35998535156 1229.76000976562 1241.35998535156 1207.76000976562 1137.38000488281 1102.26000976562 1093.38000488281 1073.43994140625 1061.81994628906 1052.71997070312 1098.2099609375 1142.72998046875 1220.71997070312 1266.18994140625 1252.28002929688 1242.43994140625 1208.98999023438 1168.84997558594 1146.51000976562 1150.51000976562 1155.7900390625 1142.71997070312 1181.91003417969 1259.25 1237.7099609375 1210.75 1257 1270.96997070312 1217.34997558594 1206.15002441406 1252.26000976562
1167.34997558594 1174.56994628906 1193.22998046875 1183.14001464844 1126.83996582031 1095.21997070312 1093.34997558594 1089.09997558594 1083.09997558594 1063.09997558594 1061.60998535156 1057.34997558594 1029.23999023438 990.919982910156 960.239990234375 944.660034179688 963.22998046875 978.589965820312 987.429992675781 1022.84002685547 1072.88000488281 1111.48999023438 1153.5 1221.83996582031 1241.39001464844 1221.72998046875 1175.81005859375 1145.43005371094 1111.86999511719 1114.92004394531 1114.84997558594 1097.80004882812 1085.35998535156 1108.44006347656 1132.15002441406 1181.09997558594 1230.85998535156 1225.2900390625 1251.84997558594 1264.7099609375 1223.06994628906 1162.06994628906 1142.93005371094 1158.58996582031 1182.13000488281 1242.77001953125 1279.55004882812 1235.17004394531 1184.68994140625 1184.59997558594 1188.98999023438 1144.92004394531 1171.98999023438 1265.77001953125
1184.64001464844 1216.63000488281 1222.42993164062 1192.64001464844 1153.31005859375 1145.88000488281 1124.56005859375 1091.58996582031 1067.91003417969 1071.60998535156 1070.17004394531 1062.28002929688 1037.66003417969 997.349975585938 974.739990234375 967.830017089844 987.619995117188 1012.70001220703 1018.69000244141 1053.40002441406 1122.38000488281 1205.23999023438 1266.72998046875 1288.40002441406 1264.22998046875 1218.67004394531 1175.28002929688 1148.88000488281 1133.32995605469 1153.14001464844 1175.94006347656 1166.97998046875 1156.34997558594 1156.2900390625 1142.82995605469 1184.52001953125 1203.88000488281 1211.30004882812 1241.98999023438 1252.11999511719 1242.82006835938 1192.31994628906 1178.80004882812 1212.98999023438 1195.5400390625 1226.69995117188 1258.92004394531 1234.51000976562 1184.28002929688 1150.26000976562 1151.73999023438 1147.42993164062 1176.59997558594 1240.7099609375
1247.06005859375 1205.56005859375 1189.64001464844 1185.64001464844 1169.48999023438 1191.16003417969 1167.77001953125 1099.9599609375 1052.48999023438 1052.42004394531 1055.68994140625 1042.08996582031 990.609985351562 955.799987792969 973.590026855469 1002.65002441406 1021.78002929688 1048.30993652344 1085.32995605469 1123.94995117188 1166.66003417969 1249.93994140625 1329.5 1338.01000976562 1256.60998535156 1191.59997558594 1157.14001464844 1141.34997558594 1138.39001464844 1166.64001464844 1205.32006835938 1215.30993652344 1210.96997070312 1204.86999511719 1197.35998535156 1198.15002441406 1217.32995605469 1226.27001953125 1219.43994140625 1207.05004882812 1219.07006835938 1213.0400390625 1196.08996582031 1206.66003417969 1205.31005859375 1209.42004394531 1260.44006347656 1300.14001464844 1250.7900390625 1182.51000976562 1165.17004394531 1167.92004394531 1201.32006835938 1252.21997070312
1246.07995605469 1199.06994628906 1162.69995117188 1121.19995117188 1135 1162.13000488281 1158.48999023438 1109.67004394531 1069.4599609375 1060.23999023438 1055.27001953125 1050.52001953125 997.890014648438 977.97998046875 994.650024414062 1026.26000976562 1042.94995117188 1061.38000488281 1130 1177.67004394531 1190.31994628906 1247.10998535156 1334.43005371094 1336.26000976562 1247.96997070312 1180.72998046875 1141.09997558594 1119.22998046875 1122.34997558594 1156.80993652344 1190.07995605469 1213.23999023438 1212.5 1192.22998046875 1167.73999023438 1168.83996582031 1180.92004394531 1217.06994628906 1168.75 1161.75 1169.0400390625 1172.68994140625 1177.59997558594 1180.84997558594 1187.98999023438 1187.57006835938 1256.13000488281 1307.36999511719 1265 1232.59997558594 1236.9599609375 1234.43994140625 1249.07995605469 1286.84997558594
1218.91003417969 1183.86999511719 1142.92004394531 1079.53002929688 1054.2900390625 1069.56005859375 1084.77001953125 1054.32006835938 1037.27001953125 1055.96997070312 1045.43994140625 1003.91003417969 985.809997558594 997.320007324219 1014.46997070312 1033.81994628906 1040.88000488281 1068.83996582031 1140.67993164062 1193.52001953125 1201.93994140625 1257.56994628906 1334.97998046875 1317.80004882812 1217.96997070312 1160.18994140625 1135.08996582031 1131.59997558594 1144.22998046875 1166.59997558594 1197.25 1226.39001464844 1210.82006835938 1166.40002441406 1152.68005371094 1172.90002441406 1164.21997070312 1178.17004394531 1131.59997558594 1115.60998535156 1126.7099609375 1148.73999023438 1173.57995605469 1175.68005371094 1171.92004394531 1178.9599609375 1219.64001464844 1253.33996582031 1251.35998535156 1262.11999511719 1274.30004882812 1267.40002441406 1271.01000976562 1297.82006835938
1181.61999511719 1150.19995117188 1118.02001953125 1088.81994628906 1055.35998535156 1033.27001953125 1032.40002441406 1032.40002441406 1028.2099609375 1029.5400390625 1043.15002441406 1038.93994140625 1005.67999267578 992.159973144531 1010.34997558594 1040.72998046875 1054.16003417969 1102.7900390625 1180.76000976562 1209.42004394531 1215.92993164062 1274.96997070312 1322.92004394531 1271.36999511719 1194.5400390625 1151.10998535156 1142.46997070312 1148.5400390625 1162.56005859375 1177.7099609375 1204.5400390625 1220.2099609375 1212.5 1189.21997070312 1155.52001953125 1134.75 1121.2099609375 1116.19995117188 1116.96997070312 1110 1108.15002441406 1113.72998046875 1128.44995117188 1125.71997070312 1129.91003417969 1165.81005859375 1208.84997558594 1220.30993652344 1252.43005371094 1260.78002929688 1267.07995605469 1259.55993652344 1256.09997558594 1268.44006347656
1192.32995605469 1163.41003417969 1181.86999511719 1160.18005371094 1048.21997070312 1023.08001708984 1062.34997558594 1089.18005371094 1077 1055.77001953125 1052.03002929688 1045.16003417969 1025.92004394531 1021.58001708984 1050.92004394531 1084.41003417969 1101.16003417969 1146.31005859375 1213.43994140625 1244.63000488281 1265.59997558594 1308.57995605469 1315.05993652344 1252.03002929688 1212.93005371094 1190.54992675781 1189.90002441406 1196.42004394531 1181.15002441406 1195.35998535156 1234.06994628906 1254.55004882812 1248.41003417969 1212.82995605469 1143.06994628906 1107.72998046875 1099.61999511719 1106.35998535156 1115.40002441406 1125.30004882812 1103.2900390625 1098.22998046875 1105.21997070312 1115.36999511719 1142.19995117188 1184.75 1191.57006835938 1193.21997070312 1213.82995605469 1216.47998046875 1219.38000488281 1234.57006835938 1254.75 1248.09997558594
1201.76000976562 1159.34997558594 1138.15002441406 1105.59997558594 1080.55993652344 1086.31994628906 1122.55004882812 1165.77001953125 1126.69995117188 1080 1060.98999023438 1065.31005859375 1070.03002929688 1067.26000976562 1088.27001953125 1117.82995605469 1156.19995117188 1183.97998046875 1208.66003417969 1250.58996582031 1304.08996582031 1361 1383.46997070312 1324.90002441406 1248.56994628906 1213.97998046875 1205.35998535156 1215.05004882812 1214.05004882812 1237.07006835938 1265.73999023438 1252.96997070312 1214.13000488281 1203.71997070312 1159.77001953125 1135.42004394531 1126.84997558594 1125.86999511719 1125.56994628906 1113.82006835938 1086.35998535156 1085.9599609375 1094.47998046875 1117.47998046875 1162 1164.07006835938 1133.76000976562 1132.7099609375 1169.36999511719 1228.2099609375 1285.07995605469 1257.59997558594 1230.08996582031 1238.03002929688
1210.31005859375 1207.15002441406 1184.7900390625 1152.34997558594 1153.02001953125 1139.5400390625 1127.93994140625 1160.15002441406 1135.60998535156 1083.68005371094 1063.63000488281 1065.86999511719 1086.68005371094 1125.86999511719 1148.55004882812 1157.91003417969 1183.77001953125 1192.34997558594 1188.16003417969 1189.27001953125 1219.07995605469 1286.75 1355.84997558594 1339.97998046875 1300.82995605469 1282.59997558594 1262.97998046875 1240.46997070312 1222.9599609375 1234.67993164062 1251.96997070312 1236.79992675781 1212.5400390625 1238.77001953125 1212.07995605469 1186.81005859375 1197.35998535156 1201.85998535156 1165.18005371094 1142.26000976562 1135.55004882812 1156.27001953125 1162.28002929688 1195.25 1230.92993164062 1187.2099609375 1133.82995605469 1120.5 1216 1408.71997070312 1520.36999511719 1382 1248.07006835938 1240.72998046875
1230.13000488281 1247.92004394531 1215.76000976562 1184.07006835938 1196.38000488281 1187.01000976562 1146.41003417969 1188.73999023438 1165.66003417969 1083.05004882812 1057.64001464844 1050.07995605469 1083.22998046875 1148.96997070312 1192 1187.97998046875 1175.80004882812 1164.55993652344 1176.08996582031 1181.39001464844 1213.81994628906 1280.9599609375 1345.89001464844 1359.61999511719 1345.77001953125 1325.34997558594 1296.38000488281 1262.09997558594 1226.68994140625 1210.33996582031 1238.84997558594 1244.88000488281 1240.80004882812 1250.25 1232.76000976562 1221.17004394531 1242.47998046875 1242.64001464844 1207.26000976562 1189.25 1174.94995117188 1168.39001464844 1196.82006835938 1253.5 1277.32006835938 1226.76000976562 1168.33996582031 1138.81005859375 1254.60998535156 1442.30004882812 1428.9599609375 1324.66003417969 1275.42004394531 1275.08996582031
1239.2900390625 1244.4599609375 1224.84997558594 1219.94995117188 1219.97998046875 1234.81005859375 1202.93994140625 1168.55993652344 1148.93005371094 1116.06994628906 1086.42993164062 1073.91003417969 1088.73999023438 1119.2099609375 1135.58996582031 1142.51000976562 1134.13000488281 1154.44995117188 1184.59997558594 1191.56005859375 1216.41003417969 1266.92004394531 1323.06994628906 1359.08996582031 1353.06005859375 1352.22998046875 1296.66003417969 1235.11999511719 1230 1251.919921875 1285.36999511719 1272.15002441406 1251.38000488281 1251.11999511719 1232.68994140625 1222.58996582031 1221.17004394531 1241.36999511719 1221.67004394531 1234.06994628906 1198.26000976562 1175.81994628906 1201.13000488281 1238.19006347656 1256.76000976562 1243.32006835938 1202.59997558594 1167.22998046875 1183.15002441406 1306.86999511719 1204.75 1124.92004394531 1205.07995605469 1237.93005371094
1310.59997558594 1278.2900390625 1265.72998046875 1245.88000488281 1244.86999511719 1287.71997070312 1260.91003417969 1176.28002929688 1116.67004394531 1122.97998046875 1105.44006347656 1085.42004394531 1105.18005371094 1148.09997558594 1156.64001464844 1148.80993652344 1164.30004882812 1181.51000976562 1189.57995605469 1189.81005859375 1201.44995117188 1233.55004882812 1263.88000488281 1280.55004882812 1279.47998046875 1299.32995605469 1273.07995605469 1221.25 1254.16003417969 1288.44995117188 1320.78002929688 1301.56994628906 1289 1278.94995117188 1269.28002929688 1240.86999511719 1228.38000488281 1254.46997070312 1275.14001464844 1276.9599609375 1210.03002929688 1163.06005859375 1208.48999023438 1233.53002929688 1262.7900390625 1278.63000488281 1248.68994140625 1204.5 1175.34997558594 1146.25 1069.47998046875 1047.23999023438 1113.89001464844 1175.94995117188
