layers/avg_1930_tmean0.asc
NCOLS 292 
NROWS 291 
XLLCORNER -87.6458333327872 
YLLCORNER 24.4791666666667 
CELLSIZE 0.0416666666669039 
NODATA_value -3.4e+38 
[rows 0 to 23 of 291, columns 106 to 158 of 292]
-3.4e+38 -3.4e+38 -3.4e+38 -3.4e+38 -3.4e+38 -3.4e+38 -3.4e+38 -3.4e+38 -3.4e+38 -3.4e+38 -3.4e+38 -3.4e+38 -3.4e+38 -3.4e+38 -3.4e+38 -3.4e+38 -3.4e+38 -3.4e+38 -3.4e+38 -3.4e+38 -3.4e+38 -3.4e+38 -3.4e+38 -3.4e+38 -3.4e+38 -3.4e+38 -3.4e+38 -3.4e+38 -3.4e+38 -3.4e+38 -3.4e+38 -3.4e+38 -3.4e+38 -3.4e+38 -3.4e+38 -3.4e+38 -3.4e+38 9.23225021362305 9.9915828704834 10.3223752975464 -3.4e+38 -3.4e+38 -3.4e+38 -3.4e+38 -3.4e+38 -3.4e+38 -3.4e+38 -3.4e+38 -3.4e+38 -3.4e+38 -3.4e+38 -3.4e+38 -3.4e+38
-3.4e+38 -3.4e+38 -3.4e+38 -3.4e+38 -3.4e+38 -3.4e+38 -3.4e+38 -3.4e+38 -3.4e+38 -3.4e+38 -3.4e+38 -3.4e+38 -3.4e+38 -3.4e+38 -3.4e+38 -3.4e+38 -3.4e+38 -3.4e+38 -3.4e+38 -3.4e+38 -3.4e+38 -3.4e+38 -3.4e+38 -3.4e+38 -3.4e+38 -3.4e+38 -3.4e+38 -3.4e+38 -3.4e+38 -3.4e+38 -3.4e+38 -3.4e+38 -3.4e+38 -3.4e+38 -3.4e+38 -3.4e+38 -3.4e+38 10.1719169616699 10.2136669158936 10.6232080459595 10.8147916793823 10.974666595459 10.9095411300659 10.9361667633057 10.8453330993652 10.87975025177 10.9231252670288 11.0166664123535 11.0520420074463 11.0847501754761 10.8302917480469 11.1123752593994 11.2523336410522
-3.4e+38 -3.4e+38 -3.4e+38 -3.4e+38 -3.4e+38 -3.4e+38 -3.4e+38 -3.4e+38 -3.4e+38 -3.4e+38 -3.4e+38 -3.4e+38 -3.4e+38 -3.4e+38 -3.4e+38 -3.4e+38 -3.4e+38 -3.4e+38 -3.4e+38 -3.4e+38 -3.4e+38 -3.4e+38 -3.4e+38 -3.4e+38 -3.4e+38 -3.4e+38 -3.4e+38 -3.4e+38 -3.4e+38 -3.4e+38 -3.4e+38 -3.4e+38 -3.4e+38 -3.4e+38 -3.4e+38 -3.4e+38 -3.4e+38 10.4031248092651 10.0003747940063 10.605375289917 10.8378753662109 10.7517499923706 10.8061666488647 10.8237504959106 10.877875328064 10.8478336334229 10.8727912902832 10.9053754806519 11.0469999313354 10.127875328064 10.9421253204346 11.2083749771118 11.3871669769287
-3.4e+38 -3.4e+38 -3.4e+38 -3.4e+38 -3.4e+38 -3.4e+38 -3.4e+38 -3.4e+38 -3.4e+38 -3.4e+38 -3.4e+38 -3.4e+38 -3.4e+38 -3.4e+38 -3.4e+38 -3.4e+38 -3.4e+38 -3.4e+38 -3.4e+38 -3.4e+38 -3.4e+38 -3.4e+38 -3.4e+38 -3.4e+38 -3.4e+38 -3.4e+38 -3.4e+38 -3.4e+38 -3.4e+38 -3.4e+38 -3.4e+38 -3.4e+38 -3.4e+38 -3.4e+38 -3.4e+38 -3.4e+38 -3.4e+38 10.4050416946411 10.5378332138062 10.6122913360596 10.5952911376953 10.4621248245239 10.4325828552246 10.8606252670288 10.9503335952759 10.9263753890991 10.9460420608521 10.2331666946411 9.6490421295166 10.1321668624878 10.5079164505005 10.8415422439575 10.8870830535889
-3.4e+38 -3.4e+38 -3.4e+38 -3.4e+38 -3.4e+38 -3.4e+38 -3.4e+38 -3.4e+38 -3.4e+38 -3.4e+38 -3.4e+38 -3.4e+38 -3.4e+38 -3.4e+38 -3.4e+38 -3.4e+38 -3.4e+38 -3.4e+38 -3.4e+38 -3.4e+38 -3.4e+38 -3.4e+38 -3.4e+38 -3.4e+38 -3.4e+38 -3.4e+38 -3.4e+38 -3.4e+38 -3.4e+38 -3.4e+38 -3.4e+38 -3.4e+38 -3.4e+38 -3.4e+38 -3.4e+38 -3.4e+38 10.2001247406006 10.4689168930054 10.3580827713013 9.6182918548584 10.6452493667603 10.7200832366943 10.7052087783813 11.0062503814697 11.0118751525879 10.8992080688477 10.8599166870117 10.6066246032715 10.1937084197998 10.9225835800171 10.7423753738403 11.9345417022705 11.275541305542
-3.4e+38 -3.4e+38 -3.4e+38 -3.4e+38 -3.4e+38 -3.4e+38 -3.4e+38 -3.4e+38 -3.4e+38 -3.4e+38 -3.4e+38 -3.4e+38 -3.4e+38 -3.4e+38 -3.4e+38 -3.4e+38 -3.4e+38 -3.4e+38 -3.4e+38 -3.4e+38 -3.4e+38 -3.4e+38 -3.4e+38 -3.4e+38 -3.4e+38 -3.4e+38 -3.4e+38 -3.4e+38 -3.4e+38 -3.4e+38 -3.4e+38 -3.4e+38 -3.4e+38 -3.4e+38 -3.4e+38 -3.4e+38 10.1587085723877 9.85554218292236 9.49349975585938 9.4868335723877 9.87204170227051 10.6828336715698 10.6998748779297 10.9852504730225 10.6627082824707 10.190375328064 10.32200050354 10.4141664505005 11.2544584274292 12.7508335113525 13.4312086105347 13.5396671295166 13.3924999237061
-3.4e+38 -3.4e+38 -3.4e+38 -3.4e+38 -3.4e+38 -3.4e+38 -3.4e+38 -3.4e+38 -3.4e+38 -3.4e+38 -3.4e+38 -3.4e+38 -3.4e+38 -3.4e+38 -3.4e+38 -3.4e+38 -3.4e+38 -3.4e+38 -3.4e+38 -3.4e+38 -3.4e+38 -3.4e+38 -3.4e+38 -3.4e+38 -3.4e+38 -3.4e+38 -3.4e+38 -3.4e+38 -3.4e+38 -3.4e+38 -3.4e+38 -3.4e+38 -3.4e+38 10.1073751449585 9.56383323669434 10.2037496566772 8.64016628265381 8.55254173278809 9.35620880126953 9.87912464141846 10.2881669998169 10.1373748779297 10.6435413360596 10.909083366394 10.7036247253418 12.2475414276123 12.6116247177124 12.7889165878296 13.1497077941895 13.3191251754761 13.4973754882812 13.6644163131714 13.9134588241577
-3.4e+38 -3.4e+38 -3.4e+38 -3.4e+38 -3.4e+38 -3.4e+38 -3.4e+38 -3.4e+38 -3.4e+38 -3.4e+38 -3.4e+38 -3.4e+38 -3.4e+38 -3.4e+38 -3.4e+38 -3.4e+38 -3.4e+38 -3.4e+38 -3.4e+38 -3.4e+38 -3.4e+38 -3.4e+38 -3.4e+38 -3.4e+38 -3.4e+38 -3.4e+38 -3.4e+38 -3.4e+38 -3.4e+38 -3.4e+38 -3.4e+38 -3.4e+38 10.4145002365112 10.6388750076294 10.1731252670288 10.0052919387817 8.47995853424072 9.30850028991699 9.62408351898193 10.1523752212524 10.4770832061768 10.6303749084473 10.5074167251587 10.0865831375122 10.4395837783813 12.5227499008179 13.2828330993652 13.1478338241577 13.5456247329712 13.4701251983643 13.8883333206177 14.0553331375122 14.0567493438721
-3.4e+38 -3.4e+38 -3.4e+38 -3.4e+38 -3.4e+38 -3.4e+38 -3.4e+38 -3.4e+38 -3.4e+38 -3.4e+38 -3.4e+38 -3.4e+38 -3.4e+38 -3.4e+38 -3.4e+38 -3.4e+38 -3.4e+38 -3.4e+38 -3.4e+38 -3.4e+38 -3.4e+38 -3.4e+38 -3.4e+38 -3.4e+38 -3.4e+38 -3.4e+38 -3.4e+38 -3.4e+38 -3.4e+38 -3.4e+38 -3.4e+38 10.2272090911865 10.3959169387817 10.4160833358765 10.2529582977295 9.84195804595947 8.3757495880127 9.17141628265381 9.77804183959961 9.89466667175293 9.86466693878174 9.94295787811279 10.1447916030884 11.5034999847412 12.5080413818359 13.0689582824707 13.5924997329712 13.5287504196167 13.6675415039062 13.8480415344238 13.7880830764771 13.904125213623 14.1175003051758
-3.4e+38 -3.4e+38 -3.4e+38 -3.4e+38 -3.4e+38 -3.4e+38 -3.4e+38 -3.4e+38 -3.4e+38 -3.4e+38 -3.4e+38 -3.4e+38 -3.4e+38 -3.4e+38 -3.4e+38 -3.4e+38 -3.4e+38 -3.4e+38 -3.4e+38 -3.4e+38 -3.4e+38 -3.4e+38 -3.4e+38 -3.4e+38 -3.4e+38 -3.4e+38 -3.4e+38 -3.4e+38 -3.4e+38 -3.4e+38 10.1216249465942 9.20174980163574 8.86866664886475 9.11337471008301 10.0198745727539 9.89266681671143 9.083083152771 9.37470817565918 9.35512542724609 10.2843332290649 11.3079996109009 11.0911254882812 12.1057500839233 12.6684169769287 12.8930416107178 13.2799997329712 13.372124671936 13.7823753356934 13.9722499847412 13.9471244812012 13.9545001983643 13.9699583053589 14.1391668319702
-3.4e+38 -3.4e+38 -3.4e+38 -3.4e+38 -3.4e+38 -3.4e+38 -3.4e+38 -3.4e+38 -3.4e+38 -3.4e+38 -3.4e+38 -3.4e+38 -3.4e+38 -3.4e+38 -3.4e+38 -3.4e+38 -3.4e+38 -3.4e+38 -3.4e+38 -3.4e+38 -3.4e+38 -3.4e+38 -3.4e+38 -3.4e+38 -3.4e+38 -3.4e+38 -3.4e+38 -3.4e+38 -3.4e+38 9.99425029754639 10.2197914123535 9.53929138183594 9.12354183197021 8.93829154968262 9.58579158782959 9.88275051116943 8.85566711425781 8.86454200744629 9.09733295440674 9.77658367156982 11.3274583816528 12.4556665420532 12.5085000991821 12.5566663742065 13.2984170913696 13.6450004577637 13.7872915267944 13.8276662826538 13.930624961853 14.1563339233398 14.1975412368774 14.1477079391479 14.1654996871948
-3.4e+38 -3.4e+38 -3.4e+38 -3.4e+38 -3.4e+38 -3.4e+38 -3.4e+38 -3.4e+38 -3.4e+38 -3.4e+38 -3.4e+38 -3.4e+38 -3.4e+38 -3.4e+38 -3.4e+38 -3.4e+38 -3.4e+38 -3.4e+38 -3.4e+38 -3.4e+38 -3.4e+38 -3.4e+38 9.52270793914795 9.75920867919922 10.0575828552246 9.80025005340576 -3.4e+38 -3.4e+38 -3.4e+38 8.84562492370605 9.31812477111816 8.97008323669434 8.61920833587646 8.86658382415771 8.89874935150146 9.67041683197021 10.0883331298828 9.63712501525879 10.6979999542236 11.3430414199829 11.8690004348755 13.1495838165283 12.9542503356934 13.0610837936401 13.6614589691162 13.7609996795654 13.9194164276123 14.0272912979126 14.119083404541 14.1958332061768 14.1663751602173 14.0450420379639 13.7582502365112
-3.4e+38 -3.4e+38 -3.4e+38 -3.4e+38 -3.4e+38 -3.4e+38 -3.4e+38 -3.4e+38 -3.4e+38 -3.4e+38 -3.4e+38 -3.4e+38 -3.4e+38 -3.4e+38 -3.4e+38 -3.4e+38 -3.4e+38 -3.4e+38 -3.4e+38 -3.4e+38 11.0839586257935 11.2449998855591 10.6470832824707 10.1211671829224 10.7127084732056 9.14324951171875 8.71816635131836 8.72175025939941 9.27412509918213 9.58133316040039 9.12337493896484 9.16437530517578 9.11237525939941 9.00374984741211 9.86054134368896 11.3113327026367 12.2531251907349 11.7845420837402 11.8772077560425 12.2191667556763 13.0340414047241 12.3740825653076 12.9680004119873 13.7908334732056 13.8982915878296 13.8852920532227 13.9137086868286 14.0085420608521 14.0900411605835 13.9915828704834 13.1200838088989 13.3530416488647 14.0229167938232
-3.4e+38 -3.4e+38 -3.4e+38 -3.4e+38 -3.4e+38 -3.4e+38 -3.4e+38 -3.4e+38 -3.4e+38 -3.4e+38 -3.4e+38 -3.4e+38 -3.4e+38 11.3525419235229 10.8956251144409 -3.4e+38 -3.4e+38 -3.4e+38 -3.4e+38 10.4483337402344 10.7829170227051 11.8392505645752 11.8500833511353 11.2785415649414 10.7515420913696 10.5150833129883 10.0155000686646 9.34754180908203 9.52516651153564 9.92841625213623 9.15470886230469 9.41862487792969 9.43066692352295 10.4164581298828 11.3329582214355 11.6881246566772 13.1733751296997 12.8492088317871 12.9614582061768 12.7373752593994 13.0277919769287 13.6280002593994 13.9534168243408 13.9980001449585 13.4562501907349 13.9217081069946 13.9472503662109 13.7082500457764 13.2756252288818 13.4917917251587 13.5811252593994 13.9879589080811 14.129958152771
-3.4e+38 -3.4e+38 -3.4e+38 -3.4e+38 -3.4e+38 -3.4e+38 -3.4e+38 -3.4e+38 -3.4e+38 -3.4e+38 -3.4e+38 11.7197914123535 11.6038751602173 12.1119995117188 11.5129585266113 -3.4e+38 -3.4e+38 -3.4e+38 10.0965003967285 10.7871246337891 11.5022497177124 11.0818328857422 11.6631669998169 11.9017086029053 11.7119169235229 11.4043750762939 10.6712503433228 9.71670818328857 9.35470771789551 9.85637474060059 9.86324977874756 9.58808326721191 9.60183334350586 10.8818330764771 12.0750417709351 12.2257499694824 12.1395416259766 13.4075002670288 13.5579586029053 13.2551670074463 13.9784994125366 13.7096662521362 13.5112495422363 14.0652084350586 13.9565410614014 13.4074583053589 13.6874589920044 14.3194999694824 14.3572912216187 14.3568754196167 14.5423336029053 14.5856666564941 14.5614995956421
-3.4e+38 -3.4e+38 -3.4e+38 -3.4e+38 -3.4e+38 -3.4e+38 -3.4e+38 -3.4e+38 -3.4e+38 -3.4e+38 -3.4e+38 12.755708694458 12.7544584274292 11.6409168243408 11.2823753356934 10.945333480835 10.7665004730225 10.2491664886475 10.2917499542236 10.4413747787476 10.9657497406006 11.2501249313354 10.9190835952759 10.1437911987305 11.0221252441406 10.7466249465942 10.6275835037231 9.833083152771 10.1993751525879 10.530083656311 9.95920848846436 9.7723331451416 9.89329147338867 11.2705411911011 11.6769580841064 12.5209169387817 13.7449998855591 13.7665414810181 14.1182088851929 14.0260829925537 14.0509586334229 14.1205415725708 14.1931247711182 13.6762914657593 13.5307912826538 13.9697914123535 14.3591251373291 14.5486249923706 14.5681667327881 14.6202917098999 14.6649580001831 14.6572504043579 14.7120838165283
-3.4e+38 -3.4e+38 -3.4e+38 -3.4e+38 -3.4e+38 -3.4e+38 -3.4e+38 -3.4e+38 14.1518745422363 13.0569581985474 12.3154582977295 13.1604166030884 12.8907918930054 12.43137550354 11.9053335189819 11.2012920379639 10.8859586715698 10.7088747024536 10.7457494735718 11.1786670684814 11.5451669692993 10.8188753128052 10.7242078781128 10.9288749694824 11.2214584350586 10.9128332138062 10.7030420303345 10.811333656311 10.6464586257935 10.553750038147 10.2591667175293 10.4052085876465 10.7505416870117 12.4984579086304 13.117208480835 12.3461256027222 13.9663333892822 14.1712913513184 14.1907920837402 14.3581247329712 14.4285411834717 14.2470827102661 13.9927082061768 14.1307916641235 14.1784162521362 14.3577499389648 14.5063333511353 14.5573329925537 14.649374961853 14.6933746337891 14.7191667556763 14.7200002670288 14.7484998703003
-3.4e+38 -3.4e+38 -3.4e+38 -3.4e+38 -3.4e+38 -3.4e+38 -3.4e+38 -3.4e+38 12.6855001449585 13.5870418548584 13.3570003509521 12.9082088470459 11.9665002822876 12.0096254348755 12.0084581375122 11.3304166793823 11.2770833969116 11.5875415802002 11.5803747177124 10.8411664962769 10.7874584197998 10.0753746032715 9.8943338394165 9.35958290100098 10.6927080154419 10.357250213623 10.1237077713013 10.4027919769287 10.8362503051758 11.2459163665771 11.9686670303345 11.3098335266113 11.7615413665771 13.2191667556763 14.0922079086304 14.3441667556763 14.3216247558594 14.2704162597656 14.3945837020874 14.4789581298828 14.2929582595825 14.3007917404175 14.0122499465942 14.3923330307007 14.5093746185303 14.5485000610352 14.6213331222534 14.5539999008179 14.6906671524048 14.6822919845581 14.7795000076294 14.7709169387817 14.7661247253418
-3.4e+38 -3.4e+38 -3.4e+38 -3.4e+38 -3.4e+38 -3.4e+38 -3.4e+38 11.0971250534058 12.4437084197998 12.2432498931885 12.4414167404175 13.1201248168945 12.6244163513184 12.4929580688477 12.381875038147 12.2819166183472 12.3558750152588 12.4380836486816 11.9549579620361 10.695291519165 9.9055004119873 9.76416683197021 9.40383338928223 8.1381664276123 10.0719165802002 10.3669996261597 10.3576250076294 11.6348333358765 12.5225419998169 13.2032499313354 12.0820417404175 12.2726249694824 12.7889165878296 14.2894163131714 14.4205417633057 14.4625415802002 14.5084581375122 14.5179166793823 14.525333404541 14.4076671600342 14.3102083206177 14.3964166641235 14.5402917861938 14.5932502746582 14.6680002212524 14.7475833892822 14.7457084655762 14.7506256103516 14.7524995803833 14.7815418243408 14.7660827636719 14.783166885376 14.7726249694824
-3.4e+38 -3.4e+38 -3.4e+38 -3.4e+38 -3.4e+38 -3.4e+38 10.9950828552246 11.155291557312 12.0644588470459 11.5309171676636 11.7159585952759 12.6843338012695 12.9624586105347 12.7529163360596 12.6749172210693 12.7079172134399 12.6625833511353 12.3470420837402 11.804666519165 11.1487083435059 10.3347501754761 9.09133338928223 8.89945793151855 7.83266639709473 9.9757080078125 10.1829996109009 11.5025005340576 11.9442920684814 13.6078338623047 12.5822505950928 12.441499710083 13.658374786377 14.2692499160767 14.2737083435059 14.3546667098999 14.3592500686646 14.5981254577637 14.6437911987305 14.6191663742065 14.5172500610352 14.5696249008179 14.6237916946411 14.6817922592163 14.7217922210693 14.8428335189819 14.91575050354 14.862208366394 14.7935838699341 14.7825832366943 14.7996253967285 14.7951250076294 14.793833732605 14.8204584121704
-3.4e+38 10.7254581451416 11.8307914733887 12.5027503967285 12.1703329086304 11.209041595459 10.9385833740234 10.9114170074463 11.5419588088989 10.9088335037231 11.3542499542236 12.1342496871948 12.5597915649414 12.9145412445068 12.7031669616699 12.7176246643066 12.4228754043579 11.4251661300659 11.3556661605835 11.4156665802002 10.6113328933716 8.61800003051758 8.09204196929932 8.47879123687744 10.0187082290649 11.0072078704834 11.8667497634888 12.6443328857422 13.5282497406006 14.0990419387817 14.3135004043579 14.3836250305176 14.4063329696655 14.3803749084473 14.4847087860107 14.5528335571289 14.6335420608521 14.5895833969116 14.4296245574951 14.5503749847412 14.5444583892822 14.5410413742065 14.7258749008179 14.8649587631226 14.8979167938232 14.8897914886475 14.8635416030884 14.8446664810181 14.8754167556763 14.8504581451416 14.8518333435059 14.8568754196167 14.8696250915527
10.3639163970947 10.8157081604004 10.1621246337891 10.9056253433228 11.7993755340576 11.1267919540405 10.871166229248 10.9235000610352 11.0668754577637 10.9795837402344 12.0524168014526 12.6654996871948 12.8878755569458 13.0241670608521 12.9556255340576 12.7514581680298 12.9096670150757 12.2629995346069 11.5318746566772 10.470874786377 9.28950023651123 10.4520835876465 9.41674995422363 9.72116661071777 10.4710836410522 10.9772500991821 11.6481246948242 13.6997499465942 14.3647499084473 14.3786668777466 14.335916519165 14.384916305542 14.4477081298828 14.3620414733887 14.3501253128052 14.5522499084473 14.5521669387817 14.5345420837402 14.0176248550415 13.7198753356934 14.0135831832886 14.1518745422363 14.6755828857422 14.8123331069946 14.9669170379639 15.0085000991821 15.0089588165283 15.0237913131714 14.9364166259766 14.9583330154419 14.9397506713867 14.9767923355103 15.050708770752
9.84162521362305 9.6158332824707 10.7212915420532 11.2821254730225 11.64537525177 12.152458190918 11.4082498550415 10.9700002670288 11.0814161300659 12.2433748245239 12.2453746795654 12.4350833892822 12.9053754806519 12.9496660232544 12.9226245880127 12.9208326339722 12.8789587020874 12.2869997024536 11.6852912902832 11.0914163589478 10.7904586791992 11.2963752746582 10.5024166107178 11.5925416946411 12.4359998703003 12.5997495651245 13.7772083282471 14.2074165344238 14.2011671066284 13.9752502441406 14.2673749923706 14.375 14.3261671066284 14.3852081298828 14.4337911605835 14.4736661911011 13.9676666259766 13.9237499237061 14.252082824707 14.4409580230713 14.6754579544067 14.7732086181641 14.7779169082642 14.6969165802002 14.9885835647583 15.1776666641235 15.2024583816528 15.1617498397827 15.0700416564941 15.0450000762939 15.0217914581299 15.0377502441406 15.0558748245239
10.8970003128052 10.5678749084473 11.2302913665771 11.2495002746582 10.9315414428711 11.9283332824707 11.6523332595825 11.3658332824707 11.1350002288818 11.1479997634888 11.1853332519531 12.4861249923706 12.8542919158936 12.8663330078125 12.8614168167114 12.7737493515015 12.7936248779297 12.5290422439575 12.9533338546753 12.5837497711182 11.9467086791992 11.9977912902832 11.4182081222534 11.8816251754761 13.558708190918 13.9652500152588 14.0448331832886 13.9204578399658 13.8982915878296 14.2287502288818 14.0094165802002 13.5424165725708 14.3234996795654 14.3189172744751 13.9071254730225 12.8448333740234 12.5593338012695 13.2646245956421 13.4833745956421 14.0510835647583 14.4546251296997 14.7352085113525 14.9035835266113 15.0584583282471 15.1038751602173 15.1327505111694 15.2404584884644 15.195291519165 15.1725835800171 15.0871667861938 15.0182085037231 15.0884160995483 15.1479167938232
