layers/avg_2014_tmean0.asc
NCOLS 292 
NROWS 291 
XLLCORNER -87.6458333327872 
YLLCORNER 24.4791666666667 
CELLSIZE 0.0416666666669039 
NODATA_value -3.4e+38 
[rows 120 to 143 of 291, columns 106 to 158 of 292]
18.7600002288818 18.7529163360596 18.7004165649414 18.642915725708 18.609582901001 18.5995826721191 18.6212501525879 18.6458339691162 18.703332901001 18.8199996948242 18.8454170227051 18.8520832061768 18.8545837402344 18.8504161834717 18.8316669464111 18.8158340454102 18.7779159545898 18.7566661834717 18.7587490081787 18.7900009155273 18.8412494659424 18.8333339691162 18.8508338928223 18.8237495422363 18.797082901001 18.8425006866455 18.8441677093506 18.8812503814697 18.8708324432373 18.8195819854736 18.7937507629395 18.8241672515869 18.8545837402344 18.9141674041748 18.9470825195312 18.9862499237061 18.9941673278809 19.000415802002 19 18.9720840454102 18.9583339691162 18.9408340454102 18.9508323669434 18.9862499237061 19.0391674041748 19.1533336639404 19.2383327484131 19.404167175293 19.5012493133545 19.5066661834717 -3.4e+38 -3.4e+38 -3.4e+38
18.7762489318848 18.7075004577637 18.6945838928223 18.702917098999 18.6808338165283 18.7287502288818 18.8070831298828 18.8762493133545 18.952917098999 19.0033321380615 19.0054168701172 18.9616661071777 18.9012508392334 18.8654155731201 18.845832824707 18.8150005340576 18.7704162597656 18.7625007629395 18.7554168701172 18.7891654968262 18.8600006103516 18.8924999237061 18.8829174041748 18.8683338165283 18.857084274292 18.8633327484131 18.8545837402344 18.8899993896484 18.8858337402344 18.8362503051758 18.7920837402344 18.7933330535889 18.828332901001 18.8649997711182 18.875415802002 18.8916664123535 18.9104156494141 18.9620819091797 18.9762496948242 18.9812507629395 18.9879169464111 18.970832824707 18.9941673278809 19.0291652679443 19.1183338165283 19.2374992370605 19.3800010681152 19.5041675567627 19.5429153442383 -3.4e+38 -3.4e+38 -3.4e+38 -3.4e+38
18.7179164886475 18.6949996948242 18.6504173278809 18.7462501525879 18.7579154968262 18.8229160308838 18.9495830535889 19.0091667175293 19.0750007629395 19.0870838165283 19.091667175293 19.0245838165283 18.9433326721191 18.9037494659424 18.8791656494141 18.8262500762939 18.8033332824707 18.7999992370605 18.797082901001 18.859582901001 18.9295825958252 18.9400005340576 18.9241676330566 18.9008331298828 18.9066677093506 18.8958339691162 18.8804168701172 18.8791656494141 18.8875007629395 18.8270835876465 18.810417175293 18.8225002288818 18.7999992370605 18.8079166412354 18.812084197998 18.8204154968262 18.877082824707 18.9137496948242 18.9679164886475 18.9783325195312 19.0070838928223 19.0204162597656 19.0587501525879 19.1191673278809 19.2383327484131 19.3133335113525 19.4850006103516 19.5795841217041 19.5866661071777 -3.4e+38 -3.4e+38 -3.4e+38 -3.4e+38
18.5795822143555 18.6175003051758 18.658332824707 18.825834274292 18.8666667938232 18.9654159545898 19.0362491607666 19.1591663360596 19.2212505340576 19.1837501525879 19.1604156494141 19.095832824707 19.0049991607666 18.9650001525879 18.9500007629395 18.9099998474121 18.9087505340576 18.9116668701172 18.9283332824707 18.9283332824707 18.9645843505859 19.0100002288818 18.9874992370605 18.9599990844727 18.9375 18.9237499237061 18.9045829772949 18.8899993896484 18.8325004577637 18.796667098999 18.7762489318848 18.8054161071777 18.7683334350586 18.7541675567627 18.7670841217041 18.783332824707 18.8337497711182 18.8679161071777 18.9170837402344 18.9695835113525 19.0245838165283 19.0641670227051 19.1216659545898 19.2016658782959 19.3083343505859 19.4366664886475 19.5545825958252 19.6275005340576 -3.4e+38 -3.4e+38 -3.4e+38 -3.4e+38 -3.4e+38
18.577917098999 18.5849990844727 18.6887493133545 18.779167175293 18.859582901001 18.8979167938232 18.9766654968262 19.0787506103516 19.1641674041748 19.1887493133545 19.1766662597656 19.1616668701172 19.0712509155273 19.0379161834717 18.966667175293 18.9591674804688 18.9612503051758 18.984582901001 19.0083332061768 19.0220832824707 19.0379161834717 19.0912494659424 19.0745830535889 19.0300006866455 19.0133323669434 18.9854164123535 18.9908332824707 18.9137496948242 18.8216667175293 18.7574996948242 18.7629165649414 18.7316665649414 18.716667175293 18.6829166412354 18.6833324432373 18.734582901001 18.7904167175293 18.8541660308838 18.9033336639404 18.9595832824707 19.0520839691162 19.0833339691162 19.1495838165283 19.2579174041748 19.3737506866455 19.5458335876465 19.6375007629395 19.6845836639404 -3.4e+38 -3.4e+38 -3.4e+38 -3.4e+38 -3.4e+38
18.6462497711182 18.6645832061768 18.719165802002 18.796667098999 18.859167098999 18.8866672515869 18.9245834350586 19.033332824707 19.0829162597656 19.1033325195312 19.1170825958252 19.0974998474121 19.0612506866455 19.0699996948242 19 19.0283336639404 19.0479164123535 19.0654163360596 19.1000003814697 19.1637496948242 19.1816673278809 19.1766662597656 19.1499996185303 19.0974998474121 19.0750007629395 19.109167098999 19.0849990844727 18.9566669464111 18.8087501525879 18.7158336639404 18.6312503814697 18.578332901001 18.5804176330566 18.6137504577637 18.6454162597656 18.716667175293 18.7858333587646 18.8545837402344 18.8804168701172 18.9329166412354 19.0145835876465 19.0825004577637 19.1445827484131 19.280834197998 19.4087505340576 19.5870838165283 19.6608333587646 -3.4e+38 -3.4e+38 -3.4e+38 -3.4e+38 -3.4e+38 -3.4e+38
18.6700000762939 18.7037506103516 18.7554168701172 18.8629169464111 18.8649997711182 18.890417098999 18.9074993133545 18.9883327484131 19.0187492370605 19.015417098999 19.0833339691162 19.1350002288818 19.0912494659424 19.064582824707 19.0595836639404 19.1187496185303 19.1516666412354 19.2083339691162 19.3174991607666 19.3958339691162 19.3795833587646 19.3262500762939 19.2666664123535 19.1841678619385 19.1162509918213 19.1208343505859 19.0720844268799 18.9170837402344 18.7450008392334 18.5954170227051 18.4612503051758 18.3812503814697 18.4116668701172 18.4691677093506 18.5870838165283 18.6937503814697 18.763334274292 18.8541660308838 18.8945827484131 18.9300003051758 18.9991664886475 19.0879173278809 19.187084197998 19.312084197998 19.4579162597656 19.5920829772949 19.6754169464111 -3.4e+38 -3.4e+38 -3.4e+38 -3.4e+38 -3.4e+38 -3.4e+38
18.7204170227051 18.7245826721191 18.7612495422363 18.8154163360596 18.8970832824707 18.8766670227051 18.8933334350586 18.9162502288818 18.9595832824707 18.9775009155273 19.0287494659424 19.0725002288818 19.0770835876465 19.0970840454102 19.1399993896484 19.1570835113525 19.2075004577637 19.3158340454102 19.4624996185303 19.5983333587646 19.6037502288818 19.4908332824707 19.3691673278809 19.2662506103516 19.1574993133545 19.0770835876465 18.9737491607666 18.8425006866455 18.6737499237061 18.4695835113525 18.2316665649414 18.1295833587646 18.2545833587646 18.3845825195312 18.5683326721191 18.6795825958252 18.7616672515869 18.8391666412354 18.8879165649414 18.9237499237061 18.9974994659424 19.1366672515869 19.2641658782959 19.3312492370605 19.4616661071777 19.5520839691162 19.6333332061768 -3.4e+38 -3.4e+38 -3.4e+38 -3.4e+38 -3.4e+38 -3.4e+38
18.7845840454102 18.8079166412354 18.8266677856445 18.8700008392334 18.9358329772949 18.9050006866455 18.9341659545898 18.9283332824707 18.9549999237061 18.9787502288818 19.0049991607666 19.0412502288818 19.0129165649414 18.9929161071777 19.0245838165283 19.0754165649414 19.1666660308838 19.3220825195312 19.486665725708 19.6495838165283 19.6437511444092 19.4904174804688 19.4058322906494 19.3262500762939 19.2395839691162 19.062084197998 18.9212493896484 18.7875003814697 18.6158332824707 18.4208335876465 18.185417175293 18.0575008392334 18.1904163360596 18.4162502288818 18.5762500762939 18.7112503051758 18.7908325195312 18.8537502288818 18.8912506103516 18.9570827484131 19.0854167938232 19.2754173278809 19.3537502288818 19.3841667175293 19.4783325195312 19.5408344268799 19.6395835876465 -3.4e+38 -3.4e+38 -3.4e+38 -3.4e+38 -3.4e+38 -3.4e+38
18.8812503814697 18.8895835876465 18.9025001525879 18.9595832824707 19.0229167938232 18.9549999237061 18.9650001525879 18.9579162597656 18.9470825195312 18.9570827484131 18.9575004577637 18.9720840454102 18.9837493896484 18.9470825195312 18.9549999237061 18.9983329772949 19.09375 19.2437496185303 19.3912506103516 19.5137500762939 19.5275001525879 19.4695835113525 19.3920822143555 19.2670822143555 19.1725006103516 19.0774993896484 18.9962501525879 18.9287509918213 18.7075004577637 18.5125007629395 18.3758335113525 18.2975006103516 18.3270835876465 18.5008335113525 18.6083335876465 18.7175006866455 18.8137512207031 18.872917175293 18.9829158782959 19.0912494659424 19.2108325958252 19.3629169464111 19.3895835876465 19.4412498474121 19.4904174804688 19.5883331298828 -3.4e+38 -3.4e+38 -3.4e+38 -3.4e+38 -3.4e+38 -3.4e+38 -3.4e+38
18.9466667175293 18.9633331298828 18.970832824707 18.9983329772949 19.060417175293 18.9991664886475 18.9970836639404 18.9720840454102 18.9408340454102 18.8924999237061 18.8854160308838 18.8833332061768 18.9120826721191 18.9212493896484 18.8695831298828 18.8733329772949 18.9816665649414 19.1204166412354 19.2533340454102 19.3633327484131 19.3866672515869 19.3687496185303 19.3162498474121 19.2637500762939 19.203332901001 19.1137504577637 19.0787506103516 18.9662494659424 18.8029155731201 18.6704177856445 18.5754165649414 18.5433330535889 18.5191669464111 18.6066665649414 18.6620826721191 18.7333335876465 18.8199996948242 18.9020843505859 19.0133323669434 19.1725006103516 19.3083343505859 19.421667098999 19.4537506103516 19.4662494659424 19.5591659545898 -3.4e+38 -3.4e+38 -3.4e+38 -3.4e+38 -3.4e+38 -3.4e+38 -3.4e+38 -3.4e+38
18.9829158782959 18.9950008392334 19.0208339691162 19.0358333587646 19.0550003051758 18.9950008392334 18.9962501525879 18.9604167938232 18.9029159545898 18.8487491607666 18.8620834350586 18.9150009155273 18.9225006103516 18.8816661834717 18.716667175293 18.6858329772949 18.8091659545898 18.970832824707 19.1187496185303 19.2354164123535 19.2875003814697 19.265832901001 19.2533340454102 19.2291660308838 19.1845836639404 19.1358337402344 19.1191673278809 18.9962501525879 18.919584274292 18.8345832824707 18.747917175293 18.687084197998 18.6766662597656 18.7041664123535 18.718334197998 18.7737503051758 18.8533325195312 18.9341659545898 19.077917098999 19.2291660308838 19.3462505340576 19.4245834350586 19.4720840454102 19.5454158782959 -3.4e+38 -3.4e+38 -3.4e+38 -3.4e+38 -3.4e+38 -3.4e+38 -3.4e+38 -3.4e+38 -3.4e+38
19.0245838165283 19.0100002288818 19.0029163360596 19.0591678619385 19.0437507629395 19.0420837402344 19.0200004577637 18.9620838165283 18.919584274292 18.8612499237061 18.8958339691162 18.9904174804688 18.953332901001 18.8829174041748 18.6954174041748 18.6179161071777 18.7124996185303 18.8970832824707 19.0537509918213 19.1662502288818 19.2150001525879 19.2137508392334 19.2245826721191 19.2204170227051 19.1929168701172 19.1712493896484 19.1733341217041 19.0625 19.0266666412354 18.9412498474121 18.9016666412354 18.7979164123535 18.8241653442383 18.7587490081787 18.7354164123535 18.7862510681152 18.8479175567627 19.0016670227051 19.1525001525879 19.2820835113525 19.3629169464111 19.4566669464111 19.5120830535889 19.6166667938232 -3.4e+38 -3.4e+38 -3.4e+38 -3.4e+38 -3.4e+38 -3.4e+38 -3.4e+38 -3.4e+38 -3.4e+38
19.0620822906494 19.0424995422363 19.0874996185303 19.0845832824707 19.1204166412354 19.0670833587646 19.0324993133545 19.0070838928223 18.9804172515869 19.0208339691162 19.1212501525879 19.0845832824707 18.9829158782959 18.9208335876465 18.8579158782959 18.8054161071777 18.8395824432373 18.9549999237061 19.0895843505859 19.1766662597656 19.1962509155273 19.2020835876465 19.2291660308838 19.2333335876465 19.2299995422363 19.2129173278809 19.1791667938232 19.1191673278809 19.1154174804688 19.0650005340576 19.0016670227051 18.9095840454102 18.9179172515869 18.8150005340576 18.7837505340576 18.7883338928223 18.8875007629395 19.0104160308838 19.1912498474121 19.3154163360596 19.3662490844727 19.4650001525879 19.5320835113525 19.6383323669434 -3.4e+38 -3.4e+38 -3.4e+38 -3.4e+38 -3.4e+38 -3.4e+38 -3.4e+38 -3.4e+38 -3.4e+38
19.0737495422363 19.1087493896484 19.1108341217041 19.0825004577637 19.1450004577637 19.1033344268799 19.0762500762939 19.0495834350586 19.0379161834717 19.0674991607666 19.0879173278809 19.0637493133545 19.0337505340576 19.0420837402344 19.0433330535889 19.0025005340576 19.0245838165283 19.0854167938232 19.1749992370605 19.2120838165283 19.2420825958252 19.2483329772949 19.2704162597656 19.279167175293 19.281665802002 19.2674999237061 19.2404174804688 19.2374992370605 19.2254161834717 19.169584274292 19.0799999237061 18.9537506103516 18.9479160308838 18.8841667175293 18.84375 18.8758335113525 18.9408340454102 19.0591659545898 19.1787509918213 19.2858333587646 19.3675003051758 19.4391670227051 19.549165725708 19.6195831298828 -3.4e+38 -3.4e+38 -3.4e+38 -3.4e+38 -3.4e+38 -3.4e+38 -3.4e+38 -3.4e+38 -3.4e+38
19.0900001525879 19.1291656494141 19.1191673278809 19.1175003051758 19.1787490844727 19.1187496185303 19.1320838928223 19.095832824707 19.1041660308838 19.1266670227051 19.1312503814697 19.1187496185303 19.1312503814697 19.1920833587646 19.2212505340576 19.2133331298828 19.202917098999 19.2291660308838 19.2920837402344 19.3141670227051 19.3491668701172 19.3691673278809 19.357084274292 19.3466663360596 19.3700008392334 19.3645839691162 19.3549995422363 19.3379173278809 19.3095836639404 19.2733325958252 19.1704158782959 19.0520839691162 18.9741668701172 18.937915802002 18.8766670227051 18.8924999237061 18.9645843505859 19.0670833587646 19.2049999237061 19.2983341217041 19.3699989318848 19.4358329772949 19.5399990081787 19.6316661834717 -3.4e+38 -3.4e+38 -3.4e+38 -3.4e+38 -3.4e+38 -3.4e+38 -3.4e+38 -3.4e+38 -3.4e+38
19.1316661834717 19.1312503814697 19.1350002288818 19.1774997711182 19.2649993896484 19.2287502288818 19.252498626709 19.2337493896484 19.2437496185303 19.25 19.2525005340576 19.2512493133545 19.2299995422363 19.2804164886475 19.3016662597656 19.3404159545898 19.3274993896484 19.3116664886475 19.3700008392334 19.3974990844727 19.424165725708 19.4416656494141 19.46875 19.4558334350586 19.4620838165283 19.4741668701172 19.4750003814697 19.468334197998 19.4262504577637 19.3391666412354 19.2474994659424 19.1262493133545 19.0712509155273 19.0212497711182 18.9320831298828 18.9487495422363 18.9837493896484 19.0591659545898 19.1962509155273 19.3241672515869 19.390832901001 19.4208335876465 19.5370826721191 19.6579170227051 -3.4e+38 -3.4e+38 -3.4e+38 -3.4e+38 -3.4e+38 -3.4e+38 -3.4e+38 -3.4e+38 -3.4e+38
19.1804161071777 19.1812496185303 19.2250003814697 19.2762508392334 19.310417175293 19.3029174804688 19.3050003051758 19.2933330535889 19.2995834350586 19.3199996948242 19.3295841217041 19.3445835113525 19.3670845031738 19.4020824432373 19.4154167175293 19.4445838928223 19.4125003814697 19.390832901001 19.4120826721191 19.4650001525879 19.5033340454102 19.5229167938232 19.5245838165283 19.5283336639404 19.5566673278809 19.5900001525879 19.6424999237061 19.6070823669434 19.5329170227051 19.470832824707 19.341667175293 19.2304172515869 19.1858329772949 19.1275005340576 19.0441665649414 18.9933338165283 19.0141658782959 19.107084274292 19.2329158782959 19.3400001525879 19.3816661834717 19.4291667938232 19.5429172515869 -3.4e+38 -3.4e+38 -3.4e+38 -3.4e+38 -3.4e+38 -3.4e+38 -3.4e+38 -3.4e+38 -3.4e+38 -3.4e+38
19.3050003051758 19.3199996948242 19.3504161834717 19.3575000762939 19.4179172515869 19.377082824707 19.3374996185303 19.3358325958252 19.3629169464111 19.3833332061768 19.3833332061768 19.4074993133545 19.4654159545898 19.466667175293 19.4883327484131 19.515832901001 19.5174999237061 19.4733333587646 19.4583339691162 19.515832901001 19.6108341217041 19.5358333587646 19.5495834350586 19.5862503051758 19.674165725708 19.7429161071777 19.8120822906494 19.7595825195312 19.6241664886475 19.5537490844727 19.3954162597656 19.312084197998 19.2712497711182 19.2179164886475 19.1424999237061 19.1108322143555 19.1262493133545 19.2354164123535 19.3412494659424 19.4245834350586 19.4608325958252 19.4704170227051 19.5983333587646 -3.4e+38 -3.4e+38 -3.4e+38 -3.4e+38 -3.4e+38 -3.4e+38 -3.4e+38 -3.4e+38 -3.4e+38 -3.4e+38
19.5129165649414 19.4754161834717 19.4487495422363 19.4045829772949 19.5041656494141 19.4412498474121 19.4241676330566 19.4349994659424 19.4433326721191 19.4333324432373 19.4908332824707 19.5162506103516 19.5270843505859 19.5204162597656 19.5233325958252 19.5720825195312 19.5891666412354 19.6087493896484 19.5300006866455 19.5358333587646 19.5754165649414 19.5533332824707 19.6020832061768 19.7045841217041 19.841667175293 19.9487495422363 20.0095825195312 19.9416675567627 19.8233337402344 19.6641654968262 19.5929164886475 19.453332901001 19.3487510681152 19.3070831298828 19.2866668701172 19.2666664123535 19.3016662597656 19.4316673278809 19.5383338928223 19.624584197998 19.611665725708 19.6304168701172 19.7437496185303 -3.4e+38 -3.4e+38 -3.4e+38 -3.4e+38 -3.4e+38 -3.4e+38 -3.4e+38 -3.4e+38 -3.4e+38 -3.4e+38
19.6012496948242 19.5358333587646 19.5108337402344 19.4375 19.4908332824707 19.3987503051758 19.3845825195312 19.3945827484131 19.4233341217041 19.4604167938232 19.517915725708 19.5562496185303 19.6037502288818 19.6224994659424 19.6445827484131 19.6316661834717 19.625 19.6579170227051 19.6275005340576 19.5954170227051 19.6000003814697 19.6262493133545 19.6599998474121 19.8012504577637 19.9983329772949 20.1416664123535 20.172082901001 20.1591663360596 20.0787506103516 19.9541664123535 19.8608341217041 19.6941661834717 19.627498626709 19.5725002288818 19.5583343505859 19.5679168701172 19.5866661071777 19.671667098999 19.7937507629395 19.8662490844727 19.8387489318848 19.8958339691162 20.0166664123535 -3.4e+38 -3.4e+38 -3.4e+38 -3.4e+38 -3.4e+38 -3.4e+38 -3.4e+38 -3.4e+38 -3.4e+38 -3.4e+38
19.5279159545898 19.5162506103516 19.5358333587646 19.4449996948242 19.484582901001 19.3820838928223 19.3624992370605 19.3579158782959 19.4037494659424 19.4408340454102 19.5029163360596 19.5679168701172 19.6129169464111 19.6420822143555 19.656665802002 19.6412506103516 19.6454162597656 19.6475009918213 19.6350002288818 19.6512508392334 19.6220836639404 19.6695823669434 19.752082824707 19.9029159545898 20.042501449585 20.1712493896484 20.2129173278809 20.2095832824707 20.1533336639404 20.0845832824707 19.9604167938232 19.8195838928223 19.7870826721191 19.8162498474121 19.8058338165283 19.825834274292 19.8183326721191 19.8799991607666 20.0095825195312 20.1199989318848 20.1470832824707 20.2366676330566 20.3404159545898 -3.4e+38 -3.4e+38 -3.4e+38 -3.4e+38 -3.4e+38 -3.4e+38 -3.4e+38 -3.4e+38 -3.4e+38 -3.4e+38
19.5212497711182 19.4779167175293 19.4600009918213 19.4266662597656 19.421667098999 19.2933330535889 19.2983341217041 19.3241672515869 19.4016666412354 19.4595832824707 19.5304164886475 19.594165802002 19.5966663360596 19.607084274292 19.6191654205322 19.6708335876465 19.6458339691162 19.6441669464111 19.6949996948242 19.6916656494141 19.6708335876465 19.6891670227051 19.7595825195312 19.8941669464111 20.0583343505859 20.1570835113525 20.2058334350586 20.1937503814697 20.111665725708 20.0224990844727 19.9387493133545 19.8566665649414 19.8470821380615 19.8541660308838 19.8799991607666 19.8995838165283 19.9249992370605 20.0125007629395 20.1108341217041 20.314582824707 20.4304161071777 20.502082824707 20.6437492370605 -3.4e+38 -3.4e+38 -3.4e+38 -3.4e+38 -3.4e+38 -3.4e+38 -3.4e+38 -3.4e+38 -3.4e+38 -3.4e+38
19.5320835113525 19.4545841217041 19.3916664123535 19.4141674041748 19.3212490081787 19.2262496948242 19.2079162597656 19.2541675567627 19.3237495422363 19.4262504577637 19.5145835876465 19.5949993133545 19.6258335113525 19.6470832824707 19.6599998474121 19.6516666412354 19.6712493896484 19.6691665649414 19.6754169464111 19.703332901001 19.7320823669434 19.6804161071777 19.6975002288818 19.8449993133545 19.9729156494141 20.1129169464111 20.1550006866455 20.1166667938232 20.0429172515869 19.9695835113525 19.9087505340576 19.8158340454102 19.8174991607666 19.8029174804688 19.8174991607666 19.8354167938232 19.9091663360596 19.9970836639404 20.1437492370605 20.3604164123535 20.5329170227051 20.6075000762939 20.6849994659424 -3.4e+38 -3.4e+38 -3.4e+38 -3.4e+38 -3.4e+38 -3.4e+38 -3.4e+38 -3.4e+38 -3.4e+38 -3.4e+38
