layers/avg_2014_ppt0.asc
NCOLS 292 
NROWS 291 
XLLCORNER -87.6458333327872 
YLLCORNER 24.4791666666667 
CELLSIZE 0.0416666666669039 
NODATA_value -3.4e+38 
[rows 72 to 95 of 291, columns 54 to 107 of 292]
-3.4e+38 -3.4e+38 1314.25 1303.85998535156 1296.80004882812 1287.64001464844 1271.55004882812 1289.96997070312 1283.81005859375 1280.11999511719 1236.90002441406 1223.43994140625 1266.21997070312 1266.38000488281 1216.77001953125 1173.89001464844 1140.28002929688 1117.97998046875 1130.78002929688 1148.03002929688 1184.88000488281 1256.82006835938 1315.75 1285.30993652344 1241.57995605469 1223.16003417969 1237.03002929688 1236.67993164062 1205.81005859375 1153.85998535156 1152.05004882812 1192.93994140625 1218.70007324219 1273.48999023438 1316.28002929688 1347.15002441406 1343.55004882812 1247.21997070312 1167.80004882812 1122.08996582031 1091.34997558594 1092.23999023438 1107.9599609375 1115 1117.72998046875 1094.67004394531 1097.84997558594 1100.27001953125 1090.2900390625 1098.28002929688 1132.91003417969 1173.2099609375 1193.38000488281 1180.4599609375
-3.4e+38 -3.4e+38 1359.27001953125 1341.9599609375 1306.05004882812 1239.919921875 1208.63000488281 1259.05004882812 1300.01000976562 1259.83996582031 1178.94995117188 1169.61999511719 1228.88000488281 1258.5400390625 1208.38000488281 1169.2900390625 1163.66003417969 1172.90002441406 1170.56005859375 1162.07995605469 1176.97998046875 1231.58996582031 1297.080078125 1232.2900390625 1183.9599609375 1173.98999023438 1174.18994140625 1157.73999023438 1155.22998046875 1182.97998046875 1212.80004882812 1232.56005859375 1256.75 1307.23999023438 1340.09997558594 1335.67993164062 1306.96997070312 1248.08996582031 1179.47998046875 1124.14001464844 1105.77001953125 1132 1156.44995117188 1128.27001953125 1109 1119.94995117188 1143.82995605469 1147.02001953125 1134.7900390625 1120.84997558594 1131.68994140625 1154.55993652344 1180.91003417969 1191.15002441406
-3.4e+38 -3.4e+38 1364.93994140625 1341.9599609375 1316.39001464844 1280.55993652344 1262.09997558594 1288.81994628906 1297.69995117188 1267.5 1202.47998046875 1175.78002929688 1187.71997070312 1204.86999511719 1187.07006835938 1174.06994628906 1175.2900390625 1182.27001953125 1191.18005371094 1188.9599609375 1163.80993652344 1160.91003417969 1180.16003417969 1148.73999023438 1116.77001953125 1117.84997558594 1131.2099609375 1131.2099609375 1171.60998535156 1224.0400390625 1285.73999023438 1290.80004882812 1305.91003417969 1349.48999023438 1353.17993164062 1319.7099609375 1299.72998046875 1245.07995605469 1156.76000976562 1122.91003417969 1127.75 1166.42004394531 1189.91003417969 1163.19995117188 1158.91003417969 1178.73999023438 1199.33996582031 1185.13000488281 1162.35998535156 1152.13000488281 1146.53002929688 1143.84997558594 1157.13000488281 1169.7900390625
-3.4e+38 -3.4e+38 1321.59997558594 1302.82995605469 1307.73999023438 1286.80004882812 1271.30993652344 1281.03002929688 1283.93005371094 1265.30004882812 1226.11999511719 1184.08996582031 1175.30993652344 1184.59997558594 1181.46997070312 1185.5400390625 1194.32995605469 1194.57995605469 1181.16003417969 1238.91003417969 1218.27001953125 1178.0400390625 1121.03002929688 1093.83996582031 1071.33996582031 1086.11999511719 1133.35998535156 1184.34997558594 1208.76000976562 1242.15002441406 1297.16003417969 1309.33996582031 1305.66003417969 1314.01000976562 1296.41003417969 1274.90002441406 1261.33996582031 1226.7900390625 1174.55004882812 1143.72998046875 1167.05004882812 1190.26000976562 1190.36999511719 1187.94995117188 1193.13000488281 1198.68005371094 1199.38000488281 1184.59997558594 1186.75 1193.88000488281 1181.11999511719 1159.4599609375 1139.19995117188 1143.32995605469
-3.4e+38 -3.4e+38 1294.96997070312 1287.41003417969 1273.61999511719 1240.55004882812 1218.48999023438 1231.60998535156 1236.02001953125 1224.75 1215.34997558594 1207.32995605469 1196.73999023438 1207.28002929688 1207.25 1205.7900390625 1211.59997558594 1200.2900390625 1174.80993652344 1215.73999023438 1200.69995117188 1147.55004882812 1074.39001464844 1050.69006347656 1015.02001953125 1069.03002929688 1137.86999511719 1185.97998046875 1199.40002441406 1218.72998046875 1224.31005859375 1235.93005371094 1256.5400390625 1251.48999023438 1238.11999511719 1219.48999023438 1201.91003417969 1194.77001953125 1183.85998535156 1172.83996582031 1189.95007324219 1197.67004394531 1192.13000488281 1197.51000976562 1215.97998046875 1232.76000976562 1176.81005859375 1186.64001464844 1237.59997558594 1229.71997070312 1196.25 1170.82995605469 1141.06994628906 1135.17993164062
-3.4e+38 -3.4e+38 -3.4e+38 1248.15002441406 1217.88000488281 1186.4599609375 1178.94995117188 1205.34997558594 1212.86999511719 1203.63000488281 1201.56994628906 1217.96997070312 1221.13000488281 1261.07006835938 1268.06994628906 1237.93994140625 1197.48999023438 1129.82995605469 1124.80004882812 1159.82995605469 1114.81005859375 1084.34997558594 1051.09997558594 1030.14001464844 1014.47998046875 1057.51000976562 1124.84997558594 1163.61999511719 1183.45007324219 1197.38000488281 1192.86999511719 1194.40002441406 1218.33996582031 1216.75 1196.88000488281 1175.71997070312 1160.44995117188 1158.84997558594 1181.15002441406 1187.85998535156 1171.67993164062 1179.86999511719 1193.72998046875 1207.7900390625 1226.05004882812 1252.80004882812 1200.93005371094 1191.64001464844 1218.58996582031 1181.11999511719 1156.39001464844 1144.55004882812 1126.77001953125 1100.76000976562
-3.4e+38 -3.4e+38 -3.4e+38 1210.91003417969 1196.39001464844 1188.85998535156 1183.0400390625 1218.19006347656 1253.63000488281 1225.16003417969 1208.31005859375 1229.94995117188 1258.23999023438 1279.25 1280.85998535156 1243.30993652344 1185.2900390625 1124.63000488281 1110.38000488281 1114.85998535156 1079.96997070312 1074.86999511719 1063.02001953125 1044.56005859375 1047.27001953125 1091.90002441406 1133.80004882812 1129.80004882812 1136.61999511719 1173.56994628906 1198.85998535156 1231.86999511719 1228.2099609375 1177.26000976562 1133.48999023438 1095.61999511719 1075.94995117188 1093.53002929688 1156.05004882812 1194.33996582031 1175.27001953125 1183.63000488281 1205.85998535156 1189.39001464844 1193.51000976562 1215.46997070312 1200.2900390625 1170.57995605469 1157.34997558594 1113.06994628906 1108.19995117188 1109.21997070312 1095.42993164062 1061.15002441406
-3.4e+38 -3.4e+38 -3.4e+38 1215.02001953125 1208.83996582031 1229.64001464844 1225.73999023438 1246.94995117188 1283.72998046875 1249.67004394531 1219.11999511719 1245.7900390625 1286.41003417969 1299.02001953125 1277.97998046875 1243.23999023438 1193.19006347656 1167.97998046875 1149.60998535156 1116.17004394531 1076.13000488281 1068.94995117188 1064.53002929688 1077.21997070312 1106.86999511719 1137.13000488281 1133 1064.58996582031 1081.47998046875 1135.43994140625 1163.75 1171.08996582031 1146.73999023438 1103.06005859375 1068.2099609375 1046.07995605469 1046.93994140625 1084.83996582031 1150.63000488281 1186.28002929688 1185.40002441406 1204.11999511719 1218.17004394531 1201.65002441406 1184.83996582031 1171.09997558594 1149.73999023438 1117.76000976562 1108.01000976562 1098.69995117188 1095.94006347656 1091.0400390625 1070.0400390625 1045.66003417969
-3.4e+38 -3.4e+38 -3.4e+38 1209.55004882812 1221.0400390625 1268.57995605469 1277.5400390625 1279.92004394531 1280.93005371094 1267.26000976562 1233.94995117188 1230.67004394531 1251.85998535156 1271.96997070312 1276.59997558594 1255.51000976562 1198.22998046875 1172.05004882812 1159.57995605469 1134.82995605469 1127.56005859375 1115.30004882812 1077.30993652344 1071.89001464844 1096.05004882812 1137.63000488281 1165.88000488281 1139.23999023438 1133.13000488281 1159.92993164062 1127.03002929688 1090.10998535156 1070 1055.96997070312 1059.84997558594 1069.68005371094 1075.77001953125 1098.60998535156 1137.08996582031 1157.5400390625 1175.09997558594 1192.80004882812 1206.73999023438 1211.66003417969 1200.25 1169.80004882812 1138.36999511719 1105.11999511719 1102.47998046875 1113.80993652344 1110.5 1099.5400390625 1070.06005859375 1054.67004394531
-3.4e+38 -3.4e+38 -3.4e+38 1220.39001464844 1238.72998046875 1272.06005859375 1274.17004394531 1269.17004394531 1260.18005371094 1276.32006835938 1249.77001953125 1207.31005859375 1207.7900390625 1245.73999023438 1261.63000488281 1239.13000488281 1185.90002441406 1138.89001464844 1127.33996582031 1135.10998535156 1138.68994140625 1147.75 1105.67004394531 1077.31005859375 1081.36999511719 1132.32006835938 1210.55004882812 1233.85998535156 1198.39001464844 1168.05004882812 1133.31994628906 1117.90002441406 1106.81005859375 1106.9599609375 1130.42004394531 1130.59997558594 1103.81005859375 1084.02001953125 1089.75 1134.73999023438 1168.08996582031 1159.09997558594 1188.91003417969 1206.92004394531 1216.42004394531 1187.90002441406 1167.44995117188 1143.83996582031 1120.73999023438 1112.33996582031 1114.64001464844 1127.53002929688 1102.94995117188 1096.94995117188
-3.4e+38 -3.4e+38 -3.4e+38 -3.4e+38 1289.39001464844 1289.85998535156 1282.51000976562 1251.92004394531 1235.86999511719 1234.53002929688 1218.29992675781 1189.39001464844 1189.83996582031 1230.21997070312 1241.34997558594 1210.71997070312 1172.66003417969 1145.08996582031 1140.93994140625 1134.58996582031 1147.11999511719 1158.63000488281 1138.84997558594 1122.14001464844 1136.57995605469 1162.56994628906 1216.43994140625 1219.07995605469 1194.98999023438 1162.92004394531 1145.94995117188 1160.2900390625 1173.14001464844 1189.21997070312 1191.36999511719 1160.36999511719 1119.48999023438 1077.71997070312 1075.34997558594 1095.39001464844 1121.21997070312 1145.19995117188 1166.71997070312 1203.21997070312 1236.70007324219 1242.68994140625 1217.419921875 1182.2900390625 1133.69995117188 1115.61999511719 1139.36999511719 1172.83996582031 1134.2900390625 1133.4599609375
-3.4e+38 -3.4e+38 -3.4e+38 -3.4e+38 1308.34997558594 1335.11999511719 1323.48999023438 1281.27001953125 1238.61999511719 1208.59997558594 1183.60998535156 1158.63000488281 1172.30993652344 1191.07006835938 1186.38000488281 1167.23999023438 1155.94995117188 1154.73999023438 1178.76000976562 1171.76000976562 1160.94995117188 1166.02001953125 1173.27001953125 1186.92004394531 1214.93994140625 1221.5400390625 1243.39001464844 1249.13000488281 1240.26000976562 1195.92004394531 1153.97998046875 1159.60998535156 1185.55004882812 1188.43994140625 1169.55004882812 1126.09997558594 1074.14001464844 1059.4599609375 1072.22998046875 1081.15002441406 1121.14001464844 1148.09997558594 1148.80004882812 1192.30004882812 1242.83996582031 1279.38000488281 1247.2099609375 1205.16003417969 1168.39001464844 1162.63000488281 1206.64001464844 1228.28002929688 1162.82995605469 1161.60998535156
-3.4e+38 -3.4e+38 -3.4e+38 -3.4e+38 1289.7900390625 1330.5400390625 1333.5400390625 1320.90002441406 1295.85998535156 1260.01000976562 1194.42993164062 1150.55993652344 1158.98999023438 1136.66003417969 1113.59997558594 1107.2900390625 1125.27001953125 1146.43005371094 1171.20007324219 1184.67004394531 1186.31005859375 1170.0400390625 1197.46997070312 1237.43994140625 1268.56994628906 1249.43005371094 1254.44995117188 1251.06005859375 1254.35998535156 1217.0400390625 1174.5 1158.23999023438 1175.53002929688 1194.47998046875 1165.9599609375 1109.59997558594 1069.47998046875 1074.08996582031 1095.80993652344 1118.65002441406 1152.13000488281 1184.75 1188.08996582031 1186.55004882812 1195.4599609375 1220.67993164062 1214.59997558594 1226.71997070312 1248.14001464844 1241.16003417969 1254.43005371094 1280.41003417969 1192.43994140625 1191.07995605469
-3.4e+38 -3.4e+38 -3.4e+38 -3.4e+38 1225.64001464844 1249.42993164062 1290.5400390625 1302.94006347656 1319.52001953125 1299.36999511719 1238.28002929688 1164.05004882812 1143.58996582031 1113.56005859375 1105.77001953125 1107.46997070312 1121.22998046875 1161.66003417969 1181.31994628906 1170.06005859375 1196.28002929688 1194.7099609375 1229.58996582031 1282.41003417969 1288.38000488281 1259.85998535156 1206.96997070312 1183.96997070312 1190.97998046875 1197.27001953125 1183.02001953125 1175.93994140625 1199.19995117188 1214.51000976562 1179.05004882812 1121.84997558594 1096.55004882812 1098.31005859375 1104.42993164062 1110.58996582031 1119.80004882812 1167.57995605469 1216.23999023438 1185.51000976562 1173.2900390625 1189.13000488281 1217.11999511719 1250.63000488281 1288.10998535156 1302.5400390625 1286.22998046875 1282.25 1253.18005371094 1215.78002929688
-3.4e+38 -3.4e+38 -3.4e+38 -3.4e+38 1147.94995117188 1158.09997558594 1236.17004394531 1262.19995117188 1243.53002929688 1251.48999023438 1259.61999511719 1193.55004882812 1157.05004882812 1127.33996582031 1110.68994140625 1109.03002929688 1140.55004882812 1203.93005371094 1231.22998046875 1218.07995605469 1195.86999511719 1214.5400390625 1257.02001953125 1294.56994628906 1271.67004394531 1274.72998046875 1207.19995117188 1151.03002929688 1124.06005859375 1149.13000488281 1181.83996582031 1194.18005371094 1197.17004394531 1169.92004394531 1117.48999023438 1094.01000976562 1106.5 1124.31994628906 1132.88000488281 1129.41003417969 1143.4599609375 1216.43005371094 1255.68994140625 1222.02001953125 1229.55004882812 1251.61999511719 1273.48999023438 1280.68005371094 1291.05993652344 1285.33996582031 1296.2900390625 1315.88000488281 1323.08996582031 1275.94995117188
-3.4e+38 -3.4e+38 -3.4e+38 -3.4e+38 -3.4e+38 1157.39001464844 1210.67004394531 1251.51000976562 1210.66003417969 1207.0400390625 1244.02001953125 1196.85998535156 1166.09997558594 1123.56994628906 1106.09997558594 1118.92004394531 1149.72998046875 1206.48999023438 1258.90002441406 1255.36999511719 1230.55004882812 1242.27001953125 1271.58996582031 1292.46997070312 1273.82006835938 1260.30993652344 1239.97998046875 1169.51000976562 1110.77001953125 1119.41003417969 1179.11999511719 1204.97998046875 1178.65002441406 1129.43005371094 1102.43005371094 1108.43994140625 1129.40002441406 1176.93005371094 1221.98999023438 1234.69995117188 1253.58996582031 1272.55004882812 1272.27001953125 1260.89001464844 1254.85998535156 1248.34997558594 1265.21997070312 1295.78002929688 1304.17004394531 1287.40002441406 1285.76000976562 1295.46997070312 1293.84997558594 1280.56994628906
-3.4e+38 -3.4e+38 -3.4e+38 -3.4e+38 -3.4e+38 1141.14001464844 1208.14001464844 1251.23999023438 1221.76000976562 1210.56994628906 1237.32995605469 1185.30993652344 1127.27001953125 1128.97998046875 1168.28002929688 1199.07006835938 1229.56994628906 1264.66003417969 1286.66003417969 1253.61999511719 1231.77001953125 1244.69006347656 1269.18005371094 1274.48999023438 1284.56005859375 1267.86999511719 1249.92004394531 1211.7099609375 1145.17004394531 1149.34997558594 1202.94995117188 1224.01000976562 1213.77001953125 1179.81005859375 1182.06994628906 1200.02001953125 1193.67993164062 1229.43994140625 1284.64001464844 1329.30004882812 1327.01000976562 1285.06994628906 1264.47998046875 1257.71997070312 1268.71997070312 1263.09997558594 1298.44995117188 1278.41003417969 1269.06994628906 1252.30993652344 1221.79992675781 1214.85998535156 1233.2099609375 1243.25
-3.4e+38 -3.4e+38 -3.4e+38 -3.4e+38 -3.4e+38 1187.89001464844 1221.65002441406 1260.2900390625 1282.73999023438 1287.58996582031 1298.10998535156 1224.47998046875 1181.39001464844 1185.38000488281 1240.67004394531 1282.32995605469 1306.09997558594 1304.01000976562 1284.5400390625 1241.43994140625 1246.7099609375 1260.91003417969 1279.30993652344 1295.28002929688 1319.15002441406 1291.26000976562 1245.81005859375 1246.61999511719 1237.13000488281 1200.85998535156 1234.32995605469 1240.5400390625 1215.89001464844 1200.84997558594 1194.77001953125 1216.97998046875 1241.09997558594 1273.40002441406 1328.25 1366.19006347656 1354.23999023438 1316.42004394531 1275.88000488281 1237.01000976562 1238.06005859375 1262.90002441406 1299.76000976562 1192.09997558594 1187.5 1220.22998046875 1184.18994140625 1157.65002441406 1190.17993164062 1202.42004394531
-3.4e+38 -3.4e+38 -3.4e+38 -3.4e+38 -3.4e+38 -3.4e+38 1246.33996582031 1289.89001464844 1357.78002929688 1381.46997070312 1321.64001464844 1265.03002929688 1234.90002441406 1203.25 1235.02001953125 1286.63000488281 1313.90002441406 1327.14001464844 1298.92993164062 1259.01000976562 1292.97998046875 1307.32995605469 1304.16003417969 1324.27001953125 1355.10998535156 1332.56005859375 1268.63000488281 1274.65002441406 1297.86999511719 1227.43005371094 1176.06005859375 1204.5400390625 1222.01000976562 1212.18994140625 1216.27001953125 1242.81005859375 1248.43994140625 1243.72998046875 1267.91003417969 1291.53991699219 1321.18994140625 1303.32006835938 1270.67004394531 1195.56005859375 1143.63000488281 1150.30004882812 1162.11999511719 1146.9599609375 1159.32006835938 1202.7099609375 1210.22998046875 1183.7900390625 1176.69995117188 1195.47998046875
-3.4e+38 -3.4e+38 -3.4e+38 -3.4e+38 -3.4e+38 -3.4e+38 1268.25 1302.96997070312 1372.44995117188 1407.85998535156 1352.44995117188 1285.33996582031 1253.30004882812 1230.64001464844 1235.69995117188 1274.67004394531 1340.35998535156 1348.66003417969 1324.39001464844 1319.56005859375 1328.17004394531 1288.76000976562 1257.46997070312 1285.94995117188 1344.18994140625 1350.71997070312 1291.98999023438 1284.94006347656 1320.01000976562 1222.169921875 1178.02001953125 1189.5400390625 1193.30993652344 1207.4599609375 1238.44995117188 1262.41003417969 1250.25 1227.2099609375 1246.48999023438 1279.34997558594 1284.80993652344 1281.85998535156 1266.55004882812 1228.59997558594 1187.38000488281 1166.11999511719 1152.05004882812 1187.46997070312 1222.77001953125 1238.75 1206.51000976562 1182.16003417969 1175.0400390625 1208.82006835938
-3.4e+38 -3.4e+38 -3.4e+38 -3.4e+38 -3.4e+38 -3.4e+38 -3.4e+38 1269.7099609375 1330.19995117188 1384.55004882812 1365.10998535156 1326.38000488281 1271.90002441406 1253.67004394531 1263.88000488281 1277.16003417969 1341.5 1339.73999023438 1302.67004394531 1295.25 1317.21997070312 1299.81994628906 1276.0400390625 1292.10998535156 1318.57995605469 1332.61999511719 1299.5400390625 1255.51000976562 1225.80993652344 1175.7900390625 1169.48999023438 1184.60998535156 1201.92004394531 1203.27001953125 1192.32995605469 1196.86999511719 1191.91003417969 1167.36999511719 1171.71997070312 1205.75 1209.98999023438 1218.2900390625 1225.06005859375 1204.61999511719 1194.06994628906 1176.39001464844 1183.53002929688 1236.17004394531 1269.4599609375 1248.89001464844 1213.69006347656 1202.41003417969 1216.56994628906 1247.5400390625
-3.4e+38 -3.4e+38 -3.4e+38 -3.4e+38 -3.4e+38 -3.4e+38 -3.4e+38 1297.71997070312 1315.32995605469 1337.27001953125 1341.05004882812 1339.64001464844 1333.48999023438 1301.91003417969 1284.69995117188 1314.4599609375 1338.67004394531 1341.53002929688 1328.7099609375 1319.7900390625 1339.82995605469 1311.0400390625 1306.44995117188 1321.06005859375 1329.48999023438 1341.27001953125 1298.17004394531 1231.72998046875 1193.43005371094 1180.7099609375 1225.18994140625 1258.29992675781 1262.18994140625 1268.33996582031 1264.81005859375 1251.92004394531 1240.55993652344 1204.52001953125 1171.94995117188 1142.48999023438 1134.65002441406 1177.7099609375 1223.5 1220.08996582031 1222.05004882812 1231.35998535156 1253 1371.68005371094 1493.90002441406 1335.919921875 1259.51000976562 1245.76000976562 1254.80004882812 1240
-3.4e+38 -3.4e+38 -3.4e+38 -3.4e+38 -3.4e+38 -3.4e+38 -3.4e+38 1338.32995605469 1341.10998535156 1356.5 1351.93005371094 1371.77001953125 1413.57995605469 1395.5 1309.2900390625 1310.90002441406 1355.52001953125 1384.9599609375 1358.41003417969 1354.66003417969 1348.64001464844 1306.93005371094 1261.44995117188 1263.76000976562 1274.68994140625 1285.7099609375 1283.08996582031 1235.4599609375 1220.31994628906 1229.67993164062 1248.90002441406 1261.31005859375 1264.81994628906 1255.72998046875 1230.69995117188 1233.69995117188 1255.43005371094 1230.0400390625 1211.43005371094 1208.60998535156 1195.34997558594 1240.11999511719 1318.07995605469 1344.22998046875 1334.48999023438 1326.81994628906 1309.21997070312 1378.7099609375 1563.18005371094 1518.07995605469 1377.11999511719 1365.5 1325.5 1273.7099609375
-3.4e+38 -3.4e+38 -3.4e+38 -3.4e+38 -3.4e+38 -3.4e+38 -3.4e+38 -3.4e+38 1377.42993164062 1391.93005371094 1390.83996582031 1407.56994628906 1440.78002929688 1458.60998535156 1410.71997070312 1362.86999511719 1405.30004882812 1440.90002441406 1403.68005371094 1369.08996582031 1354.98999023438 1305.92004394531 1277.05004882812 1270.94995117188 1269.55004882812 1255.75 1246.71997070312 1276.72998046875 1294.48999023438 1272 1259.78002929688 1276.80004882812 1297.06994628906 1285.26000976562 1248.18994140625 1237.52001953125 1240.78002929688 1232.63000488281 1229.80004882812 1241.08996582031 1266.77001953125 1312.18005371094 1376.18994140625 1413.05004882812 1438.4599609375 1425.16003417969 1358.71997070312 1321.9599609375 1311.0400390625 1319 1345.11999511719 1398.35998535156 1384.21997070312 1351.82995605469
