layers/avg_1930_tmin0.asc
NCOLS 292 
NROWS 291 
XLLCORNER -87.6458333327872 
YLLCORNER 24.4791666666667 
CELLSIZE 0.0416666666669039 
NODATA_value -3.4e+38 
[rows 0 to 23 of 291, columns 159 to 211 of 292]
-3.4e+38 -3.4e+38 -3.4e+38 -3.4e+38 -3.4e+38 -3.4e+38 -3.4e+38 -3.4e+38 -3.4e+38 -3.4e+38 -3.4e+38 -3.4e+38 -3.4e+38 -3.4e+38 -3.4e+38 -3.4e+38 -3.4e+38 -3.4e+38 -3.4e+38 -3.4e+38 -3.4e+38 -3.4e+38 -3.4e+38 -3.4e+38 -3.4e+38 -3.4e+38 -3.4e+38 -3.4e+38 -3.4e+38 -3.4e+38 -3.4e+38 -3.4e+38 -3.4e+38 -3.4e+38 -3.4e+38 -3.4e+38 -3.4e+38 -3.4e+38 -3.4e+38 -3.4e+38 -3.4e+38 -3.4e+38 -3.4e+38 -3.4e+38 -3.4e+38 -3.4e+38 -3.4e+38 -3.4e+38 -3.4e+38 -3.4e+38 -3.4e+38 -3.4e+38 -3.4e+38
4.63841676712036 4.24149990081787 4.64925003051758 5.54966688156128 5.17008352279663 5.82116651535034 5.86758327484131 5.84049987792969 5.9285831451416 6.01991653442383 6.20216655731201 6.31058311462402 6.38566637039185 6.73833322525024 7.07325029373169 7.35900020599365 7.46283340454102 7.52133369445801 7.59233331680298 7.66608333587646 7.63733339309692 7.63716650009155 7.66975021362305 7.61283349990845 7.65616703033447 7.71216678619385 7.74858331680298 7.7555832862854 7.86149978637695 7.79049968719482 -3.4e+38 -3.4e+38 -3.4e+38 -3.4e+38 -3.4e+38 -3.4e+38 -3.4e+38 -3.4e+38 -3.4e+38 -3.4e+38 -3.4e+38 -3.4e+38 -3.4e+38 -3.4e+38 -3.4e+38 8.40633392333984 8.38058280944824 8.3635835647583 8.28983306884766 8.24141693115234 8.26791667938232 8.0759162902832 8.1222505569458
4.50075006484985 4.0254168510437 5.05233335494995 5.74233341217041 5.82641649246216 5.93766689300537 5.93733310699463 5.92166662216187 6.11833333969116 6.16791677474976 6.22133350372314 6.47033309936523 6.67883348464966 6.94291687011719 7.14550018310547 7.30699968338013 7.36291646957397 7.36474990844727 7.43616676330566 7.59466648101807 7.56741666793823 7.67133331298828 7.75699996948242 7.66091680526733 7.74358320236206 7.84849977493286 7.833083152771 8.0225830078125 8.12349987030029 8.15208339691162 8.1135835647583 8.12183380126953 8.13841724395752 8.17133331298828 8.27400016784668 8.41650009155273 8.50125026702881 8.6024169921875 8.68849945068359 8.61025047302246 8.5109167098999 8.37874984741211 8.46616649627686 8.28524971008301 8.35366630554199 8.34974956512451 8.21049976348877 8.26008319854736 8.17183303833008 8.1966667175293 8.39991664886475 8.09266662597656 8.20024967193604
3.98916673660278 4.72508335113525 5.74599981307983 5.83358335494995 6.00050020217896 6.0805835723877 6.03366661071777 6.09999990463257 6.28399991989136 6.31708335876465 6.34458351135254 6.60133361816406 6.89116668701172 7.06916666030884 7.13983345031738 7.28725004196167 7.3658332824707 7.3219165802002 7.37908315658569 7.50933361053467 7.47324991226196 7.57133340835571 7.68125009536743 7.68716669082642 7.75808334350586 7.88633346557617 7.94475030899048 7.94241666793823 8.12616634368896 8.2296667098999 8.21716690063477 8.32083320617676 8.37141609191895 8.34000015258789 8.32308292388916 8.4040002822876 8.44341659545898 8.50608348846436 8.56716632843018 8.49116706848145 8.44716644287109 8.33250045776367 8.27866649627686 8.21616649627686 8.08125019073486 8.14908313751221 8.22841644287109 8.41108322143555 8.27716636657715 8.28141689300537 8.29150009155273 8.087082862854 8.38108348846436
3.71350002288818 4.63549995422363 5.90608358383179 5.95574998855591 6.04500007629395 6.11658334732056 6.18100023269653 6.30733346939087 6.40199995040894 6.64433336257935 6.64241695404053 6.77016687393188 6.9837498664856 7.1613335609436 7.25991678237915 7.39849996566772 7.42608308792114 7.53700017929077 7.60283374786377 7.55674982070923 7.61766672134399 7.58599996566772 7.62400007247925 7.59783315658569 7.72516679763794 7.87825012207031 7.95624971389771 8.03358364105225 8.20741653442383 8.28191661834717 8.33408355712891 8.41216659545898 8.53849983215332 8.55650043487549 8.52691650390625 8.50033378601074 8.50333309173584 8.58333301544189 8.57308292388916 8.62066650390625 8.53641700744629 8.38933372497559 8.37816619873047 8.25491714477539 8.29650020599365 8.36908340454102 8.32933330535889 8.46383285522461 8.49066638946533 8.53508377075195 8.3752498626709 8.08874988555908 8.27241611480713
5.16583347320557 5.88325023651123 5.96958351135254 6.04408311843872 6.1969165802002 6.27241706848145 6.35416650772095 6.49725008010864 6.61525011062622 6.76100015640259 6.93716669082642 7.03891658782959 7.20183324813843 7.25500011444092 7.46191692352295 7.50624990463257 7.75991678237915 7.65474987030029 7.80291652679443 7.74324989318848 7.71391677856445 7.57491683959961 7.61191654205322 7.58866691589355 7.73749971389771 7.87483310699463 7.95616674423218 7.76641702651978 8.13333320617676 8.3323335647583 8.53116703033447 8.58850002288818 8.68991661071777 8.6254997253418 8.56116676330566 8.50966644287109 8.64516639709473 8.63383293151855 8.56441688537598 8.45249938964844 8.40799999237061 8.36275005340576 8.43966674804688 8.33691692352295 8.46133327484131 8.19799995422363 8.33408355712891 8.48941612243652 8.68441677093506 8.67108345031738 8.29650020599365 8.1763334274292 8.10916709899902
6.12783336639404 6.22949981689453 6.15658330917358 6.24674987792969 6.37108325958252 6.56641674041748 6.60675001144409 6.65224981307983 6.72324991226196 6.86199998855591 7.01083326339722 7.09266662597656 7.16191673278809 7.38233327865601 7.51249980926514 7.5734167098999 7.64866638183594 7.6509165763855 7.77250003814697 7.75449991226196 7.50608348846436 7.52800035476685 7.52116680145264 7.45674991607666 7.87283325195312 8.01333332061768 7.87125015258789 7.95741653442383 8.26533317565918 8.40216636657715 8.54650020599365 8.77583312988281 8.83783340454102 8.7480001449585 8.62533283233643 8.61058330535889 8.65275001525879 8.55366706848145 8.63958358764648 8.56575012207031 8.40383338928223 8.31258296966553 8.46508312225342 8.35733318328857 8.34666633605957 8.36691665649414 8.41158294677734 8.55641651153564 8.46475028991699 8.4194164276123 8.31500053405762 8.09249973297119 8.17141723632812
6.37033319473267 6.26591634750366 6.32375001907349 6.47691679000854 6.65183353424072 6.86366653442383 6.76366662979126 6.76666641235352 6.83333349227905 6.95974969863892 7.10900020599365 7.23225021362305 7.41550016403198 7.49949979782104 7.56891679763794 7.64366674423218 7.74908351898193 7.69408321380615 7.6852502822876 7.5462498664856 7.43758344650269 7.40991640090942 7.54941654205322 7.62608337402344 8.20324993133545 8.29716682434082 8.27999973297119 8.40324974060059 8.42366695404053 8.57216644287109 8.6788330078125 8.65833282470703 8.76099967956543 8.72949981689453 8.67024993896484 8.71241664886475 8.71350002288818 8.64116668701172 8.61775016784668 8.63024997711182 8.48516654968262 8.47466659545898 8.40925025939941 8.45058345794678 8.46599960327148 8.52858352661133 8.50699996948242 8.45616626739502 8.42191696166992 8.3209171295166 8.21983337402344 8.16024971008301 8.17741680145264
6.4243335723877 6.47908353805542 6.64849996566772 6.75391674041748 6.80224990844727 6.95241641998291 6.92191648483276 6.90700006484985 6.92358350753784 6.99316692352295 7.14191675186157 7.28125 7.39908313751221 7.43333339691162 7.62783336639404 7.78291654586792 7.79300022125244 7.80908346176147 7.68350028991699 7.65383338928223 7.55149984359741 7.29075002670288 7.82483339309692 7.86258363723755 8.44775009155273 8.53483295440674 8.3975830078125 8.32716655731201 8.3216667175293 8.43875026702881 8.6024169921875 8.67475032806396 8.62566661834717 8.66600036621094 8.6740837097168 8.68924999237061 8.65241622924805 8.5736665725708 8.62374973297119 8.56099987030029 8.56066703796387 8.63374996185303 8.57491683959961 8.61524963378906 8.6448335647583 8.74425029754639 8.67958354949951 8.50183296203613 8.39666652679443 8.33625030517578 8.28800010681152 8.21774959564209 8.33491706848145
6.72741651535034 6.72441673278809 6.79099988937378 6.86458349227905 7.00649976730347 7.28058338165283 7.26183366775513 7.12575006484985 7.03808307647705 7.24074983596802 7.35658311843872 7.40858316421509 7.6305832862854 7.57224988937378 7.6930832862854 7.90541696548462 7.83683347702026 7.98900032043457 7.81466674804688 8.06266689300537 7.87333345413208 8.04125022888184 8.0632495880127 7.98308324813843 8.44458293914795 8.25608348846436 8.37183380126953 8.3665828704834 8.43441677093506 8.56824970245361 8.53600025177002 8.61324977874756 8.6879997253418 8.66958332061768 8.65608310699463 8.61050033569336 8.67033386230469 8.55866718292236 8.51375007629395 8.55233287811279 8.60325050354004 8.59808349609375 8.64725017547607 8.77725028991699 8.80774974822998 8.7385835647583 8.62433338165283 8.54858303070068 8.506667137146 8.45749950408936 8.41183376312256 8.41208362579346 8.40283298492432
6.80583333969116 6.84408330917358 6.96266651153564 7.26991653442383 7.44724988937378 7.48191690444946 7.46083307266235 7.38541650772095 7.19616651535034 7.26250028610229 7.34791660308838 7.40224981307983 7.57091665267944 7.53599977493286 7.58675003051758 7.8325834274292 7.86833333969116 7.83833360671997 8.13399982452393 8.40341663360596 8.60883331298828 8.48649978637695 8.15108299255371 8.54475021362305 8.58066654205322 8.25441646575928 8.20566654205322 8.17316627502441 8.23075008392334 8.29374980926514 8.48241710662842 8.53508281707764 8.54300022125244 8.51016712188721 8.51733303070068 8.5652494430542 8.53866672515869 8.66666698455811 8.62766647338867 8.61700057983398 8.60991668701172 8.57149982452393 8.65458297729492 8.7524995803833 8.73441696166992 8.68866634368896 8.58358383178711 8.5114164352417 8.50816631317139 8.52316665649414 8.47266674041748 8.44700050354004 8.17791652679443
6.97041654586792 7.18833303451538 7.48233318328857 7.42058324813843 7.46841669082642 7.44991683959961 7.29491662979126 7.26100015640259 7.26891660690308 7.31483316421509 7.44000005722046 7.43283319473267 7.4316668510437 7.45541667938232 7.73724985122681 7.82241630554199 7.85208320617676 8.18074989318848 8.37391662597656 8.18591690063477 8.19258308410645 8.33699989318848 8.76658344268799 8.75308322906494 8.4243335723877 8.32933330535889 8.11691665649414 8.24825000762939 8.58100032806396 8.51974964141846 8.42074966430664 8.40299987792969 8.44441699981689 8.5203332901001 8.62125015258789 8.58883380889893 8.57741641998291 8.64183330535889 8.64700031280518 8.60900020599365 8.60391712188721 8.49541664123535 8.67233371734619 8.81658363342285 8.69499969482422 8.74841690063477 8.62841701507568 8.60416698455811 8.60533332824707 8.72649955749512 8.54833316802979 8.23583316802979 7.83416652679443
7.51366662979126 7.54533338546753 7.46641635894775 7.50150012969971 7.48516654968262 7.41141653060913 7.47608327865601 7.43241691589355 7.47749996185303 7.54016637802124 7.61250019073486 7.61008358001709 7.58108329772949 7.63325023651123 7.92875003814697 7.7009162902832 7.91833353042603 8.09916687011719 7.92641639709473 8.05291652679443 8.3132495880127 8.41408348083496 8.59291648864746 8.59316635131836 8.52091693878174 8.09391689300537 8.25508308410645 8.69775009155273 8.62575054168701 8.5228328704834 8.45650005340576 8.42224979400635 8.45391654968262 8.49625015258789 8.52366733551025 8.57674980163574 8.61733341217041 8.61566638946533 8.61291694641113 8.61600017547607 8.63358306884766 8.66166687011719 8.82358360290527 8.86741638183594 8.74250030517578 8.73616695404053 8.75391674041748 8.78600025177002 8.74575042724609 8.7899169921875 8.42666625976562 8.09341716766357 7.96558332443237
7.88158321380615 7.83208322525024 7.69258308410645 7.55458354949951 7.60325002670288 7.610999584198 7.60216665267944 7.68991661071777 7.66174983978271 7.70616674423218 7.70841646194458 7.6894998550415 7.70599985122681 7.76541662216187 7.85900020599365 7.86866664886475 7.8320837020874 7.83491659164429 8.09249973297119 7.98991680145264 8.09708309173584 8.44391632080078 8.44916725158691 8.65641689300537 8.36216640472412 8.2931661605835 8.44708347320557 8.66841697692871 8.69633293151855 8.53141689300537 8.48233318328857 8.4682502746582 8.53108310699463 8.49066638946533 8.46166706085205 8.52824974060059 8.57916641235352 8.5805835723877 8.65633296966553 8.71749973297119 8.66975021362305 8.61533355712891 8.77324962615967 8.91050052642822 8.87674999237061 8.95541667938232 8.96450042724609 8.83866691589355 8.71700000762939 8.75991630554199 8.6155834197998 8.49016666412354 8.52858352661133
8.21208381652832 7.99508333206177 7.83116674423218 7.72416639328003 7.75766658782959 7.76616668701172 7.7868332862854 7.82599973678589 7.87925004959106 7.82233333587646 7.79308319091797 7.78183317184448 7.82124996185303 7.87325000762939 7.80266666412354 7.93033361434937 7.81233310699463 7.88658332824707 7.89883327484131 8.11699962615967 8.13941669464111 8.28674983978271 8.44491672515869 8.54600048065186 8.50549983978271 8.44499969482422 8.5044994354248 8.63633346557617 8.73741626739502 8.75083351135254 8.57691669464111 8.54916667938232 8.54774951934814 8.61141681671143 8.60983371734619 8.57408332824707 8.58724975585938 8.63558292388916 8.58600044250488 8.6359167098999 8.65499973297119 8.65583324432373 8.76458358764648 8.89883327484131 8.98708343505859 8.92949962615967 8.88458347320557 8.88024997711182 8.833083152771 8.78041648864746 8.82108306884766 8.80941677093506 8.84766674041748
7.87408351898193 7.98516654968262 7.79374980926514 7.77091693878174 7.85074996948242 7.86066675186157 7.88175010681152 7.89583301544189 7.9573335647583 7.95283317565918 7.86758327484131 7.80416679382324 7.84391641616821 7.87725019454956 7.90724992752075 7.89091682434082 7.95391654968262 8.12716674804688 8.18791675567627 8.23600006103516 8.15450000762939 8.20975017547607 8.35008335113525 8.57174968719482 8.72641658782959 8.55958271026611 8.40299987792969 8.53116607666016 8.68983364105225 8.69016647338867 8.6879997253418 8.54249954223633 8.55616664886475 8.6850004196167 8.62458324432373 8.57641696929932 8.64066696166992 8.74849987030029 8.71525001525879 8.59333324432373 8.6113338470459 8.7502498626709 8.85066699981689 8.88916683197021 9.00241661071777 8.99025058746338 8.98175048828125 8.99758338928223 8.71158313751221 8.80725002288818 8.8132495880127 8.975417137146 9.04975032806396
7.90458345413208 7.75549983978271 7.82474994659424 7.84583330154419 7.91808319091797 7.92541646957397 7.9464168548584 7.92183351516724 7.9375 7.95099973678589 7.93891668319702 7.87041664123535 7.83158302307129 7.88758325576782 7.91866636276245 7.91983366012573 7.9890832901001 8.13350009918213 8.33208274841309 8.28716659545898 8.15183353424072 8.21133327484131 8.45041656494141 8.74899959564209 8.62891674041748 8.53958320617676 8.52816677093506 8.49374961853027 8.5629997253418 8.56983280181885 8.61966705322266 8.62533283233643 8.67166614532471 8.64624977111816 8.66666698455811 8.67033386230469 8.77658367156982 8.78766632080078 8.77508354187012 8.71533298492432 8.67141628265381 8.79091644287109 8.8417501449585 8.9154167175293 8.93624973297119 9.00316619873047 8.93566608428955 8.92749977111816 8.71966648101807 8.81008338928223 8.88083267211914 8.93266677856445 9.18041706085205
7.98924970626831 7.95658349990845 7.98091650009155 7.96833324432373 8.01283359527588 8.00874996185303 8.04500007629395 7.99574995040894 8.01949977874756 7.90666675567627 7.89249992370605 7.95308303833008 7.86108350753784 7.91366672515869 7.91758298873901 7.9964165687561 8.13141632080078 8.22566699981689 8.38358306884766 8.3236665725708 8.25150012969971 8.41699981689453 8.55566692352295 8.76700019836426 8.18875026702881 8.46591663360596 8.5200834274292 8.50683307647705 8.51866626739502 8.61816692352295 8.58374977111816 8.65633296966553 8.63949966430664 8.58866691589355 8.74208354949951 8.8219165802002 8.81591701507568 8.74899959564209 8.72333335876465 8.69366645812988 8.69966697692871 8.78233337402344 8.76299953460693 8.88208293914795 8.96941661834717 9.08899974822998 9.1160831451416 9.0620002746582 8.67049980163574 8.74616718292236 8.83125019073486 9.06700038909912 9.24091625213623
8.27733325958252 8.27858352661133 8.27791690826416 8.16333293914795 8.10633373260498 8.14358329772949 8.13841724395752 8.12975025177002 8.05741691589355 7.97825002670288 7.92066669464111 7.99366664886475 7.91925001144409 7.93099975585938 7.97449970245361 8.07975006103516 8.24208354949951 8.2614164352417 8.37208366394043 8.28833389282227 8.34691715240479 8.52608299255371 8.78916645050049 8.83333301544189 8.21608352661133 8.20508289337158 8.46399974822998 8.63633346557617 8.59249973297119 8.6247501373291 8.70400047302246 8.71816635131836 8.59783363342285 8.5939998626709 8.74658298492432 8.7805004119873 8.77666664123535 8.8100004196167 8.82291698455811 8.81783294677734 8.83683300018311 8.82233333587646 8.77816677093506 8.72891712188721 8.96716690063477 9.16033363342285 9.21441650390625 8.86883354187012 8.55049991607666 8.62858295440674 8.88458347320557 9.18908309936523 9.24324989318848
8.37966632843018 8.42333316802979 8.47191619873047 8.41708278656006 8.32975006103516 8.25991630554199 8.21591663360596 8.16283321380615 8.10133361816406 8.04150009155273 8.02083301544189 8.01583290100098 8.02783298492432 8.05558300018311 8.1245002746582 8.19466686248779 8.25416660308838 8.26766681671143 8.35225009918213 8.34033298492432 8.63833332061768 8.60116672515869 8.43108367919922 8.02699947357178 8.00591659545898 8.38574981689453 8.4350004196167 8.44874954223633 8.60783290863037 8.62958335876465 8.65558338165283 8.5600004196167 8.54608345031738 8.66825008392334 8.75675010681152 8.76000022888184 8.74300003051758 8.75633335113525 8.8742504119873 8.90275001525879 8.83116626739502 8.83616638183594 8.77916717529297 8.89591693878174 8.97358322143555 9.07733345031738 9.09683322906494 8.85416698455811 8.47808361053467 8.7723331451416 8.96366691589355 9.18758296966553 9.31391620635986
8.46258354187012 8.55241680145264 8.53916645050049 8.4863338470459 8.39025020599365 8.2990837097168 8.23099994659424 8.16283321380615 8.14774990081787 8.0820837020874 8.14599990844727 8.13899993896484 8.16533374786377 8.22441673278809 8.17574977874756 8.26816654205322 8.26599979400635 8.26816654205322 8.22291660308838 8.36083316802979 8.65625 8.59525012969971 8.47683334350586 8.47924995422363 8.31241703033447 8.45641708374023 8.53191661834717 8.55233287811279 8.56508350372314 8.59700012207031 8.40841674804688 8.28941631317139 8.44658374786377 8.59683322906494 8.67066669464111 8.67899990081787 8.85375022888184 8.89324951171875 8.79549980163574 8.84708309173584 8.87566661834717 8.80966663360596 8.75358390808105 8.96583271026611 9.14158344268799 8.94533348083496 9.10825061798096 8.46766662597656 8.45975017547607 8.60575008392334 8.81925010681152 9.21083354949951 9.56491661071777
8.57041645050049 8.56733322143555 8.53433322906494 8.46791648864746 8.381667137146 8.35249996185303 8.30924987792969 8.24933338165283 8.2098331451416 8.2579174041748 8.22283363342285 8.12241649627686 8.23575019836426 8.31958293914795 8.36991691589355 8.44649982452393 8.38624954223633 8.36975002288818 8.31683349609375 8.32941627502441 8.27524948120117 8.35308361053467 8.49866676330566 8.49600028991699 8.42224979400635 8.41308307647705 8.34466648101807 8.49900054931641 8.86349964141846 8.83933353424072 8.54133319854736 8.32575035095215 8.40058326721191 8.5089168548584 8.60958290100098 8.63000011444092 8.854416847229 8.90158367156982 8.88141632080078 8.8457498550415 8.84299945831299 8.71199989318848 8.72908306121826 8.8864164352417 8.82024955749512 8.76258277893066 8.57883358001709 8.17508316040039 8.33675003051758 8.56741619110107 8.84541702270508 9.17316722869873 9.49658298492432
8.5287504196167 8.50683307647705 8.47591686248779 8.45366668701172 8.40499973297119 8.37341690063477 8.3430004119873 8.29766654968262 8.3035831451416 8.30424976348877 8.23208332061768 8.27600002288818 8.33633327484131 8.33166694641113 8.40208339691162 8.46549987792969 8.44499969482422 8.39299964904785 8.3727502822876 8.38099956512451 8.29983329772949 8.30516719818115 8.44000053405762 8.43183326721191 8.36041641235352 8.43066692352295 8.45049953460693 8.67891693115234 8.99075031280518 8.59375 8.42350006103516 8.43416690826416 8.55041694641113 8.47308349609375 8.62066650390625 8.65391635894775 8.84525012969971 8.84433364868164 8.76924991607666 8.76283359527588 8.78158283233643 8.68766689300537 8.65366649627686 8.86008358001709 8.9258337020874 8.71891689300537 8.33991622924805 8.29808330535889 8.38916683197021 8.55875015258789 8.77124977111816 9.00758361816406 9.37349987030029
8.54083347320557 8.48200035095215 8.52674961090088 8.51716709136963 8.5915002822876 8.48075008392334 8.37058353424072 8.34733295440674 8.28633308410645 8.25883388519287 8.27983283996582 8.29858303070068 8.26408386230469 8.33783340454102 8.27783298492432 8.44600009918213 8.45674991607666 8.43091678619385 8.34658336639404 8.43083381652832 8.38449954986572 8.44033336639404 8.45291709899902 8.48791694641113 8.53458309173584 8.61841678619385 8.79749965667725 8.94824981689453 8.90891647338867 8.77658367156982 8.64500045776367 8.59816646575928 8.62024974822998 8.51049995422363 8.58049964904785 8.69291687011719 8.76749992370605 8.7728328704834 8.73183345794678 8.75066661834717 8.7365837097168 8.68233299255371 8.71599960327148 8.60091686248779 8.48716640472412 8.27766704559326 8.05008316040039 8.00691699981689 8.24650001525879 8.34091663360596 8.57108306884766 9.10191631317139 9.48674964904785
