layers/avg_2014_tmax0.asc
NCOLS 292 
NROWS 291 
XLLCORNER -87.6458333327872 
YLLCORNER 24.4791666666667 
CELLSIZE 0.0416666666669039 
NODATA_value -3.4e+38 
[rows 144 to 167 of 291, columns 53 to 105 of 292]
25.2866668701172 25.2525005340576 25.1774997711182 25.220832824707 25.3274993896484 25.405834197998 25.5349998474121 25.2866668701172 25.344165802002 25.408332824707 25.4558334350586 25.4891662597656 25.2283325195312 25.1749992370605 25.046667098999 25.0933322906494 25.1666660308838 25.2800006866455 25.3141670227051 25.3958339691162 25.5733337402344 25.7091674804688 25.7508335113525 25.5341663360596 25.5716667175293 25.720832824707 25.6700000762939 25.7016658782959 25.4858341217041 25.4966678619385 25.4516658782959 25.3508338928223 25.3666667938232 25.2266674041748 25.3624992370605 25.404167175293 25.3575000762939 25.2891674041748 25.2708339691162 25.280834197998 25.3333339691162 25.3841667175293 25.3858337402344 25.4183330535889 25.4558334350586 25.5025005340576 25.4991664886475 25.5424995422363 25.640832901001 25.6791667938232 25.780834197998 25.8133335113525 25.8583335876465
25.4283332824707 25.3575000762939 25.2708320617676 25.3316669464111 25.4233341217041 25.4716663360596 25.5066661834717 25.3291664123535 25.4183330535889 25.468334197998 25.5216674804688 25.279167175293 25.1441669464111 25.0866661071777 25.1033325195312 25.2075004577637 25.3441677093506 25.3675003051758 25.4341659545898 25.6075000762939 25.5508327484131 25.6825008392334 25.781665802002 25.6674995422363 25.7933330535889 25.8166675567627 25.8566665649414 25.6191673278809 25.5766658782959 25.6341667175293 25.5716667175293 25.4650001525879 25.4208335876465 25.4158325195312 25.4058322906494 25.4050006866455 25.3291664123535 25.2224998474121 25.3041667938232 25.2924995422363 25.3341655731201 25.4141674041748 25.4324989318848 25.4483337402344 25.5125007629395 25.530834197998 25.5650005340576 25.6525001525879 25.671667098999 25.7133331298828 25.7741661071777 25.7641658782959 25.8924999237061
25.5383338928223 25.4200000762939 25.4008331298828 25.3466663360596 25.2800006866455 25.4633331298828 25.5500011444092 25.4400005340576 25.4675006866455 25.5625 25.5758323669434 25.3449993133545 25.2574996948242 25.2024993896484 25.3491668701172 25.375 25.3916664123535 25.4025001525879 25.4966659545898 25.6599998474121 25.6591663360596 25.7941665649414 25.8658332824707 25.7916660308838 26.0349998474121 26.0208339691162 25.796667098999 25.7416667938232 25.6175003051758 25.6508331298828 25.734167098999 25.5275001525879 25.5225009918213 25.5483341217041 25.4741668701172 25.2749996185303 25.1733341217041 25.2316665649414 25.3333339691162 25.3266658782959 25.3850002288818 25.4466667175293 25.5100002288818 25.5391674041748 25.5874996185303 25.640832901001 25.6883335113525 25.6516666412354 25.6141662597656 25.6041660308838 25.7133331298828 25.8099994659424 25.8775005340576
25.5366668701172 25.5174999237061 25.4558334350586 25.405834197998 25.424165725708 25.4099998474121 25.5258331298828 25.421667098999 25.4599990844727 25.5833320617676 25.5925006866455 25.4250011444092 25.4116668701172 25.4699993133545 25.5258331298828 25.5524997711182 25.6083335876465 25.6258335113525 25.658332824707 25.7175006866455 25.7666664123535 25.9391670227051 25.9983329772949 26.078332901001 26.0866661071777 26.1499996185303 26.1008338928223 25.8474998474121 25.9016666412354 25.8950004577637 25.8108329772949 25.6749992370605 25.6816673278809 25.5699996948242 25.408332824707 25.3350009918213 25.1975002288818 25.2600002288818 25.3549995422363 25.3575000762939 25.4316673278809 25.5066661834717 25.6033325195312 25.6516666412354 25.6525001525879 25.7000007629395 25.6683330535889 25.5833339691162 25.5433330535889 25.609167098999 25.7175006866455 25.8000011444092 25.8716659545898
25.515832901001 25.5166664123535 25.4808330535889 25.4449996948242 25.3941669464111 25.405834197998 25.5041675567627 25.4074993133545 25.4916667938232 25.6200008392334 25.6083335876465 25.4758338928223 25.5083332061768 25.5633335113525 25.594165802002 25.6666660308838 25.7175006866455 25.7116661071777 25.8066673278809 25.9408340454102 25.9591674804688 25.9191665649414 25.9675006866455 26.0599994659424 26.1758327484131 26.234167098999 26.3266677856445 26.1766662597656 25.9633331298828 25.8658332824707 25.8699989318848 25.8624992370605 25.7883338928223 25.5699996948242 25.3775005340576 25.3091659545898 25.2491664886475 25.3783340454102 25.4174995422363 25.4125003814697 25.5091667175293 25.5675010681152 25.6083335876465 25.6908340454102 25.7075004577637 25.6900005340576 25.6849994659424 25.6191673278809 25.6149997711182 25.6858329772949 25.7533340454102 25.8158340454102 25.8916664123535
25.5141677856445 25.4899997711182 25.4424991607666 25.4333324432373 25.4033336639404 25.4225006103516 25.4616661071777 25.3549995422363 25.5216674804688 25.5983333587646 25.5900001525879 25.5224990844727 25.6016674041748 25.7075004577637 25.783332824707 25.8316669464111 25.8566665649414 25.9408340454102 25.969165802002 25.9058322906494 25.9258327484131 25.9225006103516 26.0108337402344 26.1233329772949 26.1849994659424 26.3391666412354 26.4850006103516 26.3791675567627 26.2800006866455 26.1466674804688 26.0208339691162 25.9058322906494 25.8816661834717 25.611665725708 25.5591659545898 25.4516658782959 25.4524993896484 25.4825000762939 25.486665725708 25.5408325195312 25.5741672515869 25.5774993896484 25.6033325195312 25.671667098999 25.6641674041748 25.6674995422363 25.6933345794678 25.7008323669434 25.720832824707 25.7175006866455 25.7558326721191 25.8249988555908 25.9133338928223
25.3983325958252 25.3899993896484 25.3508338928223 25.3441677093506 25.3216667175293 25.3108329772949 25.4108333587646 25.4600009918213 25.5599994659424 25.6016654968262 25.6033325195312 25.5683326721191 25.6308326721191 25.6424999237061 25.6933326721191 25.7983341217041 25.9449996948242 25.9974994659424 25.9475002288818 25.9308338165283 25.9416675567627 25.9441661834717 26.0866661071777 26.1350002288818 26.154167175293 26.3291664123535 26.3933334350586 26.3466663360596 26.2766666412354 26.1516666412354 26.0858325958252 26.0441665649414 25.9258327484131 25.7733325958252 25.780834197998 25.7549991607666 25.6916656494141 25.658332824707 25.6533336639404 25.6766662597656 25.6466674804688 25.6441669464111 25.6616668701172 25.6791667938232 25.6924991607666 25.7150001525879 25.7408332824707 25.7566661834717 25.7574996948242 25.7391662597656 25.7691669464111 25.8325004577637 25.9358329772949
25.2924995422363 25.2749996185303 25.2483329772949 25.283332824707 25.2641677856445 25.2875003814697 25.3800010681152 25.4541664123535 25.5041675567627 25.5658340454102 25.6100006103516 25.6283340454102 25.6450004577637 25.6924991607666 25.7783336639404 25.8700008392334 25.9858341217041 25.9958324432373 25.9908332824707 26.0258331298828 26.031665802002 26.0058326721191 26.1000003814697 26.0625 26.095832824707 26.2716674804688 26.2783336639404 26.2108325958252 26.154167175293 26.1016674041748 26.0799999237061 26.015832901001 25.906665802002 25.843334197998 25.7824993133545 25.765832901001 25.7291660308838 25.7250003814697 25.7625007629395 25.7449989318848 25.7391662597656 25.6975002288818 25.7199993133545 25.7291660308838 25.7416667938232 25.7583332061768 25.763334274292 25.7374992370605 25.7625007629395 25.7683334350586 25.7891674041748 25.8425006866455 26.0183334350586
25.1908340454102 25.2124996185303 25.2283325195312 25.203332901001 25.1883335113525 25.2558326721191 25.3075008392334 25.3641662597656 25.4074993133545 25.533332824707 25.6333332061768 25.6474990844727 25.6741676330566 25.7716674804688 25.8633327484131 25.9125003814697 26.031665802002 26.0858325958252 26.0499992370605 26.1075000762939 26.1266670227051 26.1133327484131 26.1341667175293 26.1125011444092 26.1058330535889 26.174165725708 26.1841659545898 26.1291656494141 26.0849990844727 25.9983329772949 25.9433326721191 25.8525009155273 25.8250007629395 25.8266658782959 25.8466663360596 25.8125 25.7566661834717 25.7291660308838 25.7591667175293 25.7733325958252 25.7749996185303 25.7883338928223 25.8191661834717 25.7633323669434 25.7566661834717 25.7383327484131 25.7374992370605 25.7358341217041 25.7566661834717 25.780834197998 25.8008327484131 25.904167175293 26.0533332824707
25.1841659545898 25.1858329772949 25.1983337402344 25.1858329772949 25.1525001525879 25.1358337402344 25.1875 25.2691669464111 25.3366661071777 25.4391670227051 25.5183334350586 25.6033325195312 25.6941661834717 25.8199996948242 25.9416656494141 26.0116672515869 26.0766658782959 26.1424999237061 26.1574993133545 26.1550006866455 26.1824989318848 26.2133331298828 26.2333335876465 26.1783332824707 26.1299991607666 26.1275005340576 26.0774993896484 25.9549999237061 25.8758335113525 25.7433338165283 25.6658344268799 25.6033344268799 25.5816669464111 25.6183338165283 25.6925010681152 25.7558326721191 25.7875003814697 25.7558326721191 25.7616672515869 25.7916660308838 25.8199996948242 25.8649997711182 25.8541660308838 25.7991676330566 25.7133331298828 25.6533336639404 25.6725006103516 25.6991672515869 25.7550010681152 25.7933330535889 25.8400001525879 25.9458332061768 26.0424995422363
25.1641674041748 25.2124996185303 25.1941661834717 25.1275005340576 25.0616664886475 25.0499992370605 25.075834274292 25.1533336639404 25.25 25.345832824707 25.4816665649414 25.5974998474121 25.7491664886475 25.859167098999 25.9516677856445 26.033332824707 26.1283340454102 26.1691665649414 26.2108345031738 26.2441673278809 26.2308330535889 26.2749996185303 26.265832901001 26.1633338928223 26.0866680145264 26.0300006866455 25.8308334350586 25.6175003051758 25.4958324432373 25.3533344268799 25.2766666412354 25.2383327484131 25.2275009155273 25.2591667175293 25.3583335876465 25.484167098999 25.5874996185303 25.6474990844727 25.7150001525879 25.7633323669434 25.7741661071777 25.7841663360596 25.7958335876465 25.7641658782959 25.6991672515869 25.6450004577637 25.6891670227051 25.7399997711182 25.8208332061768 25.875 25.9166660308838 26.0216674804688 26.1058330535889
25.0691661834717 25.1883335113525 25.1674995422363 25.0900001525879 25.0249996185303 25.0025005340576 25.0300006866455 25.1100006103516 25.1983337402344 25.3183326721191 25.4658336639404 25.6333332061768 25.8008327484131 25.9025001525879 25.9983329772949 26.1000003814697 26.1908340454102 26.2233333587646 26.3133335113525 26.3150005340576 26.328332901001 26.3050003051758 26.25 26.0558338165283 25.859167098999 25.6433334350586 25.3824996948242 25.2266654968262 25.1766662597656 25.1199989318848 25.1491661071777 25.1475009918213 25.140832901001 25.0450000762939 25.033332824707 25.1133327484131 25.234167098999 25.3449993133545 25.4925003051758 25.5925006866455 25.6141662597656 25.6266670227051 25.5900001525879 25.5833339691162 25.6591663360596 25.6625003814697 25.6783332824707 25.7399997711182 25.8208332061768 25.8933334350586 25.9375 26.0475006103516 26.1041660308838
24.8858337402344 25.0149993896484 25.0733337402344 25.0683326721191 25.0416660308838 25.0258331298828 25.0458335876465 25.1191673278809 25.234167098999 25.359167098999 25.5183334350586 25.7016677856445 25.8341674804688 25.9358329772949 26.033332824707 26.1341667175293 26.2600002288818 26.3150005340576 26.3866672515869 26.3708343505859 26.3199996948242 26.2158336639404 26.0849990844727 25.7758331298828 25.4483337402344 25.1866664886475 25.0475006103516 25.0325012207031 24.9241676330566 -3.4e+38 24.9566669464111 -3.4e+38 -3.4e+38 -3.4e+38 -3.4e+38 24.8999996185303 24.9716663360596 25.0275001525879 25.1549987792969 25.2666664123535 25.3166656494141 25.3699989318848 25.3699989318848 25.4091663360596 25.4899997711182 25.6116676330566 25.6808338165283 25.7258338928223 25.7766666412354 25.8241672515869 25.9325008392334 25.9983329772949 26.0583324432373
24.6599998474121 24.8341674804688 24.9566669464111 25.0016670227051 25.0791664123535 25.0883331298828 25.1049995422363 25.1908340454102 25.3058338165283 25.4200000762939 25.5583324432373 25.7099990844727 25.8266658782959 25.966667175293 26.0408325195312 26.1516666412354 26.2649993896484 26.3133335113525 26.3233337402344 26.2958335876465 26.2541656494141 26.0874996185303 25.8566665649414 25.4874992370605 25.1866664886475 24.9633331298828 24.7091674804688 -3.4e+38 -3.4e+38 -3.4e+38 -3.4e+38 -3.4e+38 -3.4e+38 -3.4e+38 -3.4e+38 -3.4e+38 24.6224994659424 24.7266674041748 24.8299999237061 24.8883323669434 24.9416675567627 25.0499992370605 25.0891666412354 25.2075004577637 25.3483333587646 25.533332824707 25.6508331298828 25.7250003814697 25.736665725708 25.8166656494141 25.9266662597656 25.9891662597656 26.0249996185303
24.5533332824707 24.7100009918213 24.8333339691162 24.9608325958252 25.0991668701172 25.1808338165283 25.2124996185303 25.2983341217041 25.3866672515869 25.5016670227051 25.6049995422363 25.7083339691162 25.8033332824707 25.9158325195312 26.0141658782959 26.0991668701172 26.1883335113525 26.219165802002 26.1900005340576 26.158332824707 26.0058345794678 25.7866668701172 25.4575004577637 25.2024993896484 25.0191669464111 24.7000007629395 -3.4e+38 -3.4e+38 -3.4e+38 -3.4e+38 -3.4e+38 -3.4e+38 -3.4e+38 -3.4e+38 -3.4e+38 -3.4e+38 -3.4e+38 -3.4e+38 24.4608325958252 24.5233325958252 24.5825004577637 24.6366672515869 24.7725009918213 24.9575004577637 25.2108345031738 25.4433326721191 25.5791664123535 25.6808319091797 25.7741661071777 25.8341674804688 25.9141674041748 25.9899997711182 26.0541667938232
24.1758327484131 24.6000003814697 24.7433338165283 24.8733329772949 25.0599994659424 25.2383327484131 25.3400001525879 25.4125003814697 25.4641666412354 25.5625 25.6475009918213 25.7024993896484 25.7625007629395 25.8391666412354 25.9249992370605 25.9791660308838 26.0074996948242 25.9899997711182 25.9149990081787 25.8091659545898 25.6058330535889 25.3724994659424 25.1725006103516 25.0191669464111 24.8233337402344 24.4941673278809 -3.4e+38 -3.4e+38 -3.4e+38 -3.4e+38 -3.4e+38 -3.4e+38 -3.4e+38 -3.4e+38 -3.4e+38 -3.4e+38 -3.4e+38 -3.4e+38 -3.4e+38 -3.4e+38 24.2141666412354 24.265832901001 24.3966655731201 24.6766662597656 25.0016670227051 25.2858333587646 25.4758338928223 25.6333332061768 25.7691669464111 25.8799991607666 25.969165802002 26.0408344268799 26.0575008392334
-3.4e+38 24.1958332061768 24.7824993133545 24.8400001525879 24.9833335876465 25.2224998474121 25.3983325958252 25.4741668701172 25.5275001525879 25.5891666412354 25.6533336639404 25.6683330535889 25.7100009918213 25.7649993896484 25.8058338165283 25.8033332824707 25.7541675567627 25.6691665649414 25.5716667175293 25.5058326721191 25.4274997711182 25.1816673278809 -3.4e+38 -3.4e+38 24.3133335113525 24.216667175293 -3.4e+38 -3.4e+38 -3.4e+38 -3.4e+38 -3.4e+38 -3.4e+38 -3.4e+38 -3.4e+38 -3.4e+38 -3.4e+38 -3.4e+38 -3.4e+38 -3.4e+38 -3.4e+38 -3.4e+38 -3.4e+38 23.9825000762939 24.3199996948242 24.7291660308838 25.0683326721191 25.328332901001 25.5499992370605 25.7425003051758 25.8841667175293 25.9475002288818 25.9958324432373 26.0266666412354
-3.4e+38 23.7516670227051 24.4241676330566 24.8808326721191 24.9700012207031 25.2099990844727 25.3966655731201 25.515832901001 25.5508327484131 25.5750007629395 25.5825004577637 25.5825004577637 25.578332901001 25.6191654205322 25.5833339691162 25.5249996185303 25.4791679382324 25.4858341217041 25.4566669464111 25.388334274292 25.0358333587646 -3.4e+38 -3.4e+38 -3.4e+38 -3.4e+38 -3.4e+38 -3.4e+38 -3.4e+38 -3.4e+38 -3.4e+38 -3.4e+38 -3.4e+38 -3.4e+38 -3.4e+38 -3.4e+38 -3.4e+38 -3.4e+38 -3.4e+38 -3.4e+38 -3.4e+38 -3.4e+38 -3.4e+38 -3.4e+38 23.8875007629395 24.3941669464111 24.779167175293 25.0874996185303 25.4050006866455 25.6433334350586 25.7849998474121 25.8858337402344 25.9433326721191 26.015832901001
-3.4e+38 23.5133323669434 23.9624996185303 24.765832901001 24.9391670227051 25.1041660308838 25.3349990844727 25.4899997711182 25.5008335113525 25.5174999237061 25.4775009155273 25.4183330535889 25.3808326721191 25.4375 25.4458332061768 25.4258327484131 25.4008331298828 25.3850002288818 25.1791667938232 24.8716659545898 24.6333332061768 -3.4e+38 -3.4e+38 -3.4e+38 -3.4e+38 -3.4e+38 -3.4e+38 -3.4e+38 -3.4e+38 -3.4e+38 -3.4e+38 -3.4e+38 -3.4e+38 -3.4e+38 -3.4e+38 -3.4e+38 -3.4e+38 -3.4e+38 -3.4e+38 -3.4e+38 -3.4e+38 -3.4e+38 -3.4e+38 -3.4e+38 23.9974994659424 24.5191669464111 24.8566665649414 25.1774997711182 25.4583339691162 25.6674995422363 25.8108329772949 25.9249992370605 26.0424995422363
-3.4e+38 23.3058338165283 23.720832824707 24.4591674804688 24.9433326721191 25.030834197998 25.1875 25.3533344268799 25.3941669464111 25.4258327484131 25.4016666412354 25.325834274292 25.2958335876465 25.3808326721191 25.3266658782959 25.2724990844727 25.1275005340576 24.8875007629395 24.6966667175293 24.4566669464111 -3.4e+38 -3.4e+38 -3.4e+38 -3.4e+38 -3.4e+38 -3.4e+38 -3.4e+38 -3.4e+38 -3.4e+38 -3.4e+38 -3.4e+38 -3.4e+38 -3.4e+38 -3.4e+38 -3.4e+38 -3.4e+38 -3.4e+38 -3.4e+38 -3.4e+38 -3.4e+38 -3.4e+38 -3.4e+38 -3.4e+38 -3.4e+38 23.6791667938232 24.1475009918213 24.6591663360596 25.015832901001 25.3366661071777 25.5949993133545 25.7899990081787 25.9274997711182 26.0575008392334
-3.4e+38 23.0550003051758 23.4791660308838 24.1983337402344 24.8066673278809 24.9716663360596 25.1441669464111 25.3008327484131 25.3250007629395 25.3608322143555 25.2941665649414 25.1658325195312 25.1141662597656 25.154167175293 24.8775005340576 24.6825008392334 24.5991668701172 24.4191665649414 -3.4e+38 -3.4e+38 -3.4e+38 -3.4e+38 -3.4e+38 -3.4e+38 -3.4e+38 -3.4e+38 -3.4e+38 -3.4e+38 -3.4e+38 -3.4e+38 -3.4e+38 -3.4e+38 -3.4e+38 -3.4e+38 -3.4e+38 -3.4e+38 -3.4e+38 -3.4e+38 -3.4e+38 -3.4e+38 -3.4e+38 -3.4e+38 -3.4e+38 -3.4e+38 -3.4e+38 23.970832824707 24.3866672515869 24.9108333587646 25.2241668701172 25.5266666412354 25.75 25.9325008392334 26.0725002288818
-3.4e+38 22.8533325195312 23.1758327484131 23.7674999237061 24.3808326721191 24.7516670227051 24.9641666412354 25.1008338928223 25.0883331298828 25.0416660308838 24.9408340454102 24.845832824707 24.7175006866455 24.5524997711182 24.3549995422363 24.2625007629395 -3.4e+38 -3.4e+38 -3.4e+38 -3.4e+38 -3.4e+38 -3.4e+38 -3.4e+38 -3.4e+38 -3.4e+38 -3.4e+38 -3.4e+38 -3.4e+38 -3.4e+38 -3.4e+38 -3.4e+38 -3.4e+38 -3.4e+38 -3.4e+38 -3.4e+38 -3.4e+38 -3.4e+38 -3.4e+38 -3.4e+38 -3.4e+38 -3.4e+38 -3.4e+38 -3.4e+38 -3.4e+38 -3.4e+38 -3.4e+38 24.2450008392334 24.6333332061768 25.125 25.469165802002 25.7224998474121 25.9333324432373 26.0675010681152
-3.4e+38 -3.4e+38 -3.4e+38 -3.4e+38 -3.4e+38 24.0716667175293 24.4424991607666 24.7483329772949 24.7366676330566 24.640832901001 24.5174999237061 24.4675006866455 24.341667175293 24.1350002288818 -3.4e+38 -3.4e+38 -3.4e+38 -3.4e+38 -3.4e+38 -3.4e+38 -3.4e+38 -3.4e+38 -3.4e+38 -3.4e+38 -3.4e+38 -3.4e+38 -3.4e+38 -3.4e+38 -3.4e+38 -3.4e+38 -3.4e+38 -3.4e+38 -3.4e+38 -3.4e+38 -3.4e+38 -3.4e+38 -3.4e+38 -3.4e+38 -3.4e+38 -3.4e+38 -3.4e+38 -3.4e+38 -3.4e+38 -3.4e+38 -3.4e+38 -3.4e+38 -3.4e+38 -3.4e+38 -3.4e+38 25.3500003814697 25.6333332061768 25.8724994659424 26.0533332824707
-3.4e+38 -3.4e+38 -3.4e+38 -3.4e+38 -3.4e+38 -3.4e+38 -3.4e+38 -3.4e+38 24.2908325195312 24.220832824707 24.1108341217041 24.0733337402344 -3.4e+38 -3.4e+38 -3.4e+38 -3.4e+38 -3.4e+38 -3.4e+38 -3.4e+38 -3.4e+38 -3.4e+38 -3.4e+38 -3.4e+38 -3.4e+38 -3.4e+38 -3.4e+38 -3.4e+38 -3.4e+38 -3.4e+38 -3.4e+38 -3.4e+38 -3.4e+38 -3.4e+38 -3.4e+38 -3.4e+38 -3.4e+38 -3.4e+38 -3.4e+38 -3.4e+38 -3.4e+38 -3.4e+38 -3.4e+38 -3.4e+38 -3.4e+38 -3.4e+38 -3.4e+38 -3.4e+38 -3.4e+38 -3.4e+38 25.2299995422363 25.6175003051758 25.7783336639404 25.9883327484131
