layers/avg_1930_tmin0.asc
NCOLS 292 
NROWS 291 
XLLCORNER -87.6458333327872 
YLLCORNER 24.4791666666667 
CELLSIZE 0.0416666666669039 
NODATA_value -3.4e+38 
[rows 96 to 119 of 291, columns 53 to 105 of 292]
-3.4e+38 -3.4e+38 -3.4e+38 -3.4e+38 -3.4e+38 -3.4e+38 -3.4e+38 -3.4e+38 -3.4e+38 12.6613330841064 12.5910005569458 12.4589166641235 12.3429164886475 12.295916557312 12.0903329849243 12.1897497177124 12.15149974823 12.1365833282471 12.1596670150757 11.9545831680298 11.8345003128052 11.6391668319702 11.4555835723877 11.282416343689 11.3990001678467 11.393500328064 11.3277502059937 11.2515830993652 11.1885833740234 11.1850833892822 11.2414169311523 11.3660001754761 11.5476665496826 11.7589998245239 11.7096662521362 11.6731662750244 11.7108335494995 11.8070831298828 11.9104166030884 11.8978338241577 11.6741666793823 11.6498336791992 11.7569999694824 11.8555002212524 11.9764165878296 12.0873336791992 11.8734169006348 11.8270835876465 11.7638330459595 11.7358331680298 11.717583656311 11.6760835647583 11.6175003051758
-3.4e+38 -3.4e+38 -3.4e+38 -3.4e+38 -3.4e+38 -3.4e+38 -3.4e+38 -3.4e+38 -3.4e+38 -3.4e+38 12.5688333511353 12.6515836715698 12.7260837554932 12.7228336334229 12.4908332824707 12.4654998779297 12.3894166946411 12.3873329162598 12.2754163742065 12.2073335647583 12.0228338241577 11.7550830841064 11.5416669845581 11.3604164123535 11.3985004425049 11.4769163131714 11.443416595459 11.345666885376 11.3027496337891 11.3207502365112 11.3007497787476 11.4365835189819 11.6642503738403 11.8695001602173 11.9309997558594 11.7525835037231 11.8354997634888 11.8642501831055 11.8969163894653 11.865083694458 11.9232501983643 11.8152503967285 11.826000213623 11.8505830764771 11.924750328064 11.9593334197998 11.8782501220703 11.793083190918 11.7490835189819 11.719916343689 11.7284164428711 11.6723337173462 11.6190004348755
-3.4e+38 -3.4e+38 -3.4e+38 -3.4e+38 -3.4e+38 -3.4e+38 -3.4e+38 -3.4e+38 -3.4e+38 -3.4e+38 -3.4e+38 12.8014163970947 12.8084993362427 12.7201662063599 12.535249710083 12.4375 12.2711668014526 12.2086668014526 12.1007499694824 11.9597501754761 11.876916885376 11.7562503814697 11.5774164199829 11.4890003204346 11.4069166183472 11.4913330078125 11.5335836410522 11.5429162979126 11.4396667480469 11.4421663284302 11.4176664352417 11.5520000457764 11.7630834579468 11.962833404541 12.0289163589478 11.795916557312 11.8507499694824 11.9455003738403 11.9554166793823 12.0009164810181 11.9691667556763 12.0355834960938 12.0093336105347 11.9293336868286 11.8628330230713 11.8382501602173 11.823166847229 11.7366666793823 11.7064170837402 11.7114171981812 11.7167501449585 11.6888332366943 11.6730833053589
-3.4e+38 -3.4e+38 -3.4e+38 -3.4e+38 -3.4e+38 -3.4e+38 -3.4e+38 -3.4e+38 -3.4e+38 -3.4e+38 -3.4e+38 12.6858329772949 12.6475830078125 12.5615835189819 12.484582901001 12.426833152771 12.3076667785645 12.1511669158936 12.0104169845581 11.9438333511353 11.7632503509521 11.5092496871948 11.5839996337891 11.4238328933716 11.4660835266113 11.522500038147 11.5417499542236 11.5256671905518 11.4419994354248 11.4612503051758 11.470832824707 11.5895004272461 11.8175001144409 12.0117502212524 11.9444169998169 11.8404998779297 11.8727502822876 11.9725828170776 11.9825830459595 12.0223331451416 12.1118335723877 12.0605001449585 12.0501670837402 12.0718336105347 11.8719997406006 11.8270835876465 11.7935838699341 11.6960000991821 11.6614999771118 11.660083770752 11.6889162063599 11.6707496643066 11.685583114624
-3.4e+38 -3.4e+38 -3.4e+38 -3.4e+38 -3.4e+38 -3.4e+38 -3.4e+38 -3.4e+38 -3.4e+38 -3.4e+38 -3.4e+38 12.4801664352417 12.5727500915527 12.5309162139893 12.491250038147 12.4182500839233 12.335750579834 12.1813335418701 12.0100831985474 11.9452495574951 11.8680830001831 11.4939165115356 11.5693330764771 11.5821666717529 11.4480829238892 11.5815000534058 11.5704164505005 11.5764999389648 11.5059995651245 11.532416343689 11.5742502212524 11.6831665039062 11.8938331604004 12.0641660690308 11.9033336639404 11.9674997329712 11.956000328064 11.9477500915527 12.0022497177124 12.0633335113525 12.0822496414185 12.0629167556763 12.0876665115356 12.0875835418701 12.0533332824707 12.0148334503174 11.9258327484131 11.6673336029053 11.6447496414185 11.6401662826538 11.6855001449585 11.6843338012695 11.6925001144409
-3.4e+38 -3.4e+38 -3.4e+38 -3.4e+38 -3.4e+38 -3.4e+38 -3.4e+38 -3.4e+38 -3.4e+38 -3.4e+38 -3.4e+38 12.3889999389648 12.4653339385986 12.4713335037231 12.4272499084473 12.3543329238892 12.2896671295166 12.1731662750244 12.041166305542 11.9001665115356 11.7259998321533 11.6142501831055 11.6569166183472 11.7148332595825 11.6412496566772 11.5052499771118 11.5354166030884 11.5640001296997 11.6298332214355 11.7001667022705 11.7615003585815 11.8784170150757 12.0018329620361 12.2123336791992 12.0674171447754 12.0423336029053 12.0330829620361 12.0372495651245 11.7796669006348 11.6965827941895 11.7148332595825 11.7015838623047 11.7787494659424 11.7402496337891 11.8734169006348 11.856333732605 11.8853330612183 11.6964998245239 11.6487503051758 11.6854162216187 11.7095832824707 11.7340831756592 11.7291669845581
-3.4e+38 -3.4e+38 -3.4e+38 -3.4e+38 -3.4e+38 -3.4e+38 -3.4e+38 -3.4e+38 -3.4e+38 -3.4e+38 12.2585830688477 12.3760833740234 12.4087505340576 12.3705835342407 12.3367500305176 12.2556667327881 12.2098331451416 12.0922498703003 12.0101671218872 11.9396667480469 11.8223333358765 11.6758337020874 11.6510000228882 11.6853332519531 11.6978330612183 11.6077499389648 11.6146669387817 11.6937503814697 11.6058330535889 11.6843338012695 11.736499786377 11.969916343689 12.0538330078125 12.198166847229 12.0664167404175 12.0544996261597 12.0797500610352 12.0964164733887 11.6669998168945 11.6890001296997 11.7807502746582 11.7325830459595 11.8035831451416 11.7965831756592 11.7082500457764 11.693416595459 11.7398328781128 11.6825838088989 11.6789169311523 11.7082500457764 11.7737493515015 11.808500289917 11.8389167785645
-3.4e+38 -3.4e+38 -3.4e+38 -3.4e+38 -3.4e+38 -3.4e+38 -3.4e+38 -3.4e+38 -3.4e+38 -3.4e+38 -3.4e+38 -3.4e+38 12.2207498550415 12.2730836868286 12.3706665039062 12.3168334960938 12.1845836639404 12.0841665267944 12.023416519165 11.9353332519531 11.7615833282471 11.6789169311523 11.5581665039062 11.5627498626709 11.6231670379639 11.5711669921875 11.6996669769287 11.6641664505005 11.7581663131714 11.7301664352417 11.7121667861938 11.7671670913696 12.0081663131714 12.2158336639404 12.1039171218872 12.0866670608521 12.0887498855591 12.0510835647583 11.7860832214355 11.7358331680298 11.8558330535889 11.8989162445068 11.9563331604004 11.9423332214355 11.7802495956421 11.6243333816528 11.6105833053589 11.6525831222534 11.6665830612183 11.7483329772949 11.8556661605835 11.9499168395996 12.0600004196167
-3.4e+38 -3.4e+38 -3.4e+38 -3.4e+38 -3.4e+38 -3.4e+38 -3.4e+38 -3.4e+38 -3.4e+38 -3.4e+38 -3.4e+38 -3.4e+38 -3.4e+38 12.2492504119873 12.2550001144409 12.2968330383301 12.3020000457764 12.2250003814697 12.0269165039062 11.9160833358765 11.8267498016357 11.772500038147 11.6531667709351 11.5880832672119 11.4738330841064 11.3704996109009 11.3527498245239 11.3925828933716 11.4139165878296 11.5168333053589 11.6755828857422 11.8061666488647 11.9539995193481 12.2347497940063 12.1598339080811 12.1065835952759 11.9654998779297 11.9779996871948 11.9098339080811 11.8649997711182 11.8836669921875 11.9044160842896 11.8579998016357 11.914999961853 11.8363332748413 11.7918329238892 11.6932497024536 11.6861667633057 11.7714996337891 11.7715835571289 11.9162502288818 12.0900001525879 12.2472505569458
-3.4e+38 -3.4e+38 -3.4e+38 -3.4e+38 -3.4e+38 -3.4e+38 -3.4e+38 -3.4e+38 -3.4e+38 -3.4e+38 -3.4e+38 -3.4e+38 12.2444171905518 12.3067502975464 12.3531665802002 12.3234167098999 12.2515830993652 12.2504167556763 12.1523332595825 12.0825834274292 11.9484167098999 11.8519163131714 11.6430835723877 11.4877500534058 11.5136671066284 11.3970832824707 11.3699169158936 11.3295001983643 11.3844995498657 11.3979167938232 11.4570837020874 11.6315832138062 11.810417175293 12.1323337554932 12.1219997406006 11.9801664352417 11.9803333282471 12.0560836791992 11.9568338394165 11.929666519165 11.9258337020874 11.8884162902832 11.8804168701172 11.8601665496826 11.8557500839233 11.8161668777466 11.8076667785645 11.8326663970947 11.8454999923706 11.8720836639404 11.9661664962769 12.1505832672119 12.3807497024536
-3.4e+38 -3.4e+38 -3.4e+38 -3.4e+38 -3.4e+38 -3.4e+38 -3.4e+38 -3.4e+38 -3.4e+38 -3.4e+38 11.9045000076294 12.2922496795654 12.2531671524048 12.2054996490479 12.1995830535889 12.1902503967285 12.1934995651245 12.1469993591309 12.1210832595825 12.0861663818359 12.0111665725708 11.831000328064 11.7127494812012 11.4722499847412 11.3206663131714 11.4367504119873 11.3240833282471 11.3600835800171 11.2634162902832 11.2932500839233 11.4084997177124 11.441499710083 11.6420831680298 12.0016670227051 12.1292505264282 11.9863328933716 12.1005840301514 12.0901670455933 12.0664167404175 12.0279169082642 11.9209995269775 11.9255828857422 12.0014171600342 12.0094165802002 11.9702501296997 12.0004997253418 12.023416519165 12.0275831222534 11.9595003128052 11.9082498550415 12.0431671142578 12.1684999465942 12.3706665039062
-3.4e+38 -3.4e+38 -3.4e+38 -3.4e+38 -3.4e+38 -3.4e+38 -3.4e+38 -3.4e+38 -3.4e+38 11.7076663970947 12.0555000305176 12.1894998550415 12.1556663513184 12.1070833206177 12.0724172592163 12.1024169921875 11.9933338165283 12.0201663970947 12.0022497177124 12.0310831069946 11.9781665802002 11.9451665878296 11.8939170837402 11.5382499694824 11.3754167556763 11.2960834503174 11.4037504196167 11.4208335876465 11.2482500076294 11.1823329925537 11.2622499465942 11.2919998168945 11.5299997329712 11.787166595459 12.1766662597656 12.0785837173462 12.137583732605 12.199333190918 12.188666343689 12.1306667327881 12.0551662445068 11.9499168395996 11.9941663742065 12.0582494735718 12.0689163208008 12.1160831451416 12.1454172134399 12.1371669769287 12.1400003433228 12.0358333587646 12.0319166183472 12.118332862854 12.2749996185303
-3.4e+38 -3.4e+38 -3.4e+38 -3.4e+38 -3.4e+38 -3.4e+38 -3.4e+38 -3.4e+38 -3.4e+38 11.8277502059937 11.9934997558594 12.0830001831055 12.2810831069946 12.2779169082642 12.0845832824707 12.0532503128052 11.986499786377 11.9444999694824 11.9662504196167 11.9440002441406 11.9324998855591 11.8640832901001 11.7853336334229 11.5854167938232 11.6136665344238 11.326000213623 11.3093338012695 11.2821664810181 11.2407503128052 11.1148338317871 11.1499996185303 11.4658336639404 11.6431665420532 11.9298334121704 12.2436666488647 12.2410831451416 12.2003335952759 12.2493333816528 12.2401666641235 12.2195835113525 12.1610832214355 12.0093336105347 11.9436664581299 12.0931663513184 12.0821666717529 12.139666557312 12.1977500915527 12.215916633606 12.1707496643066 12.0369167327881 11.9607496261597 12.0222501754761 12.1620836257935
-3.4e+38 -3.4e+38 -3.4e+38 -3.4e+38 -3.4e+38 -3.4e+38 -3.4e+38 -3.4e+38 -3.4e+38 12.085916519165 12.2209997177124 12.2443332672119 12.2933330535889 12.1513328552246 12.0108337402344 12.0007495880127 11.9220838546753 11.854416847229 11.7832498550415 11.8062496185303 11.8107500076294 11.7887496948242 11.8920001983643 11.7576665878296 11.6049995422363 11.3529167175293 11.3179168701172 11.203332901001 11.2682495117188 11.3022499084473 11.3240003585815 11.6333332061768 11.9145002365112 12.0875835418701 12.3074998855591 12.3894996643066 12.2796669006348 12.2892503738403 12.2735004425049 12.2760829925537 12.3125 12.2239999771118 12.054500579834 12.0641670227051 12.0815000534058 12.2306671142578 12.2631664276123 12.2489995956421 12.190333366394 11.9886665344238 11.8911666870117 11.987416267395 12.1494998931885
-3.4e+38 -3.4e+38 -3.4e+38 -3.4e+38 -3.4e+38 -3.4e+38 -3.4e+38 -3.4e+38 -3.4e+38 12.1859169006348 12.3439998626709 12.2884168624878 12.2089166641235 12.0592498779297 11.9454164505005 11.869833946228 11.8394165039062 11.8219165802002 11.7674999237061 11.7757501602173 11.7653331756592 11.7107496261597 11.8997497558594 11.914083480835 11.6468334197998 11.5564165115356 11.4806671142578 11.4610834121704 11.5232496261597 11.539999961853 11.6683330535889 11.7229995727539 11.9255828857422 12.1853332519531 12.310417175293 12.4530830383301 12.4399995803833 12.4178333282471 12.4262504577637 12.4020833969116 12.4116668701172 12.3672504425049 12.1870002746582 12.2260837554932 12.2328329086304 12.2038335800171 12.3269996643066 12.2672500610352 12.1367502212524 12.0734167098999 12.0151672363281 11.9091663360596 11.9192504882812
-3.4e+38 -3.4e+38 -3.4e+38 -3.4e+38 -3.4e+38 -3.4e+38 -3.4e+38 -3.4e+38 -3.4e+38 12.3540830612183 12.456000328064 12.3189163208008 12.1965837478638 12.1000003814697 11.9956665039062 11.9565830230713 11.9331665039062 11.8551664352417 11.8280830383301 11.8329162597656 11.7959995269775 11.8740835189819 11.8199996948242 11.9411668777466 11.9597501754761 11.8020000457764 11.732250213623 11.7639999389648 11.7337503433228 11.8674163818359 11.8809995651245 11.88450050354 12.0236663818359 12.2238330841064 12.3276662826538 12.4465827941895 12.5426664352417 12.5622501373291 12.5123329162598 12.4635000228882 12.385666847229 12.2807502746582 12.2631664276123 12.3100833892822 12.3435001373291 12.285249710083 12.3585834503174 12.3853330612183 12.3285837173462 12.2526664733887 12.2439165115356 12.0578336715698 11.9160833358765
-3.4e+38 -3.4e+38 -3.4e+38 -3.4e+38 -3.4e+38 -3.4e+38 -3.4e+38 -3.4e+38 12.3691673278809 12.5366668701172 12.5059995651245 12.3099164962769 12.3134164810181 12.1932497024536 12.0880002975464 12.0469169616699 11.9891662597656 11.9334163665771 11.92799949646 11.9204168319702 11.8293333053589 11.8355836868286 11.8448333740234 11.9809169769287 12.0845832824707 12.0814161300659 11.9126663208008 11.9449996948242 11.9914169311523 12.0609169006348 12.0862503051758 12.0388336181641 12.1215000152588 12.2395830154419 12.3384170532227 12.4025831222534 12.523250579834 12.5123329162598 12.5266666412354 12.5322504043579 12.4995002746582 12.4014167785645 12.3883333206177 12.277250289917 12.3401670455933 12.3964996337891 12.3950834274292 12.5042495727539 12.4558334350586 12.2639999389648 12.1479997634888 12.2295837402344 12.0776662826538
-3.4e+38 -3.4e+38 -3.4e+38 -3.4e+38 -3.4e+38 -3.4e+38 -3.4e+38 -3.4e+38 12.3897504806519 12.4965000152588 12.3977499008179 12.3331670761108 12.2806663513184 12.2221670150757 12.2222499847412 12.1740837097168 12.1422500610352 12.0668334960938 12.04075050354 12.0579996109009 11.9820833206177 12.0214996337891 11.9978332519531 11.9330835342407 12.0502500534058 12.1948337554932 12.2221660614014 12.1751670837402 12.1850004196167 12.2573337554932 12.2680835723877 12.2802505493164 12.2570838928223 12.3324165344238 12.4177503585815 12.5159168243408 12.5556669235229 12.4940004348755 12.4830827713013 12.5025835037231 12.3653335571289 12.3914165496826 12.4057502746582 12.4322500228882 12.4674997329712 12.5549163818359 12.5675001144409 12.5368337631226 12.6043329238892 12.3310832977295 12.177583694458 12.1094169616699 12.0682497024536
-3.4e+38 -3.4e+38 -3.4e+38 -3.4e+38 -3.4e+38 -3.4e+38 -3.4e+38 12.3255834579468 12.4539165496826 12.4638338088989 12.3171663284302 12.2356672286987 12.2230834960938 12.2818336486816 12.3388338088989 12.3339166641235 12.283332824707 12.2323331832886 12.2097501754761 12.0231666564941 12.1354999542236 12.1418333053589 12.0852499008179 11.9979162216187 12.052583694458 12.1001663208008 12.2251663208008 12.2924995422363 12.3345832824707 12.3773336410522 12.4597501754761 12.4293336868286 12.3920001983643 12.434666633606 12.5083332061768 12.6185836791992 12.5768337249756 12.5871667861938 12.5645837783813 12.4987497329712 12.3829164505005 12.4625835418701 12.5326671600342 12.5762500762939 12.587082862854 12.5699167251587 12.5439167022705 12.5469999313354 12.6277503967285 12.4982500076294 12.3752498626709 12.174750328064 12.0467500686646
-3.4e+38 -3.4e+38 -3.4e+38 -3.4e+38 -3.4e+38 -3.4e+38 -3.4e+38 12.2435836791992 12.3381671905518 12.3073329925537 12.2182502746582 12.2154998779297 12.2299165725708 12.234167098999 12.2954168319702 12.3613328933716 12.3499164581299 12.3457498550415 12.2701663970947 12.2150831222534 12.1465826034546 12.2099170684814 12.1045837402344 12.1245002746582 12.1561660766602 12.1783332824707 12.300666809082 12.345832824707 12.4281663894653 12.4468336105347 12.5100002288818 12.5308332443237 12.4737501144409 12.473916053772 12.6249170303345 12.5874166488647 12.577917098999 12.5656661987305 12.5336666107178 12.4943332672119 12.4236669540405 12.4910001754761 12.5868330001831 12.6010837554932 12.5725831985474 12.5902500152588 12.5409164428711 12.5590839385986 12.6527500152588 12.7235832214355 12.5108337402344 12.4117498397827 12.3734169006348
-3.4e+38 -3.4e+38 -3.4e+38 -3.4e+38 -3.4e+38 -3.4e+38 -3.4e+38 -3.4e+38 12.3901662826538 12.3762502670288 12.3363332748413 12.2695837020874 12.275333404541 12.335000038147 12.3612499237061 12.3615837097168 12.385666847229 12.3294172286987 12.2290000915527 12.1674165725708 12.3030834197998 12.2541666030884 12.1776666641235 12.2028331756592 12.2482500076294 12.2990837097168 12.3384170532227 12.458833694458 12.6029167175293 12.617166519165 12.6093330383301 12.6394166946411 12.5680837631226 12.5852499008179 12.6991662979126 12.6605834960938 12.6413335800171 12.5789995193481 12.5302505493164 12.4625835418701 12.4454164505005 12.5211668014526 12.6059169769287 12.5968332290649 12.5462503433228 12.5090827941895 12.5319995880127 12.5531663894653 12.6308336257935 12.7843332290649 12.8988332748413 12.9063329696655 12.8266668319702
-3.4e+38 -3.4e+38 -3.4e+38 -3.4e+38 -3.4e+38 -3.4e+38 -3.4e+38 -3.4e+38 12.4428329467773 12.4044170379639 12.4096670150757 12.3206663131714 12.2668333053589 12.3080835342407 12.3754167556763 12.424916267395 12.3606662750244 12.2998332977295 12.2856664657593 12.2941665649414 12.3009996414185 12.3057498931885 12.2264165878296 12.2564163208008 12.2887496948242 12.3660831451416 12.3518333435059 12.5609169006348 12.6684999465942 12.7732496261597 12.7690830230713 12.7630834579468 12.6948337554932 12.7014999389648 12.7450828552246 12.7360830307007 12.6741666793823 12.6132497787476 12.5952501296997 12.5441665649414 12.5107498168945 12.6047496795654 12.6364994049072 12.6438331604004 12.606333732605 12.5427503585815 12.521333694458 12.558500289917 12.6675834655762 12.7218332290649 12.9686670303345 12.9829998016357 12.943416595459
-3.4e+38 -3.4e+38 -3.4e+38 -3.4e+38 -3.4e+38 -3.4e+38 -3.4e+38 -3.4e+38 12.5386667251587 12.4871664047241 12.4441661834717 12.3656663894653 12.2570829391479 12.2773332595825 12.2950000762939 12.3334159851074 12.3431663513184 12.3400831222534 12.3325834274292 12.346583366394 12.3192501068115 12.3154163360596 12.2747497558594 12.3374996185303 12.4415826797485 12.478666305542 12.547082901001 12.6432504653931 12.7504997253418 12.8732500076294 12.8803329467773 12.8740835189819 12.839750289917 12.8028335571289 12.8552503585815 12.7780838012695 12.7351665496826 12.7125835418701 12.641583442688 12.6105833053589 12.6116666793823 12.6133337020874 12.6057500839233 12.6121664047241 12.6005830764771 12.5756664276123 12.6305837631226 12.6617498397827 12.6961669921875 12.7741670608521 12.8783330917358 12.8642501831055 12.8166666030884
-3.4e+38 -3.4e+38 -3.4e+38 -3.4e+38 -3.4e+38 -3.4e+38 -3.4e+38 -3.4e+38 -3.4e+38 12.4876670837402 12.4711666107178 12.4678335189819 12.3383331298828 12.2817497253418 12.2803335189819 12.3028335571289 12.3300838470459 12.3500833511353 12.3369169235229 12.3730001449585 12.3525829315186 12.4270830154419 12.3720836639404 12.4677495956421 12.5218334197998 12.595666885376 12.679666519165 12.732250213623 12.8170003890991 12.9169998168945 13.0120000839233 12.9958333969116 12.9737501144409 12.9733333587646 12.884916305542 12.793083190918 12.8097496032715 12.8182497024536 12.8210830688477 12.7693328857422 12.6672496795654 12.6082496643066 12.5770835876465 12.5585832595825 12.5444164276123 12.5338335037231 12.5799999237061 12.6560001373291 12.6847496032715 12.7591667175293 12.8265829086304 12.8361663818359 12.8056669235229
