layers/avg_1930_tmean0.asc
NCOLS 292 
NROWS 291 
XLLCORNER -87.6458333327872 
YLLCORNER 24.4791666666667 
CELLSIZE 0.0416666666669039 
NODATA_value -3.4e+38 
[rows 72 to 95 of 291, columns 159 to 211 of 292]
17.9052505493164 17.9151248931885 17.9047908782959 17.9960422515869 17.9170417785645 17.9562072753906 18.046459197998 18.0303745269775 17.9754161834717 17.9785003662109 17.9561672210693 17.9148750305176 17.906665802002 17.8821258544922 17.8749160766602 17.8270835876465 17.8083343505859 17.7879581451416 17.7692909240723 17.7600002288818 17.7727909088135 17.7780838012695 17.7671241760254 17.769832611084 17.7767925262451 17.7943325042725 17.8050842285156 17.8179588317871 17.8452091217041 17.8642082214355 17.8427085876465 17.8432083129883 17.818208694458 17.7853755950928 17.7693748474121 17.7432079315186 17.7097091674805 17.6765003204346 17.6270427703857 17.5560836791992 17.5322494506836 17.5330410003662 17.545166015625 17.6092491149902 17.6632499694824 17.7108745574951 17.6787910461426 17.5554580688477 17.6107921600342 -3.4e+38 -3.4e+38 -3.4e+38 -3.4e+38
17.9632091522217 18.0201663970947 17.9689998626709 18.0252494812012 17.9212493896484 18.0482082366943 18.0715408325195 18.074333190918 18.0076656341553 17.9487495422363 17.9158744812012 17.8991661071777 17.8988742828369 17.9042911529541 17.8741664886475 17.8214168548584 17.8020420074463 17.7567501068115 17.7729587554932 17.7665424346924 17.769416809082 17.7760829925537 17.7728748321533 17.7772922515869 17.7811241149902 17.8067092895508 17.8147087097168 17.8271255493164 17.8204174041748 17.8197917938232 17.8556251525879 17.8537502288818 17.866792678833 17.8591251373291 17.8155002593994 17.798791885376 17.7604160308838 17.6982917785645 17.6499176025391 17.6169166564941 17.5707492828369 17.5379161834717 17.5408325195312 17.6120414733887 17.6460838317871 17.6715831756592 17.5626239776611 17.5820827484131 -3.4e+38 -3.4e+38 -3.4e+38 -3.4e+38 -3.4e+38
17.9825000762939 17.9926662445068 18.0882911682129 18.08766746521 18.0726661682129 18.1210823059082 18.1218338012695 18.0778751373291 17.9850425720215 17.9407501220703 17.9093742370605 17.902458190918 17.8755836486816 17.8970832824707 17.9429168701172 17.8794593811035 17.8056240081787 17.7770004272461 17.7555828094482 17.7630825042725 17.7966251373291 17.8052082061768 17.8167495727539 17.8346672058105 17.8560009002686 17.8738327026367 17.8182926177979 17.8272914886475 17.8282089233398 17.8307914733887 17.8480834960938 17.8503322601318 17.8567085266113 17.8640842437744 17.8698749542236 17.8261661529541 17.7814998626709 17.7257499694824 17.6580009460449 17.6018333435059 17.5578327178955 17.5228328704834 17.554874420166 17.5851669311523 17.6348743438721 17.5549163818359 17.5384998321533 -3.4e+38 -3.4e+38 -3.4e+38 -3.4e+38 -3.4e+38 -3.4e+38
17.930082321167 17.8909587860107 17.9787921905518 18.1755409240723 18.1613330841064 18.1255416870117 18.0853328704834 18.0627918243408 18.027250289917 17.9920825958252 17.9617080688477 17.9352493286133 17.8934173583984 17.8670406341553 17.8794574737549 17.8131675720215 17.7830829620361 17.7863330841064 17.7520408630371 17.7744998931885 17.786958694458 17.843334197998 17.9049587249756 17.9582920074463 17.9755420684814 17.9791660308838 17.9566249847412 17.9164161682129 17.8799591064453 17.8102493286133 17.8152084350586 17.8255825042725 17.8579158782959 17.8581657409668 17.8705005645752 17.8377914428711 17.7978744506836 17.72829246521 17.6496257781982 17.5862922668457 17.5173740386963 17.4954586029053 17.5469169616699 17.6119594573975 17.5727920532227 17.5053749084473 -3.4e+38 -3.4e+38 -3.4e+38 -3.4e+38 -3.4e+38 -3.4e+38 -3.4e+38
18.0082912445068 18.0084991455078 18.0664577484131 18.1802082061768 18.119083404541 18.0870418548584 18.0777912139893 18.0747489929199 18.0710411071777 18.0759162902832 18.036750793457 18.0000419616699 17.9257907867432 17.8760833740234 17.8308753967285 17.7512073516846 17.7609996795654 17.7940006256104 17.812292098999 17.8483753204346 17.8928337097168 17.9289588928223 17.9538326263428 17.9689998626709 17.9755001068115 17.9213752746582 17.9447078704834 17.9519157409668 17.9351253509521 17.8444995880127 17.8089580535889 17.8332500457764 17.8896656036377 17.8694591522217 17.8432502746582 17.8196258544922 17.7847080230713 17.6868324279785 17.6195831298828 17.5351657867432 17.4899997711182 17.490083694458 17.5552501678467 17.5909996032715 17.5325832366943 -3.4e+38 -3.4e+38 -3.4e+38 -3.4e+38 -3.4e+38 -3.4e+38 -3.4e+38 -3.4e+38
18.1684989929199 18.1598739624023 18.1459579467773 18.1876659393311 18.1119575500488 18.0749168395996 18.0763320922852 18.0858745574951 18.072208404541 18.0760841369629 18.0924587249756 18.0545425415039 18.0205421447754 17.9480838775635 17.9002075195312 17.8540420532227 17.8768329620361 17.9194164276123 17.9496250152588 17.937084197998 17.9441242218018 17.9682922363281 17.9798336029053 17.9861660003662 17.9854164123535 17.9618740081787 17.9532909393311 17.9584579467773 17.9055004119873 17.8951663970947 17.9014167785645 17.9021244049072 17.9312496185303 17.9167499542236 17.8787078857422 17.839958190918 17.8145008087158 17.7120838165283 17.6147079467773 17.5412082672119 17.5252914428711 17.5138740539551 17.5721244812012 17.5442085266113 17.5583744049072 -3.4e+38 -3.4e+38 -3.4e+38 -3.4e+38 -3.4e+38 -3.4e+38 -3.4e+38 -3.4e+38
18.2692089080811 18.1892509460449 18.1637496948242 18.2000408172607 18.1586246490479 18.1330413818359 18.1044178009033 18.0944576263428 18.084415435791 18.114875793457 18.1079578399658 18.1064167022705 18.13454246521 18.076208114624 18.0295829772949 18.0334167480469 18.0163345336914 17.9814167022705 17.9698333740234 17.9790420532227 17.9812488555908 18.0062503814697 18.0096244812012 18.0243759155273 18.0393753051758 18.0330829620361 18.0549583435059 18.0429992675781 18.0029163360596 17.9519157409668 17.9747085571289 17.9650421142578 17.9181671142578 17.9254169464111 17.8758754730225 17.8360824584961 17.7797088623047 17.7018756866455 17.6320838928223 17.5655822753906 17.5656661987305 17.5774593353271 17.5874996185303 17.5841255187988 17.6490840911865 -3.4e+38 -3.4e+38 -3.4e+38 -3.4e+38 -3.4e+38 -3.4e+38 -3.4e+38 -3.4e+38
18.2342910766602 18.2302913665771 18.2282085418701 18.2369174957275 18.1961669921875 18.19704246521 18.1824588775635 18.1684589385986 18.1395835876465 18.1646251678467 18.1899166107178 18.238374710083 18.240291595459 18.2005424499512 18.1315822601318 18.1102504730225 18.0931663513184 18.0553760528564 18.00950050354 18.0101661682129 18.0067920684814 18.0122509002686 18.0233325958252 18.0267925262451 18.0312919616699 18.0579586029053 18.0891666412354 18.1000843048096 18.0642509460449 18.0092086791992 18.0068340301514 18.0125007629395 17.9951248168945 17.9855823516846 17.9442501068115 17.8994998931885 17.8427505493164 17.7574157714844 17.6986675262451 17.6339168548584 17.6128330230713 17.6430416107178 17.6342506408691 17.6688327789307 -3.4e+38 -3.4e+38 -3.4e+38 -3.4e+38 -3.4e+38 -3.4e+38 -3.4e+38 -3.4e+38 -3.4e+38
18.2273750305176 18.1863327026367 18.2269172668457 18.2652912139893 18.2452507019043 18.226541519165 18.236457824707 18.2433338165283 18.2696666717529 18.3005828857422 18.3370418548584 18.3045425415039 18.2631244659424 18.2292919158936 18.1897506713867 18.1582908630371 18.1079158782959 18.0793743133545 18.007833480835 18.0110416412354 18.03737449646 18.0569171905518 18.0487079620361 18.0492076873779 18.0690841674805 18.0653343200684 18.0949592590332 18.0795001983643 18.0366249084473 18.0106239318848 17.9899158477783 18.000207901001 17.9982490539551 18.0006256103516 17.9889163970947 17.9655838012695 17.9248752593994 17.8528747558594 17.7861251831055 17.730375289917 17.6667079925537 17.6713333129883 17.6876258850098 17.7542495727539 -3.4e+38 -3.4e+38 -3.4e+38 -3.4e+38 -3.4e+38 -3.4e+38 -3.4e+38 -3.4e+38 -3.4e+38
18.2304172515869 18.2116241455078 18.2122917175293 18.2278327941895 18.2782077789307 18.2899589538574 18.2800006866455 18.3123340606689 18.3437919616699 18.3727912902832 18.3296241760254 18.312126159668 18.294584274292 18.234167098999 18.1490421295166 18.0909996032715 18.111083984375 18.0577087402344 18.0535411834717 18.0682907104492 18.0672092437744 18.0860424041748 18.085750579834 18.0837078094482 18.101749420166 18.0987911224365 18.0721244812012 18.0510425567627 18.0030841827393 17.9873752593994 17.9952507019043 18.0071659088135 18.0150413513184 18.0029163360596 17.9947910308838 17.9631671905518 17.9413757324219 17.8707084655762 17.8240413665771 17.7727909088135 17.7533340454102 17.7164173126221 17.7275009155273 17.7995834350586 -3.4e+38 -3.4e+38 -3.4e+38 -3.4e+38 -3.4e+38 -3.4e+38 -3.4e+38 -3.4e+38 -3.4e+38
18.2511672973633 18.2942085266113 18.2428321838379 18.2552089691162 18.2532081604004 18.3083324432373 18.3866672515869 18.3565006256104 18.3616256713867 18.4107913970947 18.3780841827393 18.3510417938232 18.3118324279785 18.2214584350586 18.1505832672119 18.0983753204346 18.0610008239746 18.0517501831055 18.031457901001 18.0645408630371 18.1160411834717 18.1226253509521 18.0828742980957 18.0965003967285 18.1268749237061 18.105541229248 18.0995826721191 18.0753326416016 18.0279998779297 18.0302925109863 18.0452919006348 18.0412921905518 18.07200050354 18.0804996490479 18.04075050354 18.0317497253418 18.0290832519531 17.9650840759277 17.9066257476807 17.8484992980957 17.8007507324219 17.7725830078125 17.8514995574951 17.8492088317871 -3.4e+38 -3.4e+38 -3.4e+38 -3.4e+38 -3.4e+38 -3.4e+38 -3.4e+38 -3.4e+38 -3.4e+38
18.2448329925537 18.293083190918 18.2996253967285 18.2795009613037 18.2903747558594 18.2960834503174 18.3251247406006 18.4039173126221 18.4551258087158 18.4161243438721 18.3750839233398 18.3541259765625 18.3287506103516 18.1916656494141 18.1262493133545 18.1132907867432 18.1279163360596 18.0919990539551 18.0757923126221 18.1048755645752 18.1470413208008 18.1603755950928 18.1439590454102 18.1364994049072 18.1720008850098 18.1773338317871 18.1123332977295 18.1262912750244 18.0910835266113 18.074291229248 18.0647506713867 18.0854587554932 18.1348743438721 18.1717491149902 18.164249420166 18.1373329162598 18.083833694458 18.0226249694824 17.9689159393311 17.8847923278809 17.8763332366943 17.9206256866455 -3.4e+38 -3.4e+38 -3.4e+38 -3.4e+38 -3.4e+38 -3.4e+38 -3.4e+38 -3.4e+38 -3.4e+38 -3.4e+38 -3.4e+38
18.2568321228027 18.2980422973633 18.3405838012695 18.2919998168945 18.2942504882812 18.3137912750244 18.3251247406006 18.3725414276123 18.4325408935547 18.478458404541 18.4264583587646 18.34987449646 18.3292083740234 18.2587909698486 18.2070827484131 18.142749786377 18.1000003814697 18.1189575195312 18.1180000305176 18.0941257476807 18.119291305542 18.1608753204346 18.2111663818359 18.2264156341553 18.2352085113525 18.2295417785645 18.1884155273438 18.1369590759277 18.1102504730225 18.1047077178955 18.140625 18.1795425415039 18.2415428161621 18.2653331756592 18.2413749694824 18.2019157409668 18.1420001983643 18.0582504272461 18.0059585571289 18.0571250915527 18.0672073364258 -3.4e+38 -3.4e+38 -3.4e+38 -3.4e+38 -3.4e+38 -3.4e+38 -3.4e+38 -3.4e+38 -3.4e+38 -3.4e+38 -3.4e+38 -3.4e+38
18.3275833129883 18.3400001525879 18.3210830688477 18.3372077941895 18.293083190918 18.3455829620361 18.3580837249756 18.3716239929199 18.3865833282471 18.3864994049072 18.3667507171631 18.3196258544922 18.2914161682129 18.2878341674805 18.2365837097168 18.169792175293 18.1472091674805 18.1745834350586 18.1373329162598 18.1119174957275 18.1456661224365 18.216459274292 18.3022918701172 18.3050842285156 18.3157920837402 18.304500579834 18.2679996490479 18.2312088012695 18.1947917938232 18.2007503509521 18.2423324584961 18.3045425415039 18.3197498321533 18.302791595459 18.3042907714844 18.3012084960938 18.2976245880127 18.3022079467773 18.240291595459 18.1719169616699 -3.4e+38 -3.4e+38 -3.4e+38 -3.4e+38 -3.4e+38 -3.4e+38 -3.4e+38 -3.4e+38 -3.4e+38 -3.4e+38 -3.4e+38 -3.4e+38 -3.4e+38
18.3446655273438 18.3489589691162 18.3461666107178 18.3335418701172 18.3390007019043 18.339916229248 18.319917678833 18.3577499389648 18.3577079772949 18.3998756408691 18.3549156188965 18.3740825653076 18.3240833282471 18.2817497253418 18.2568340301514 18.2014579772949 18.1800003051758 18.2059173583984 18.17799949646 18.1721668243408 18.218334197998 18.2989177703857 18.3916244506836 18.3942928314209 18.4137077331543 18.3981666564941 18.3523330688477 18.3213748931885 18.3222503662109 18.326042175293 18.3725833892822 18.371374130249 18.3559169769287 18.3968334197998 -3.4e+38 -3.4e+38 -3.4e+38 -3.4e+38 -3.4e+38 -3.4e+38 -3.4e+38 -3.4e+38 -3.4e+38 -3.4e+38 -3.4e+38 -3.4e+38 -3.4e+38 -3.4e+38 -3.4e+38 -3.4e+38 -3.4e+38 -3.4e+38 -3.4e+38
18.4225006103516 18.39674949646 18.3594589233398 18.3314590454102 18.3224582672119 18.3107089996338 18.3249588012695 18.3193740844727 18.3297080993652 18.3710422515869 18.4409580230713 18.4274158477783 18.38108253479 18.322416305542 18.2863330841064 18.2550411224365 18.2529163360596 18.2634582519531 18.2549171447754 18.2513751983643 18.3156661987305 18.4040412902832 18.4512920379639 18.4507923126221 18.4808330535889 18.4592914581299 18.4246673583984 18.4505424499512 18.4680824279785 18.4438743591309 18.4186248779297 18.4037094116211 18.4650840759277 18.5318336486816 -3.4e+38 -3.4e+38 -3.4e+38 -3.4e+38 -3.4e+38 -3.4e+38 -3.4e+38 -3.4e+38 -3.4e+38 -3.4e+38 -3.4e+38 -3.4e+38 -3.4e+38 -3.4e+38 -3.4e+38 -3.4e+38 -3.4e+38 -3.4e+38 -3.4e+38
18.4889583587646 18.4131259918213 18.3324584960938 18.3778324127197 18.3638324737549 18.3285427093506 18.3059577941895 18.3625831604004 18.4025001525879 18.4249591827393 18.4852085113525 18.4819164276123 18.4480419158936 18.3858337402344 18.3444576263428 18.3044586181641 18.3090419769287 18.3196678161621 18.3093338012695 18.3118743896484 18.3655834197998 18.4426250457764 18.4581241607666 18.4664993286133 18.4938335418701 18.5229587554932 18.5578327178955 18.5808334350586 18.5087089538574 18.4825000762939 18.454833984375 18.5270004272461 18.6411247253418 18.622875213623 18.5496253967285 -3.4e+38 -3.4e+38 -3.4e+38 -3.4e+38 -3.4e+38 -3.4e+38 -3.4e+38 -3.4e+38 -3.4e+38 -3.4e+38 -3.4e+38 -3.4e+38 -3.4e+38 -3.4e+38 -3.4e+38 -3.4e+38 -3.4e+38 -3.4e+38
18.4371242523193 18.4634590148926 18.3899173736572 18.4028759002686 18.3228740692139 18.2980003356934 18.2580833435059 18.3087921142578 18.4567909240723 18.4578323364258 18.4970417022705 18.488208770752 18.4741249084473 18.4412498474121 18.4157085418701 18.3986663818359 18.338041305542 18.3438758850098 18.3326663970947 18.3543758392334 18.4063758850098 18.4617919921875 18.4906673431396 18.489917755127 18.5658740997314 18.6290416717529 18.6513328552246 18.6005821228027 18.5692081451416 18.570291519165 18.6202907562256 18.7142925262451 18.6924591064453 -3.4e+38 -3.4e+38 -3.4e+38 -3.4e+38 -3.4e+38 -3.4e+38 -3.4e+38 -3.4e+38 -3.4e+38 -3.4e+38 -3.4e+38 -3.4e+38 -3.4e+38 -3.4e+38 -3.4e+38 -3.4e+38 -3.4e+38 -3.4e+38 -3.4e+38 -3.4e+38
18.4286670684814 18.3972492218018 18.3903331756592 18.3784999847412 18.2944164276123 18.2541255950928 18.283332824707 18.3659992218018 18.4873332977295 18.4634170532227 18.4976673126221 18.4990425109863 18.4917087554932 18.4751663208008 18.4532508850098 18.4545841217041 18.423999786377 18.3824996948242 18.3355827331543 18.3566665649414 18.435583114624 18.4909591674805 18.5138759613037 18.5788745880127 18.638708114624 18.7003746032715 18.7003746032715 18.6957912445068 18.7152500152588 18.7496242523193 18.7912082672119 18.7295417785645 -3.4e+38 -3.4e+38 -3.4e+38 -3.4e+38 -3.4e+38 -3.4e+38 -3.4e+38 -3.4e+38 -3.4e+38 -3.4e+38 -3.4e+38 -3.4e+38 -3.4e+38 -3.4e+38 -3.4e+38 -3.4e+38 -3.4e+38 -3.4e+38 -3.4e+38 -3.4e+38 -3.4e+38
18.4179172515869 18.3390007019043 18.3320407867432 18.3442077636719 18.3063335418701 18.2822914123535 18.3575420379639 18.4526252746582 18.4919166564941 18.5074157714844 18.5100841522217 18.5374584197998 18.5202083587646 18.4958744049072 18.50950050354 18.5044994354248 18.4889583587646 18.4608745574951 18.4704170227051 18.4399166107178 18.4587078094482 18.5081672668457 18.5759162902832 18.6483745574951 18.7180843353271 18.765625 18.8034172058105 18.7884998321533 18.7758750915527 18.7651252746582 -3.4e+38 -3.4e+38 -3.4e+38 -3.4e+38 -3.4e+38 -3.4e+38 -3.4e+38 -3.4e+38 -3.4e+38 -3.4e+38 -3.4e+38 -3.4e+38 -3.4e+38 -3.4e+38 -3.4e+38 -3.4e+38 -3.4e+38 -3.4e+38 -3.4e+38 -3.4e+38 -3.4e+38 -3.4e+38 -3.4e+38
18.4233341217041 18.32204246521 18.2722911834717 18.2781658172607 18.2988338470459 18.339542388916 18.4391250610352 18.5027503967285 18.529541015625 18.5287075042725 18.5444583892822 18.5494575500488 18.5429172515869 18.5452079772949 18.5605411529541 18.5581245422363 18.5458335876465 18.5987911224365 18.6782493591309 18.6236248016357 18.5852508544922 18.609375 18.668249130249 18.69362449646 18.7099990844727 18.7859172821045 18.7967090606689 18.7565002441406 -3.4e+38 -3.4e+38 -3.4e+38 -3.4e+38 -3.4e+38 -3.4e+38 -3.4e+38 -3.4e+38 -3.4e+38 -3.4e+38 -3.4e+38 -3.4e+38 -3.4e+38 -3.4e+38 -3.4e+38 -3.4e+38 -3.4e+38 -3.4e+38 -3.4e+38 -3.4e+38 -3.4e+38 -3.4e+38 -3.4e+38 -3.4e+38 -3.4e+38
18.3924579620361 18.3507080078125 18.279125213623 18.3273334503174 18.3643341064453 18.3772087097168 18.4549160003662 18.517915725708 18.546501159668 18.5321674346924 18.5623741149902 18.5542488098145 18.5799160003662 18.6116256713867 18.6418743133545 18.6577491760254 18.6764583587646 18.7544174194336 18.7900009155273 18.7002086639404 18.7318744659424 18.7450408935547 18.7222080230713 18.7283325195312 18.7523326873779 18.7590408325195 18.7532501220703 -3.4e+38 -3.4e+38 -3.4e+38 -3.4e+38 -3.4e+38 -3.4e+38 -3.4e+38 -3.4e+38 -3.4e+38 -3.4e+38 -3.4e+38 -3.4e+38 -3.4e+38 -3.4e+38 -3.4e+38 -3.4e+38 -3.4e+38 -3.4e+38 -3.4e+38 -3.4e+38 -3.4e+38 -3.4e+38 -3.4e+38 -3.4e+38 -3.4e+38 -3.4e+38
18.4365005493164 18.4751243591309 18.4636249542236 18.4959163665771 18.4890003204346 18.4874591827393 18.5016250610352 18.5280838012695 18.547082901001 18.5513324737549 18.5753326416016 18.6116256713867 18.6671676635742 18.7232913970947 18.780834197998 18.8194160461426 18.8514175415039 18.8681259155273 18.8327503204346 18.8622074127197 18.851541519165 18.7893333435059 18.7962493896484 18.8333759307861 18.7460823059082 18.7138748168945 -3.4e+38 -3.4e+38 -3.4e+38 -3.4e+38 -3.4e+38 -3.4e+38 -3.4e+38 -3.4e+38 -3.4e+38 -3.4e+38 -3.4e+38 -3.4e+38 -3.4e+38 -3.4e+38 -3.4e+38 -3.4e+38 -3.4e+38 -3.4e+38 -3.4e+38 -3.4e+38 -3.4e+38 -3.4e+38 -3.4e+38 -3.4e+38 -3.4e+38 -3.4e+38 -3.4e+38
18.5072078704834 18.5550003051758 18.5465412139893 18.5430011749268 18.5839996337891 18.5896663665771 18.5739593505859 18.5737075805664 18.5775833129883 18.6012916564941 18.640417098999 18.7180824279785 18.775333404541 18.8312911987305 18.8622074127197 18.8947906494141 18.8933334350586 18.8596668243408 18.8660831451416 18.9175834655762 18.8980007171631 18.8937492370605 18.886625289917 18.7974166870117 18.7121658325195 -3.4e+38 -3.4e+38 -3.4e+38 -3.4e+38 -3.4e+38 -3.4e+38 -3.4e+38 -3.4e+38 -3.4e+38 -3.4e+38 -3.4e+38 -3.4e+38 -3.4e+38 -3.4e+38 -3.4e+38 -3.4e+38 -3.4e+38 -3.4e+38 -3.4e+38 -3.4e+38 -3.4e+38 -3.4e+38 -3.4e+38 -3.4e+38 -3.4e+38 -3.4e+38 -3.4e+38 -3.4e+38
