layers/avg_1930_tmean0.asc
NCOLS 292 
NROWS 291 
XLLCORNER -87.6458333327872 
YLLCORNER 24.4791666666667 
CELLSIZE 0.0416666666669039 
NODATA_value -3.4e+38 
[rows 48 to 71 of 291, columns 106 to 158 of 292]
16.3097496032715 16.3749160766602 16.4047508239746 16.421875 16.1805000305176 16.2042503356934 16.3934593200684 16.5252075195312 16.6231250762939 16.554500579834 16.4280834197998 16.4266662597656 16.437915802002 16.5123748779297 16.3392925262451 16.367000579834 16.3332920074463 16.3552093505859 16.3307075500488 16.2877502441406 16.2773761749268 16.2647495269775 16.2652492523193 16.2829990386963 16.2408752441406 16.2084999084473 16.267541885376 16.3125419616699 16.3453330993652 16.3881244659424 16.4130420684814 16.3456249237061 16.2268333435059 16.0955009460449 16.0252914428711 16.0387916564941 16.0120830535889 15.9994163513184 16.0011253356934 15.9898748397827 15.9207916259766 15.8527917861938 15.8912086486816 15.9252500534058 15.9745836257935 16.0363750457764 16.0883331298828 16.1334571838379 16.1892910003662 16.2323322296143 16.2691669464111 16.2924995422363 16.2859992980957
16.2654590606689 16.3116664886475 16.4928741455078 16.6153335571289 16.3387908935547 16.3759994506836 16.5302925109863 16.5408344268799 16.5721244812012 16.5262908935547 16.4989585876465 16.5199165344238 16.3851661682129 16.4090003967285 16.388542175293 16.4175415039062 16.3865833282471 16.3695411682129 16.3461246490479 16.326623916626 16.318416595459 16.3128337860107 16.3106670379639 16.2823753356934 16.2948741912842 16.2457504272461 16.3017921447754 16.4351673126221 16.4720420837402 16.576042175293 16.5518341064453 16.4539585113525 16.346040725708 16.25950050354 16.2449588775635 16.1707496643066 16.1384582519531 16.1421661376953 16.1042499542236 16.0546245574951 15.9948749542236 15.9632911682129 15.9764165878296 16.001916885376 16.0547924041748 16.1293754577637 16.1893329620361 16.2551670074463 16.2637920379639 16.314416885376 16.3523330688477 16.347957611084 16.3645839691162
16.2301254272461 16.2755832672119 16.4820423126221 16.5935840606689 16.4622077941895 16.3969173431396 16.4408740997314 16.4525413513184 16.4575004577637 16.4454174041748 16.4120407104492 16.3850421905518 16.4359169006348 16.3937911987305 16.4854583740234 16.4963760375977 16.437126159668 16.4270420074463 16.353084564209 16.3177909851074 16.3211250305176 16.3233337402344 16.3298740386963 16.3407077789307 16.3278751373291 16.2775421142578 16.3326663970947 16.4887924194336 16.6039581298828 16.6837921142578 16.6301670074463 16.5422496795654 16.4395408630371 16.4207496643066 16.3627490997314 16.283166885376 16.2623748779297 16.2723751068115 16.2134590148926 16.1480007171631 16.1303329467773 16.1105823516846 16.1176242828369 16.15625 16.2173328399658 16.2899589538574 16.3672924041748 16.3303337097168 16.3274173736572 16.3669166564941 16.382833480835 16.3850841522217 16.5036659240723
16.4192924499512 16.2692089080811 16.3419589996338 16.3598747253418 16.3639163970947 16.404125213623 16.4554576873779 16.5004577636719 16.4766674041748 16.4260406494141 16.4652500152588 16.4930419921875 16.435583114624 16.4372081756592 16.3975830078125 16.4339580535889 16.5376663208008 16.5287914276123 16.3911666870117 16.3627090454102 16.338249206543 16.341459274292 16.3502082824707 16.363374710083 16.3484172821045 16.2988758087158 16.367166519165 16.5053329467773 16.5931243896484 16.6499176025391 16.6010417938232 16.5717506408691 16.5385837554932 16.4753742218018 16.4216251373291 16.3821678161621 16.3697509765625 16.3417091369629 16.2961254119873 16.2870407104492 16.2988758087158 16.2699584960938 16.3629589080811 16.4703330993652 16.5108337402344 16.5696239471436 16.5771675109863 16.6136665344238 16.5335006713867 16.5892925262451 16.607084274292 16.6765422821045 16.6869163513184
16.253625869751 16.2370414733887 16.2789173126221 16.3310413360596 16.4048748016357 16.4890823364258 16.5494174957275 16.578125 16.5402488708496 16.4845409393311 16.4763336181641 16.3496246337891 16.3752498626709 16.4629173278809 16.4558753967285 16.4194583892822 16.5295009613037 16.4985008239746 16.4850826263428 16.4204597473145 16.4035835266113 16.4497909545898 16.4422073364258 16.4392910003662 16.3827075958252 16.3899993896484 16.4519577026367 16.4865417480469 16.5422496795654 16.5773334503174 16.5872497558594 16.5751247406006 16.554292678833 16.5203742980957 16.4807910919189 16.4591255187988 16.447416305542 16.4222507476807 16.4144992828369 16.3922080993652 16.3689994812012 16.4804172515869 16.5522079467773 16.5689582824707 16.673999786377 16.7394161224365 16.6702079772949 16.8782920837402 16.7181243896484 16.6415424346924 16.6626243591309 16.7016658782959 16.7918338775635
16.1630001068115 16.1779155731201 16.2357921600342 16.4073333740234 16.5622501373291 16.5030841827393 16.4953327178955 16.5814590454102 16.5273742675781 16.4802494049072 16.4042072296143 16.374792098999 16.4642906188965 16.4281673431396 16.5161247253418 16.4500007629395 16.4684581756592 16.4912090301514 16.4714164733887 16.4775829315186 16.4335842132568 16.4444160461426 16.5008335113525 16.5372924804688 16.4979591369629 16.5336666107178 16.6117916107178 16.5709171295166 16.5716247558594 16.550666809082 16.5791664123535 16.5998344421387 16.5691242218018 16.5393333435059 16.5387496948242 16.5266246795654 16.5158748626709 16.5223331451416 16.5121250152588 16.4887504577637 16.5049991607666 16.6209163665771 16.605167388916 16.6543750762939 16.8512496948242 16.7044162750244 16.6653327941895 16.871208190918 16.8697509765625 16.8150825500488 16.7581253051758 16.6735420227051 16.7759590148926
16.320125579834 16.3022079467773 16.3414573669434 16.4335422515869 16.6317920684814 16.5955410003662 16.6176662445068 16.5848751068115 16.4990425109863 16.3931255340576 16.2823333740234 16.4042091369629 16.484582901001 16.4354991912842 16.4262084960938 16.4623336791992 16.5069580078125 16.4871673583984 16.4262504577637 16.4026660919189 16.413875579834 16.4252090454102 16.4735832214355 16.5784168243408 16.577917098999 16.5843334197998 16.5856246948242 16.5976257324219 16.6130409240723 16.5923328399658 16.6127090454102 16.6231670379639 16.6276245117188 16.57200050354 16.5616664886475 16.5737915039062 16.5925827026367 16.5718326568604 16.5578746795654 16.5435409545898 16.5985412597656 16.635124206543 16.6964588165283 16.8067493438721 16.8847923278809 16.7775421142578 16.7719993591309 16.8928756713867 16.8310832977295 16.7468338012695 16.6726245880127 16.6364994049072 16.6884994506836
16.3332500457764 16.3392925262451 16.4988327026367 16.4575843811035 16.5812072753906 16.5393333435059 16.5417079925537 16.4896659851074 16.4777908325195 16.3805828094482 16.2540416717529 16.3033752441406 16.2971248626709 16.4184989929199 16.3812084197998 16.4217510223389 16.498291015625 16.4823322296143 16.4344577789307 16.4277076721191 16.4442501068115 16.4130001068115 16.4272499084473 16.5344581604004 16.5315837860107 16.4922504425049 16.5275001525879 16.5630836486816 16.6019592285156 16.6166248321533 16.6165828704834 16.6397914886475 16.650749206543 16.581916809082 16.5757503509521 16.5962505340576 16.6124572753906 16.5952491760254 16.6027908325195 16.6396656036377 16.746000289917 16.7300415039062 16.839958190918 16.8664169311523 16.9462509155273 16.9535827636719 16.8316249847412 16.9248332977295 16.8461666107178 16.713207244873 16.6504573822021 16.712833404541 16.6122093200684
16.3235836029053 16.2893333435059 16.4654159545898 16.5810413360596 16.5869998931885 16.527042388916 16.4207077026367 16.3230419158936 16.2892913818359 16.287166595459 16.2852077484131 16.1360416412354 16.2949161529541 16.4090423583984 16.4118328094482 16.5162506103516 16.5224590301514 16.4579582214355 16.4290828704834 16.443208694458 16.4466667175293 16.4259166717529 16.4565010070801 16.5004577636719 16.5157909393311 16.4537925720215 16.4628753662109 16.5029582977295 16.5789585113525 16.6321659088135 16.6380405426025 16.6258335113525 16.6204586029053 16.5686664581299 16.5772094726562 16.5888748168945 16.6158752441406 16.6081237792969 16.6162090301514 16.6738758087158 16.7870006561279 16.9089164733887 16.888916015625 16.9162082672119 16.9684162139893 17.0449161529541 16.9623756408691 16.9352073669434 16.9286251068115 16.8223323822021 16.7660007476807 16.8142910003662 16.800666809082
16.3850421905518 16.3068752288818 16.3732509613037 16.4646244049072 16.4553337097168 16.4106674194336 16.3432083129883 16.3600826263428 16.2461242675781 16.1550827026367 16.0767078399658 16.1127090454102 16.3314170837402 16.4802074432373 16.516040802002 16.581958770752 16.560791015625 16.4958744049072 16.4882507324219 16.4949169158936 16.4370422363281 16.4561252593994 16.4735412597656 16.4992923736572 16.5026245117188 16.5091667175293 16.5107917785645 16.5834579467773 16.6215000152588 16.6370010375977 16.683666229248 16.6634578704834 16.6455001831055 16.5782508850098 16.5756664276123 16.5747909545898 16.5962924957275 16.5991249084473 16.6236667633057 16.7482089996338 16.7620830535889 16.8594589233398 16.8351249694824 16.8207912445068 16.8583755493164 16.9134578704834 16.9853343963623 17.0805416107178 16.9596672058105 16.982458114624 16.9408740997314 16.9188747406006 16.7892913818359
16.3539581298828 16.2945823669434 16.2313747406006 16.1784992218018 16.3034172058105 16.2077503204346 16.3290424346924 16.2233753204346 16.189416885376 16.2478332519531 16.1929168701172 16.1735000610352 16.3290405273438 16.570333480835 16.6238327026367 16.6896667480469 16.6958332061768 16.6229991912842 16.5444583892822 16.5394172668457 16.4850006103516 16.5821666717529 16.5697078704834 16.5285415649414 16.5522918701172 16.5542087554932 16.5561656951904 16.5647506713867 16.5960426330566 16.6510009765625 16.6913757324219 16.6976661682129 16.6965007781982 16.5834579467773 16.6602077484131 16.6744575500488 16.7024593353271 16.7176666259766 16.7661247253418 16.8104991912842 16.8415832519531 16.8952083587646 16.9482078552246 16.9304580688477 16.947416305542 16.9842491149902 17.0433750152588 17.0322914123535 17.0403327941895 17.1210842132568 17.0025005340576 16.9249172210693 16.8271255493164
16.4601249694824 16.4716262817383 16.4069995880127 16.1978340148926 15.9994173049927 16.1008338928223 16.1514167785645 16.1830005645752 16.3017921447754 16.1585006713867 16.1620006561279 16.2729167938232 16.3833332061768 16.5120410919189 16.6219577789307 16.747875213623 16.7458744049072 16.734790802002 16.7044162750244 16.6630420684814 16.6518745422363 16.6798324584961 16.6203746795654 16.5814170837402 16.5623760223389 16.5575008392334 16.5921249389648 16.6171245574951 16.6529579162598 16.6673336029053 16.6432914733887 16.6433334350586 16.6880416870117 16.5751667022705 16.5585842132568 16.616792678833 16.6805000305176 16.7348327636719 16.8638744354248 16.9817924499512 17.0120410919189 17.0204162597656 17.0220413208008 17.0615844726562 17.0537910461426 17.0440826416016 17.0665836334229 17.0894165039062 17.058708190918 17.1962089538574 17.2380828857422 17.0642509460449 17.0535411834717
16.4425411224365 16.4694576263428 16.4475421905518 16.229959487915 16.0628757476807 15.9361667633057 15.9700412750244 16.2318744659424 16.1849575042725 16.2835006713867 16.1922092437744 16.2870006561279 16.4036674499512 16.5186672210693 16.6350002288818 16.7825412750244 16.8079166412354 16.8001670837402 16.7555828094482 16.7104167938232 16.713041305542 16.7552089691162 16.7012500762939 16.6710414886475 16.6822910308838 16.6574592590332 16.6894989013672 16.8568325042725 16.8522090911865 16.8167495727539 16.7072505950928 16.7725830078125 16.6798324584961 16.667875289917 16.7148742675781 16.7878761291504 16.8326244354248 16.8472499847412 16.9963340759277 17.0805835723877 17.1235408782959 17.1203746795654 17.1259174346924 17.1338329315186 17.1073341369629 17.1256656646729 17.1565837860107 17.1772918701172 17.2247085571289 17.3050422668457 17.3739166259766 17.3531246185303 17.367374420166
16.6096668243408 16.4281673431396 16.3424587249756 16.3105411529541 16.1947078704834 15.9614582061768 15.8949165344238 16.0841674804688 16.1308326721191 16.0353336334229 16.0814990997314 16.2552509307861 16.4669589996338 16.5564155578613 16.6374588012695 16.7756252288818 16.8471260070801 16.8234577178955 16.7727928161621 16.7732925415039 16.7794170379639 16.7618751525879 16.7738342285156 16.7748336791992 16.8034591674805 16.8384170532227 16.9301242828369 17.0110416412354 17.0109577178955 16.9382915496826 16.8793754577637 16.8680839538574 16.8261241912842 16.7712497711182 16.763334274292 16.8177490234375 16.8491668701172 16.9473342895508 16.9868755340576 17.0593338012695 17.029748916626 17.0545406341553 17.0715827941895 17.1432075500488 17.1417503356934 17.1846256256104 17.1839580535889 17.2018756866455 17.3672504425049 17.5213756561279 17.4911251068115 17.5134162902832 17.3448753356934
16.641040802002 16.6387920379639 16.4473743438721 16.3012504577637 16.2865409851074 16.2518329620361 16.0039577484131 15.9995832443237 16.0332088470459 16.0571670532227 16.1485824584961 16.2279167175293 16.4403343200684 16.5531253814697 16.698709487915 16.796459197998 16.843957901001 16.8504161834717 16.7942924499512 16.8077907562256 16.8160839080811 16.8135833740234 16.8738746643066 16.9585418701172 17.0334587097168 16.9997501373291 17.0948333740234 17.1142921447754 17.0690422058105 17.0714588165283 17.0396671295166 16.9849166870117 16.8860836029053 16.8312511444092 16.7930011749268 16.9087924957275 16.9052505493164 16.8802089691162 16.9327907562256 17.0827083587646 17.0695419311523 17.0097923278809 17.0922088623047 17.0522499084473 17.0326251983643 17.0795001983643 16.9968338012695 17.1426677703857 17.322416305542 17.3478755950928 17.3659172058105 17.482250213623 17.4373340606689
16.8273754119873 16.7367916107178 16.6566257476807 16.5911674499512 16.6107921600342 16.4115409851074 16.3877506256104 16.3212509155273 16.2725410461426 16.3495407104492 16.2594585418701 16.4665832519531 16.6528339385986 16.7496662139893 16.7620410919189 16.7856674194336 16.8148326873779 16.845458984375 16.8322505950928 16.894458770752 17.0138740539551 17.0249996185303 17.1005420684814 17.1087493896484 17.1987495422363 17.2194995880127 17.2277908325195 17.1712493896484 17.24391746521 17.2626667022705 17.2297077178955 17.1337909698486 17.0329990386963 16.9937496185303 16.9554176330566 16.9592914581299 16.9247493743896 16.9075412750244 17.0462093353271 17.0473327636719 17.0836658477783 17.0550842285156 16.9876251220703 16.8667907714844 16.9251670837402 17.0944576263428 17.1549167633057 17.2425003051758 17.2851238250732 17.3641242980957 17.4622077941895 17.6482086181641 17.6753330230713
16.9297924041748 16.8620834350586 16.7714996337891 16.8018341064453 16.7164993286133 16.6148338317871 16.4926662445068 16.3797073364258 16.3597507476807 16.4972076416016 16.5917911529541 16.7757091522217 16.8569164276123 16.8680000305176 16.8105411529541 16.8505001068115 16.8549995422363 16.8714580535889 16.9181671142578 17.0233745574951 17.1494178771973 17.1629161834717 17.1553325653076 17.2315006256104 17.3521671295166 17.3432083129883 17.2435836791992 17.3952083587646 17.4179172515869 17.4107494354248 17.3943328857422 17.3087921142578 17.2167091369629 17.0808753967285 17.0650825500488 17.0689163208008 17.0149173736572 17.0562915802002 17.0852088928223 17.0289173126221 16.9292087554932 16.9056663513184 16.9292488098145 16.8753757476807 16.9419593811035 17.047082901001 17.2221240997314 17.2219161987305 17.3279590606689 17.5490837097168 17.6107921600342 17.5695419311523 17.822624206543
16.9531669616699 16.9343757629395 16.8858757019043 16.8264999389648 16.6509590148926 16.5174160003662 16.4624576568604 16.5034160614014 16.7129173278809 16.8108749389648 16.8341674804688 17.0015830993652 17.0121669769287 16.9358749389648 16.91579246521 16.8423748016357 16.9012489318848 16.9724159240723 17.1048755645752 17.2105007171631 17.3146667480469 17.3346672058105 17.2936248779297 17.3861656188965 17.417667388916 17.4683322906494 17.5197906494141 17.5745410919189 17.5599174499512 17.5187911987305 17.4718341827393 17.4203338623047 17.3230419158936 17.2356662750244 17.2129173278809 17.1422500610352 17.0962505340576 17.1914157867432 17.0743751525879 17.0030841827393 17.0791244506836 17.0757083892822 17.1399993896484 16.9987907409668 17.0594577789307 17.1081657409668 17.2700004577637 17.3209171295166 17.320499420166 17.3626670837402 17.4562911987305 17.4040412902832 17.6647071838379
16.9155006408691 16.9204158782959 16.9018745422363 16.8680839538574 16.7765007019043 16.7313327789307 16.6841659545898 16.7977905273438 16.9212493896484 16.9189586639404 16.9939594268799 17.1172504425049 17.1181659698486 17.0596675872803 16.9508743286133 16.89674949646 17.0094165802002 17.1796245574951 17.2124996185303 17.3353328704834 17.4812088012695 17.5081253051758 17.4919166564941 17.4759178161621 17.5351657867432 17.5562915802002 17.6285820007324 17.6352920532227 17.5836658477783 17.5440006256104 17.4719581604004 17.4132080078125 17.3831672668457 17.3616237640381 17.2152919769287 17.2353324890137 17.2718334197998 17.2303333282471 17.1787071228027 17.1819171905518 17.4148750305176 17.3664169311523 17.4097919464111 17.2174167633057 17.2409591674805 17.2194156646729 17.0787086486816 17.2572498321533 17.1400413513184 17.2454166412354 17.328540802002 17.2820835113525 17.4925003051758
16.8635005950928 16.8831672668457 16.9078750610352 16.9121246337891 16.8195419311523 16.7584171295166 16.8077087402344 16.9958324432373 17.0719165802002 17.1019172668457 17.1482086181641 17.1517906188965 17.1414585113525 17.088249206543 17.0599575042725 17.1751670837402 17.209415435791 17.2299575805664 17.3034591674805 17.3838748931885 17.4269580841064 17.4780006408691 17.5462493896484 17.5366249084473 17.6231670379639 17.6917495727539 17.7061252593994 17.6415824890137 17.5715408325195 17.5516242980957 17.533540725708 17.4537506103516 17.4107093811035 17.3562908172607 17.4306659698486 17.5443744659424 17.5580825805664 17.4566249847412 17.4696254730225 17.3898334503174 17.4851665496826 17.58424949646 17.6636257171631 17.4665412902832 17.3633327484131 17.4787921905518 17.3385410308838 17.3240413665771 17.2937507629395 17.2154579162598 17.2779159545898 17.3111248016357 17.5114994049072
16.8227500915527 16.867000579834 16.9015007019043 16.918249130249 16.8836250305176 16.7982921600342 16.9176254272461 17.0037498474121 17.1102504730225 17.0971660614014 17.1685409545898 17.2606258392334 17.251708984375 17.2168750762939 17.3127498626709 17.2892074584961 17.2516670227051 17.2403335571289 17.2875843048096 17.3605823516846 17.4538326263428 17.4675426483154 17.4951248168945 17.5888748168945 17.6160831451416 17.7454166412354 17.6584587097168 17.6331253051758 17.6587085723877 17.8206672668457 17.7509574890137 17.6389579772949 17.4837074279785 17.5867919921875 17.6408748626709 17.5480003356934 17.6981658935547 17.7586669921875 17.6826667785645 17.738166809082 17.4976673126221 17.5087909698486 17.653959274292 17.650749206543 17.4957084655762 17.5685405731201 17.5393333435059 17.5436668395996 17.3793334960938 17.4299583435059 17.5518321990967 17.5070838928223 17.5405426025391
16.7706661224365 16.830041885376 16.8968753814697 16.9184589385986 16.9085426330566 16.9431667327881 17.0637493133545 17.07200050354 17.0275840759277 17.0524578094482 17.1395416259766 17.2473754882812 17.2474174499512 17.3330001831055 17.3160419464111 17.330415725708 17.3683757781982 17.3834171295166 17.4335422515869 17.4812908172607 17.5103340148926 17.5313758850098 17.5661659240723 17.6103324890137 17.660249710083 17.7666244506836 17.7950000762939 17.8150005340576 17.902416229248 17.8874588012695 17.8518333435059 17.7747077941895 17.562292098999 17.6742076873779 17.7532920837402 17.7665004730225 17.7315425872803 17.8797492980957 17.9688758850098 17.7756671905518 17.7565822601318 17.5161247253418 17.4772090911865 17.6207084655762 17.5765838623047 17.6889591217041 17.7471256256104 17.655876159668 17.5249176025391 17.5516662597656 17.5415840148926 17.6873321533203 17.6552085876465
16.7096672058105 16.7813339233398 16.86887550354 16.9439582824707 16.9502086639404 16.9679164886475 17.0011672973633 17.0687923431396 17.0524997711182 16.982458114624 17.0831661224365 17.1412925720215 17.1943759918213 17.3380832672119 17.3174991607666 17.3082504272461 17.4350833892822 17.5266666412354 17.5225830078125 17.5177917480469 17.503791809082 17.4586658477783 17.5738754272461 17.6660003662109 17.7555408477783 17.7716255187988 17.9201259613037 17.9420413970947 18.0137920379639 17.9885406494141 17.902250289917 17.7722911834717 17.7200832366943 17.8688335418701 17.9444160461426 17.8446674346924 17.8933753967285 17.8120002746582 17.9400825500488 18.0219993591309 17.8448753356934 17.609582901001 17.5666675567627 17.4888324737549 17.496000289917 17.6371250152588 17.5632076263428 17.6999588012695 17.7526664733887 17.6753749847412 17.6515007019043 17.7647495269775 17.7531242370605
16.7537498474121 16.7459163665771 16.800874710083 16.9144992828369 16.9634590148926 16.96875 16.9703330993652 16.9952087402344 17.0277919769287 17.0340404510498 17.0440006256104 17.0576667785645 17.1804161071777 17.2917499542236 17.2556247711182 17.4555835723877 17.5437908172607 17.5692081451416 17.486291885376 17.404167175293 17.4334163665771 17.4461250305176 17.5133743286133 17.6871242523193 17.8691673278809 17.9026660919189 17.8114166259766 17.9937496185303 18.1050415039062 18.0568332672119 17.8675842285156 17.8147087097168 18.0052909851074 18.0085411071777 18.0554580688477 17.9286670684814 18.0544166564941 17.9698753356934 17.902250289917 17.9714164733887 18.0105419158936 17.7642078399658 17.6250419616699 17.6543750762939 17.6607913970947 17.638708114624 17.5897083282471 17.6579170227051 17.6717090606689 17.804292678833 17.8356246948242 17.779333114624 17.8581657409668
