layers/avg_1930_ppt0.asc
NCOLS 292 
NROWS 291 
XLLCORNER -87.6458333327872 
YLLCORNER 24.4791666666667 
CELLSIZE 0.0416666666669039 
NODATA_value -3.4e+38 
[rows 24 to 47 of 291, columns 53 to 105 of 292]
-3.4e+38 -3.4e+38 -3.4e+38 -3.4e+38 -3.4e+38 -3.4e+38 -3.4e+38 -3.4e+38 -3.4e+38 -3.4e+38 -3.4e+38 -3.4e+38 -3.4e+38 -3.4e+38 -3.4e+38 -3.4e+38 -3.4e+38 -3.4e+38 -3.4e+38 -3.4e+38 -3.4e+38 -3.4e+38 -3.4e+38 -3.4e+38 -3.4e+38 -3.4e+38 -3.4e+38 -3.4e+38 -3.4e+38 -3.4e+38 -3.4e+38 -3.4e+38 -3.4e+38 -3.4e+38 -3.4e+38 -3.4e+38 -3.4e+38 -3.4e+38 -3.4e+38 -3.4e+38 -3.4e+38 -3.4e+38 -3.4e+38 -3.4e+38 -3.4e+38 -3.4e+38 -3.4e+38 1444.60595703125 1273.77600097656 1211.38793945312 1100.59997558594 1156.90002441406 1103.93395996094
-3.4e+38 -3.4e+38 -3.4e+38 -3.4e+38 -3.4e+38 -3.4e+38 -3.4e+38 -3.4e+38 -3.4e+38 -3.4e+38 -3.4e+38 -3.4e+38 -3.4e+38 -3.4e+38 -3.4e+38 -3.4e+38 -3.4e+38 -3.4e+38 -3.4e+38 -3.4e+38 -3.4e+38 -3.4e+38 -3.4e+38 -3.4e+38 -3.4e+38 -3.4e+38 -3.4e+38 -3.4e+38 -3.4e+38 -3.4e+38 -3.4e+38 -3.4e+38 -3.4e+38 -3.4e+38 -3.4e+38 -3.4e+38 -3.4e+38 -3.4e+38 -3.4e+38 1329.10998535156 1308.083984375 1313.41198730469 1235.88098144531 1225.75500488281 1311.03698730469 1342.38195800781 1448.34399414062 1341.07397460938 1159.31201171875 1233.50402832031 1138.05395507812 1072.47595214844 1101.13806152344
-3.4e+38 -3.4e+38 -3.4e+38 -3.4e+38 -3.4e+38 -3.4e+38 -3.4e+38 -3.4e+38 -3.4e+38 -3.4e+38 -3.4e+38 -3.4e+38 -3.4e+38 -3.4e+38 -3.4e+38 -3.4e+38 -3.4e+38 -3.4e+38 -3.4e+38 -3.4e+38 -3.4e+38 -3.4e+38 -3.4e+38 -3.4e+38 -3.4e+38 -3.4e+38 -3.4e+38 -3.4e+38 -3.4e+38 -3.4e+38 -3.4e+38 -3.4e+38 -3.4e+38 -3.4e+38 -3.4e+38 -3.4e+38 -3.4e+38 1319.99694824219 1305.0390625 1239.45495605469 1201.623046875 1210.35900878906 1212.42797851562 1237.76501464844 1169.43505859375 1162.96301269531 1191.81298828125 1190.83203125 1100.69201660156 1117.59594726562 1080.09106445312 1058.65502929688 1132.39904785156
-3.4e+38 -3.4e+38 -3.4e+38 -3.4e+38 -3.4e+38 -3.4e+38 -3.4e+38 -3.4e+38 -3.4e+38 -3.4e+38 -3.4e+38 -3.4e+38 -3.4e+38 -3.4e+38 -3.4e+38 -3.4e+38 -3.4e+38 -3.4e+38 -3.4e+38 -3.4e+38 -3.4e+38 -3.4e+38 -3.4e+38 -3.4e+38 -3.4e+38 -3.4e+38 -3.4e+38 -3.4e+38 -3.4e+38 -3.4e+38 -3.4e+38 -3.4e+38 -3.4e+38 -3.4e+38 -3.4e+38 -3.4e+38 1179.32202148438 1143.84802246094 1140.79602050781 1124.03405761719 1112.25695800781 1106.45703125 1145.57995605469 1123.56396484375 1051.89306640625 1049.208984375 1073.96301269531 1076.69299316406 1047.34497070312 1026.14697265625 1016.01599121094 1030.67297363281 1081.67297363281
-3.4e+38 -3.4e+38 -3.4e+38 -3.4e+38 -3.4e+38 -3.4e+38 -3.4e+38 -3.4e+38 -3.4e+38 -3.4e+38 -3.4e+38 -3.4e+38 -3.4e+38 -3.4e+38 -3.4e+38 -3.4e+38 -3.4e+38 -3.4e+38 -3.4e+38 -3.4e+38 -3.4e+38 -3.4e+38 -3.4e+38 -3.4e+38 -3.4e+38 -3.4e+38 -3.4e+38 -3.4e+38 -3.4e+38 -3.4e+38 -3.4e+38 -3.4e+38 -3.4e+38 -3.4e+38 1301.85302734375 1343.4169921875 1251.12805175781 1156.2939453125 1193.53198242188 1238.57897949219 1108.34802246094 1016.23498535156 1017.70098876953 1017.67401123047 1011.03698730469 1023.30902099609 1053.81994628906 1043.43896484375 1072.42895507812 1040.375 999.166015625 1034.416015625 1100.17004394531
-3.4e+38 -3.4e+38 -3.4e+38 -3.4e+38 -3.4e+38 -3.4e+38 -3.4e+38 -3.4e+38 -3.4e+38 -3.4e+38 -3.4e+38 -3.4e+38 -3.4e+38 -3.4e+38 -3.4e+38 -3.4e+38 -3.4e+38 -3.4e+38 -3.4e+38 -3.4e+38 -3.4e+38 -3.4e+38 -3.4e+38 -3.4e+38 -3.4e+38 -3.4e+38 -3.4e+38 -3.4e+38 -3.4e+38 -3.4e+38 -3.4e+38 -3.4e+38 -3.4e+38 -3.4e+38 1535.8759765625 1499.21301269531 1316.45397949219 1144.84497070312 1209.76000976562 1264.41296386719 1211.7470703125 1096.39196777344 1051.16101074219 1056.0849609375 1055.42395019531 1032.39697265625 1048.00402832031 1062.19897460938 1112.03198242188 1082.40197753906 1047.39294433594 1020.24700927734 1002.626953125
-3.4e+38 -3.4e+38 -3.4e+38 -3.4e+38 -3.4e+38 -3.4e+38 -3.4e+38 -3.4e+38 -3.4e+38 -3.4e+38 -3.4e+38 -3.4e+38 -3.4e+38 -3.4e+38 -3.4e+38 -3.4e+38 -3.4e+38 -3.4e+38 -3.4e+38 -3.4e+38 -3.4e+38 -3.4e+38 -3.4e+38 -3.4e+38 -3.4e+38 -3.4e+38 -3.4e+38 -3.4e+38 -3.4e+38 -3.4e+38 -3.4e+38 -3.4e+38 -3.4e+38 -3.4e+38 1549.08703613281 1417.11193847656 1257.21704101562 1159.07202148438 1133.00695800781 1155.666015625 1193.27600097656 1267.6259765625 1336.43994140625 1140.29797363281 1068.07604980469 1065.77502441406 1077.251953125 1117.28198242188 1068.50402832031 1069.61901855469 1090.81298828125 1040.02197265625 978.835021972656
-3.4e+38 -3.4e+38 -3.4e+38 -3.4e+38 -3.4e+38 -3.4e+38 -3.4e+38 -3.4e+38 -3.4e+38 -3.4e+38 -3.4e+38 -3.4e+38 -3.4e+38 -3.4e+38 -3.4e+38 -3.4e+38 -3.4e+38 -3.4e+38 -3.4e+38 -3.4e+38 -3.4e+38 -3.4e+38 -3.4e+38 -3.4e+38 -3.4e+38 -3.4e+38 -3.4e+38 -3.4e+38 -3.4e+38 -3.4e+38 -3.4e+38 -3.4e+38 -3.4e+38 -3.4e+38 1653.99597167969 1537.28198242188 1303.71704101562 1232.01306152344 1223.38000488281 1213.03002929688 1235.56005859375 1296.02600097656 1255.73498535156 1262.83703613281 1273.93994140625 1185.7099609375 1074.88000488281 1055.43603515625 1004.84600830078 963.224975585938 1045.0439453125 1063.5830078125 1046.07800292969
-3.4e+38 -3.4e+38 -3.4e+38 -3.4e+38 -3.4e+38 -3.4e+38 -3.4e+38 -3.4e+38 -3.4e+38 -3.4e+38 -3.4e+38 -3.4e+38 -3.4e+38 -3.4e+38 -3.4e+38 -3.4e+38 -3.4e+38 -3.4e+38 -3.4e+38 -3.4e+38 -3.4e+38 -3.4e+38 -3.4e+38 -3.4e+38 -3.4e+38 -3.4e+38 -3.4e+38 -3.4e+38 1116.65197753906 1155.98803710938 -3.4e+38 -3.4e+38 1451.86401367188 1613.56298828125 1699.19201660156 1600.95703125 1496.47998046875 1404.85107421875 1330.77294921875 1330.82104492188 1293.41796875 1273.52404785156 1251.14599609375 1255.76501464844 1345.47094726562 1298.22497558594 1154.76196289062 1082.00500488281 1000.23303222656 989.309997558594 1034.42004394531 1093.47302246094 1137.60998535156
-3.4e+38 -3.4e+38 -3.4e+38 -3.4e+38 -3.4e+38 -3.4e+38 -3.4e+38 -3.4e+38 -3.4e+38 -3.4e+38 -3.4e+38 -3.4e+38 -3.4e+38 -3.4e+38 -3.4e+38 -3.4e+38 -3.4e+38 -3.4e+38 -3.4e+38 -3.4e+38 -3.4e+38 -3.4e+38 -3.4e+38 -3.4e+38 -3.4e+38 -3.4e+38 -3.4e+38 -3.4e+38 1074.88500976562 1120.40795898438 1175.62097167969 1184.57104492188 1274.45300292969 1374.20300292969 1436.59802246094 1518.81103515625 1348.17700195312 1245.43896484375 1226.14697265625 1222.41003417969 1252.23400878906 1300.82397460938 1272.07897949219 1286.77795410156 1340.74401855469 1256.93493652344 1171.11901855469 1148.09204101562 1060.30700683594 1001.27899169922 1017.5419921875 1078.95202636719 1120.74096679688
-3.4e+38 -3.4e+38 -3.4e+38 -3.4e+38 -3.4e+38 -3.4e+38 -3.4e+38 -3.4e+38 -3.4e+38 -3.4e+38 -3.4e+38 -3.4e+38 -3.4e+38 -3.4e+38 -3.4e+38 -3.4e+38 -3.4e+38 -3.4e+38 -3.4e+38 -3.4e+38 -3.4e+38 -3.4e+38 -3.4e+38 -3.4e+38 -3.4e+38 -3.4e+38 -3.4e+38 1059.32104492188 1062.61901855469 1071.29699707031 1078.76403808594 1145.69201660156 1185.15002441406 1183.82006835938 1304.15502929688 1233.67102050781 1156.75500488281 1198.65295410156 1237.00695800781 1262.39794921875 1311.76293945312 1296.3720703125 1263.57897949219 1301.23706054688 1357.72595214844 1263.75805664062 1186.03698730469 1131.49597167969 1072.46496582031 1032.19799804688 1036.82604980469 1074.96594238281 1154.06494140625
-3.4e+38 -3.4e+38 -3.4e+38 -3.4e+38 -3.4e+38 -3.4e+38 -3.4e+38 -3.4e+38 -3.4e+38 -3.4e+38 -3.4e+38 -3.4e+38 -3.4e+38 -3.4e+38 -3.4e+38 -3.4e+38 -3.4e+38 -3.4e+38 -3.4e+38 -3.4e+38 -3.4e+38 -3.4e+38 -3.4e+38 -3.4e+38 -3.4e+38 -3.4e+38 -3.4e+38 1072.5849609375 1073.00903320312 1073.166015625 1074.59301757812 1091.09802246094 1105.52502441406 1146.07604980469 1139.14196777344 1128.90893554688 1168.01403808594 1275.98596191406 1287.54895019531 1299.21997070312 1354.36596679688 1277.34802246094 1254.97497558594 1263.14697265625 1336.45300292969 1351.97900390625 1210.22900390625 1206.86596679688 1144.06701660156 1065.75805664062 1113.24694824219 1110.05798339844 1160.94995117188
-3.4e+38 -3.4e+38 -3.4e+38 -3.4e+38 -3.4e+38 -3.4e+38 -3.4e+38 -3.4e+38 -3.4e+38 -3.4e+38 -3.4e+38 -3.4e+38 -3.4e+38 -3.4e+38 -3.4e+38 -3.4e+38 -3.4e+38 -3.4e+38 -3.4e+38 -3.4e+38 -3.4e+38 -3.4e+38 -3.4e+38 -3.4e+38 -3.4e+38 -3.4e+38 -3.4e+38 1076.5009765625 1092.31396484375 1097.10400390625 1096.3330078125 1097.40795898438 1091.83203125 1094.54296875 1096.95300292969 1104.46398925781 1136.416015625 1145.98901367188 1141.53601074219 1146.17395019531 1149.30102539062 1158.89294433594 1211.52294921875 1250.126953125 1354.55102539062 1422.76403808594 1485.59094238281 1391.23999023438 1238.55200195312 1090.61499023438 1130.40502929688 1202.72204589844 1246.48901367188
-3.4e+38 -3.4e+38 -3.4e+38 -3.4e+38 -3.4e+38 -3.4e+38 -3.4e+38 -3.4e+38 -3.4e+38 -3.4e+38 -3.4e+38 -3.4e+38 -3.4e+38 -3.4e+38 -3.4e+38 -3.4e+38 -3.4e+38 -3.4e+38 -3.4e+38 -3.4e+38 -3.4e+38 -3.4e+38 -3.4e+38 -3.4e+38 -3.4e+38 -3.4e+38 -3.4e+38 1069.87194824219 1099.70495605469 1098.91906738281 1108.42993164062 1105.48303222656 1094.6259765625 1094.9140625 1092.82104492188 1091.63305664062 1113.0810546875 1113.21594238281 1104.99597167969 1102.28295898438 1119.78405761719 1148.73498535156 1140.82104492188 1128.06005859375 1331.98303222656 1471.92199707031 1642.03198242188 1608.03796386719 1297.19201660156 1122.19201660156 1203.88208007812 1358.86401367188 1422.58703613281
-3.4e+38 -3.4e+38 -3.4e+38 -3.4e+38 -3.4e+38 -3.4e+38 -3.4e+38 -3.4e+38 -3.4e+38 -3.4e+38 -3.4e+38 -3.4e+38 -3.4e+38 -3.4e+38 -3.4e+38 -3.4e+38 -3.4e+38 -3.4e+38 -3.4e+38 -3.4e+38 -3.4e+38 -3.4e+38 -3.4e+38 -3.4e+38 -3.4e+38 -3.4e+38 -3.4e+38 1043.76501464844 1056.15795898438 1062.04797363281 1072.25 1077.85595703125 1081.42297363281 1097.81103515625 1098.42700195312 1077.30895996094 1064.00305175781 1072.71398925781 1082.74597167969 1076.50402832031 1092.15795898438 1153.83703613281 1187.59301757812 1232.45397949219 1311.98193359375 1348.95397949219 1578.61706542969 1485.79504394531 1348.1650390625 1191.31494140625 1312.73400878906 1406.22399902344 1353.89697265625
999.940002441406 1031.60900878906 1000.99603271484 997.916015625 997.231994628906 1000.58197021484 1004.58599853516 1000.19604492188 995.888000488281 994.548034667969 1001.08599853516 1009.76501464844 1017.31298828125 1023.00402832031 1020.6259765625 1005.88299560547 996.516967773438 1012.333984375 1025.03002929688 1048.13598632812 1078.93798828125 1114.91296386719 1111.8740234375 1059.21899414062 1033.28601074219 1038.45397949219 1044.75305175781 1052.90295410156 1049.65698242188 1044.9189453125 1063.87902832031 1068.62194824219 1067.97998046875 1078.21606445312 1083.13806152344 1081.58898925781 1085.80505371094 1033.7109375 1057.48095703125 1070.55895996094 1076.92797851562 1190.37805175781 1250.90100097656 1259.10400390625 1284.0390625 1279.39099121094 1338.2890625 1426.1640625 1328.62194824219 1287.01403808594 1454.50903320312 1464.29504394531 1350.88903808594
1035.07104492188 1019.33697509766 995.179992675781 991.320983886719 985.363037109375 992.846008300781 998.698974609375 988.659973144531 981.844970703125 982.447021484375 992.880004882812 1003.66400146484 1013.14196777344 1023.98901367188 1023.03399658203 1016.19799804688 1014.39697265625 1027.02795410156 1047.42199707031 1091.2060546875 1249.72302246094 1206.16003417969 1156.36596679688 1078.51000976562 1061.36193847656 1065.94201660156 1060.92199707031 1069.82104492188 1073.24096679688 1069.69396972656 1070.08703613281 1060.37097167969 1050.46606445312 1055.51293945312 1065.96594238281 1086.57397460938 1105.98095703125 1047.30102539062 1080.92004394531 1126.46997070312 1093.04699707031 1129.65698242188 1205.748046875 1260.20397949219 1306.85192871094 1261.28503417969 1297.5419921875 1412.13903808594 1429.44702148438 1404.6640625 1422.42700195312 1292.94702148438 1230.7880859375
1058.55798339844 1019.13195800781 998.377990722656 985.192016601562 983.953979492188 992.43701171875 995.950012207031 986.081970214844 975.346008300781 977.911010742188 993.192016601562 1000.32397460938 1007.77697753906 1018.65600585938 1016.45599365234 1014.72698974609 1016.85302734375 1043.166015625 1116.25598144531 1188.64001464844 1278.35705566406 1286.70495605469 1228.44006347656 1163.56799316406 1109.30297851562 1088.70300292969 1079.93298339844 1086.26904296875 1087.06994628906 1075.53796386719 1052.58703613281 1034.56201171875 1033.56799316406 1057.373046875 1061.00402832031 1064.46899414062 1088.4580078125 1088.7900390625 1108.31994628906 1134.916015625 1133.64904785156 1197.03198242188 1289.43798828125 1330.88793945312 1258.10205078125 1249.21606445312 1323.0830078125 1371.09899902344 1348.16003417969 1348.22900390625 1307.76403808594 1220.50903320312 1149.73095703125
1066.02600097656 1008.85302734375 995.005004882812 989.497985839844 991.810974121094 996.16796875 998 994.682006835938 987.005981445312 986.049011230469 995.828979492188 1002.59301757812 1013.05102539062 1015.31701660156 1010.58996582031 1009.89398193359 1009.46002197266 1035.0830078125 1075.126953125 1162.67199707031 1230.46203613281 1196.52404785156 1294.44396972656 1232.44995117188 1124.29895019531 1086.95495605469 1097.86193847656 1097.39599609375 1091.18505859375 1098.30700683594 1111.8740234375 1072.22094726562 1054.32897949219 1072.25 1071.61706542969 1080.90197753906 1088.75305175781 1088.83996582031 1088.05603027344 1153.15502929688 1203.12805175781 1257.61193847656 1330.09899902344 1316.81994628906 1238.36596679688 1248.7060546875 1318.25 1325.21899414062 1298.375 1248.36206054688 1155.93395996094 1126.00805664062 1121.208984375
1032.81896972656 1005.58801269531 1003.71398925781 1004.40100097656 999.377014160156 1000.79699707031 1000.30499267578 999.635986328125 997.088012695312 999.338012695312 1006.34100341797 1011.44097900391 1017.16497802734 1016.14300537109 1010.39300537109 1006.59899902344 1009.40899658203 1052.02697753906 1106.70202636719 1121.84094238281 1109.86499023438 1099.73706054688 1129.17797851562 1106.15698242188 1062.35400390625 1067.21997070312 1128.34802246094 1114.93798828125 1097.52697753906 1124.89599609375 1135.16003417969 1165.73498535156 1151.0419921875 1156.39196777344 1168.38598632812 1188.50695800781 1136.57104492188 1120.71594238281 1179.54797363281 1228.64904785156 1289.19604492188 1340.84497070312 1336.94299316406 1261.28295898438 1230.02795410156 1252.53198242188 1309.30297851562 1314.85498046875 1249.99194335938 1209.50500488281 1106.85900878906 1102.625 1115.68505859375
1031.71105957031 1010.99798583984 1026.58898925781 1016.04498291016 1011.08697509766 1010.06201171875 1009.70397949219 1007.68798828125 1004.47900390625 1007.72399902344 1014.68103027344 1015.56500244141 1020.40002441406 1017.67797851562 1011.19500732422 1004.14703369141 1016.37701416016 1099.97302246094 1116.16296386719 1107.43103027344 1077.52905273438 1076.56298828125 1093.36999511719 1078.75 1071.7939453125 1142.64196777344 1257.77294921875 1181.56494140625 1117.05297851562 1117.8759765625 1130.0009765625 1151.30102539062 1169.20495605469 1198.25 1248.78894042969 1277.86596679688 1186.46594238281 1165.15905761719 1244.72094726562 1242.98706054688 1255.47900390625 1278.74194335938 1228.89001464844 1208.09899902344 1214.07897949219 1283.91003417969 1276.18005371094 1254.61901855469 1220.07495117188 1160.36206054688 1101.36596679688 1110.88403320312 1100.49096679688
1020.41198730469 1065.43603515625 1033.42895507812 1014.6669921875 1020.04699707031 1023.75500488281 1022.87902832031 1015.57702636719 1011.71697998047 1015.43701171875 1015.89398193359 1016.31799316406 1017.56103515625 1017.50299072266 1014.46301269531 1010.66302490234 1012.58502197266 1033.71398925781 1072.72204589844 1081.98901367188 1072.76098632812 1073.4140625 1080.38305664062 1076.43005371094 1092.11303710938 1136.07202148438 1154.48803710938 1127.19104003906 1131.50695800781 1145.28198242188 1166.57800292969 1192.84301757812 1191.19995117188 1262.7529296875 1341.73498535156 1234.66394042969 1171.09997558594 1190.82006835938 1265.80395507812 1259.60400390625 1245.998046875 1245.10803222656 1210.73095703125 1190.29296875 1188.64697265625 1190.06994628906 1205.9970703125 1194.73095703125 1163.23901367188 1112.47705078125 1080.77099609375 1091.82495117188 1075.47595214844
1061.5419921875 1092.59899902344 1023.29797363281 1018.04296875 1023.32299804688 1026.70397949219 1026.06799316406 1023.60400390625 1026.66296386719 1028.15295410156 1018.02899169922 1015.70501708984 1016.00799560547 1016.63897705078 1017.35998535156 1018.21002197266 1020.81396484375 1031.33203125 1055.66101074219 1057.40405273438 1060.01599121094 1065.86901855469 1071.97302246094 1074.31701660156 1081.49499511719 1085.92102050781 1086.96301269531 1099.94897460938 1154.166015625 1203.31494140625 1249.11901855469 1277.2939453125 1282.80395507812 1340.98791503906 1329.66906738281 1246.70495605469 1155.83801269531 1164.88696289062 1213.833984375 1232.00695800781 1219.55603027344 1211.30798339844 1172.2060546875 1163.20593261719 1161.95703125 1146.38208007812 1138.70202636719 1139.77294921875 1129.07897949219 1096.20593261719 1064.31896972656 1046.88903808594 1037.001953125
1085.35302734375 1048.43395996094 1014.92498779297 1019.08996582031 1025.92700195312 1028.98205566406 1026.89099121094 1025.86804199219 1037.64001464844 1032.60205078125 1023.08599853516 1020.26696777344 1017.38800048828 1018.13201904297 1018.63800048828 1020.64398193359 1027.06799316406 1036.2939453125 1044.90295410156 1047.0859375 1055.28405761719 1060.32299804688 1068.28503417969 1072.00598144531 1075.8349609375 1082.58801269531 1089.60095214844 1107.05895996094 1132.46801757812 1210.98400878906 1229.24597167969 1184.24206542969 1176.458984375 1221.70104980469 1183.40600585938 1186.65795898438 1164.96398925781 1169.0009765625 1175.14904785156 1178.37194824219 1188.90002441406 1203.17199707031 1141.84997558594 1129.59704589844 1134.876953125 1130.125 1125.70593261719 1127.03796386719 1126.76794433594 1109.76000976562 1075.65393066406 1041.01501464844 1017.69299316406
