layers/avg_1930_tmax0.asc
NCOLS 292 
NROWS 291 
XLLCORNER -87.6458333327872 
YLLCORNER 24.4791666666667 
CELLSIZE 0.0416666666669039 
NODATA_value -3.4e+38 
[rows 0 to 23 of 291, columns 212 to 264 of 292]
-3.4e+38 -3.4e+38 -3.4e+38 -3.4e+38 -3.4e+38 -3.4e+38 -3.4e+38 -3.4e+38 -3.4e+38 -3.4e+38 -3.4e+38 -3.4e+38 -3.4e+38 -3.4e+38 -3.4e+38 -3.4e+38 -3.4e+38 -3.4e+38 -3.4e+38 -3.4e+38 -3.4e+38 -3.4e+38 -3.4e+38 -3.4e+38 -3.4e+38 -3.4e+38 -3.4e+38 -3.4e+38 -3.4e+38 -3.4e+38 -3.4e+38 -3.4e+38 -3.4e+38 -3.4e+38 -3.4e+38 -3.4e+38 -3.4e+38 -3.4e+38 -3.4e+38 -3.4e+38 -3.4e+38 -3.4e+38 -3.4e+38 -3.4e+38 -3.4e+38 -3.4e+38 -3.4e+38 -3.4e+38 -3.4e+38 -3.4e+38 -3.4e+38 -3.4e+38 -3.4e+38
21.7264995574951 -3.4e+38 -3.4e+38 -3.4e+38 -3.4e+38 -3.4e+38 -3.4e+38 -3.4e+38 -3.4e+38 21.9541664123535 21.9478340148926 22.0109996795654 21.9626655578613 21.9795837402344 22.0771656036377 22.0658340454102 22.1027507781982 22.0449161529541 21.9991664886475 21.9427490234375 21.880500793457 21.8322505950928 21.8609161376953 21.8055839538574 21.7347507476807 21.7525825500488 21.8411674499512 21.9199161529541 22.0214157104492 22.0852508544922 22.1317501068115 22.1480827331543 22.1280002593994 22.2044162750244 22.2735824584961 22.3354167938232 22.3924999237061 22.437084197998 22.4408340454102 22.4199161529541 22.3521671295166 22.2459163665771 22.1194171905518 22.1534175872803 22.2630004882812 22.3994998931885 22.3686676025391 22.3605823516846 22.3279991149902 22.3649997711182 22.3837509155273 22.4342498779297 22.42799949646
21.7479991912842 21.7756671905518 21.8290824890137 21.8830833435059 21.9497509002686 21.9740829467773 21.8756656646729 21.9929161071777 22.0068340301514 21.9242496490479 22.0702495574951 22.0110836029053 21.9659175872803 22.0530834197998 22.062915802002 21.9978332519531 22.0901679992676 22.0166664123535 21.9998340606689 22.0249156951904 21.9871673583984 21.9894161224365 21.9674987792969 21.9460830688477 21.9915828704834 21.9042491912842 21.9470844268799 22.0617504119873 22.1414165496826 22.1489162445068 22.1754989624023 22.1997489929199 22.1760005950928 22.1800003051758 22.2102508544922 22.1960830688477 22.2595844268799 22.299165725708 22.2763328552246 22.2775001525879 22.3082504272461 22.2565002441406 22.1875 22.1655006408691 22.2551670074463 22.398416519165 22.4064998626709 22.4293327331543 22.4851665496826 22.5570831298828 22.5749168395996 22.5861663818359 22.5652503967285
21.7407493591309 21.7125835418701 21.7711658477783 21.7924995422363 21.7789993286133 21.7284164428711 21.7798328399658 21.8443336486816 21.9128322601318 21.9565010070801 22.1199169158936 21.9689998626709 21.9069995880127 21.9934158325195 21.9435005187988 21.9224166870117 22.0148334503174 22.0174999237061 22.0179996490479 22.0129165649414 21.9780006408691 21.9855823516846 21.9525833129883 21.9134178161621 21.9713344573975 21.9704170227051 22.003833770752 22.1129169464111 22.2530002593994 22.2662506103516 22.2115001678467 22.2269172668457 22.2198333740234 22.214750289917 22.2325839996338 22.265417098999 22.2630844116211 22.2369174957275 22.2377490997314 22.2151660919189 22.1878337860107 22.2122497558594 22.1989994049072 22.22483253479 22.2922496795654 22.3789176940918 22.4605007171631 22.5856666564941 22.6275005340576 22.6455001831055 22.6486663818359 22.6604995727539 22.6653327941895
21.7203330993652 21.6719169616699 21.6666660308838 21.6272506713867 21.7019176483154 21.6780834197998 21.7738342285156 21.7849159240723 21.8999996185303 22.0526657104492 22.109582901001 21.9819164276123 21.9013328552246 21.9755001068115 22.0499172210693 21.9230842590332 21.9744167327881 22.0062503814697 22.0788326263428 22.0524997711182 22.0453338623047 22.0307502746582 21.9650840759277 21.9549160003662 21.9448337554932 21.9174995422363 22.0450000762939 22.1426658630371 22.2580833435059 22.3718338012695 22.3500843048096 22.3179168701172 22.3114166259766 22.2642498016357 22.2495822906494 22.2740001678467 22.2685832977295 22.238166809082 22.1846656799316 22.1387500762939 22.1235828399658 22.1145000457764 22.1485004425049 22.2281665802002 22.3003330230713 22.4419174194336 22.5675830841064 22.6808338165283 22.7609157562256 22.7695007324219 22.7651672363281 22.7560844421387 22.7311668395996
21.7320003509521 21.7096672058105 21.6495838165283 21.5834159851074 21.5553340911865 21.5471668243408 21.628999710083 21.7885837554932 21.8756656646729 22.0441665649414 21.9735832214355 21.8605003356934 21.9769992828369 21.9876670837402 22.0510005950928 22.1474990844727 22.1393337249756 22.095666885376 22.1018333435059 22.1910839080811 22.1673336029053 22.1465835571289 22.0736675262451 22.0346660614014 21.9314994812012 22.0071659088135 22.1099166870117 22.1957492828369 22.2080001831055 22.3444995880127 22.412166595459 22.3648338317871 22.3470840454102 22.3189163208008 22.3211669921875 22.3428325653076 22.3299160003662 22.3104991912842 22.2825012207031 22.236083984375 22.2105007171631 22.2113342285156 22.2430000305176 22.2906665802002 22.3284168243408 22.4390830993652 22.5781669616699 22.7362499237061 22.8279991149902 22.8609161376953 22.8280010223389 22.8154163360596 22.7880001068115
21.7872505187988 21.7531661987305 21.7237491607666 21.6419162750244 21.4951667785645 21.6607494354248 21.7372493743896 21.7574157714844 21.9450836181641 21.9118328094482 21.8513336181641 21.9146671295166 21.9581661224365 22.007999420166 22.0009994506836 22.1460838317871 22.2011661529541 22.1976661682129 22.2093334197998 22.179500579834 22.246000289917 22.2359161376953 22.1733322143555 22.1312503814697 22.0437488555908 22.0768337249756 22.1493339538574 22.2239170074463 22.2565841674805 22.3398342132568 22.3961658477783 22.3933334350586 22.3716659545898 22.3340835571289 22.32200050354 22.3240833282471 22.3368339538574 22.3478336334229 22.3182506561279 22.3044166564941 22.2913341522217 22.3119163513184 22.3123340606689 22.3544998168945 22.3946666717529 22.4873332977295 22.5639171600342 22.7005825042725 22.8341674804688 22.86549949646 22.8509159088135 22.8159160614014 22.7809162139893
21.8266658782959 21.8563327789307 21.9065837860107 21.7540836334229 21.6555824279785 21.7603340148926 21.88450050354 21.9845008850098 22.125 21.9164161682129 21.9578323364258 22.0955829620361 22.1117496490479 22.1277503967285 22.1779174804688 22.1880836486816 22.2009162902832 22.2537498474121 22.3149166107178 22.2657508850098 22.2581672668457 22.3024158477783 22.3076667785645 22.240083694458 22.1975841522217 22.1791667938232 22.2145824432373 22.2523326873779 22.2709999084473 22.3291664123535 22.3396663665771 22.3619174957275 22.3605842590332 22.3549995422363 22.320333480835 22.3119163513184 22.3325004577637 22.3509998321533 22.3614158630371 22.355583190918 22.363166809082 22.3666667938232 22.4103336334229 22.4505004882812 22.4966659545898 22.5812492370605 22.619083404541 22.6938343048096 22.7217502593994 22.814582824707 22.9034996032715 22.9038333892822 22.8225002288818
21.9441661834717 21.855749130249 21.9074172973633 21.9605827331543 21.8751659393311 21.988166809082 21.950834274292 22.1313323974609 22.105749130249 22.0109176635742 22.044584274292 21.9669170379639 22.0750007629395 22.1882495880127 22.2118339538574 22.2823333740234 22.2949161529541 22.2093334197998 22.3155822753906 22.298583984375 22.293249130249 22.3205833435059 22.3032493591309 22.3054161071777 22.2905826568604 22.2830829620361 22.3069171905518 22.3307495117188 22.3208332061768 22.2648334503174 22.28733253479 22.2897491455078 22.3364162445068 22.3427505493164 22.3395824432373 22.3135833740234 22.3204174041748 22.3596668243408 22.3879165649414 22.3920001983643 22.406665802002 22.4353332519531 22.4460830688477 22.4670829772949 22.5475826263428 22.5820827484131 22.625415802002 22.7245826721191 22.7667503356934 22.8520832061768 22.9045009613037 22.9268321990967 22.8969993591309
22.0071659088135 21.9685840606689 21.9165840148926 22.0176658630371 22.1580009460449 22.1196670532227 22.0990829467773 22.1862506866455 22.207332611084 22.1360836029053 22.1397495269775 22.1988334655762 22.1746673583984 22.3031673431396 22.2467498779297 22.2344989776611 22.2826671600342 22.3001670837402 22.3750839233398 22.3583335876465 22.3363342285156 22.341833114624 22.3626670837402 22.3071670532227 22.3426666259766 22.355167388916 22.3634166717529 22.3781661987305 22.3514995574951 22.3464164733887 22.2767505645752 22.2240829467773 22.27174949646 22.3017501831055 22.3193340301514 22.3573341369629 22.3605003356934 22.3627510070801 22.38450050354 22.4575004577637 22.4977512359619 22.4759998321533 22.5079174041748 22.549165725708 22.5541667938232 22.5513343811035 22.607084274292 22.6790828704834 22.7718334197998 22.8696670532227 22.9520835876465 22.9676666259766 22.9785842895508
22.047082901001 22.1104164123535 22.1754989624023 22.1418323516846 22.1261672973633 22.1042499542236 22.1862506866455 22.3381671905518 22.3924160003662 22.43141746521 22.3794174194336 22.4910831451416 22.3407497406006 22.2269992828369 22.306583404541 22.3439998626709 22.3430824279785 22.304500579834 22.2469997406006 22.3391666412354 22.3328323364258 22.3773326873779 22.3622512817383 22.3210830688477 22.3629989624023 22.38450050354 22.3815841674805 22.3879165649414 22.384916305542 22.4030838012695 22.3288326263428 22.2889995574951 22.275749206543 22.2691669464111 22.3120002746582 22.372917175293 22.4417495727539 22.454833984375 22.4283332824707 22.5193328857422 22.5455837249756 22.582332611084 22.5629997253418 22.5873336791992 22.5806674957275 22.5814990997314 22.621000289917 22.7111663818359 22.8136672973633 22.9325828552246 23.0027503967285 23.000415802002 23.0241661071777
22.1730003356934 22.111083984375 22.2234992980957 22.2240829467773 22.2133331298828 22.1235828399658 22.0552501678467 22.1052494049072 22.2075004577637 22.2876663208008 22.5223331451416 22.6957492828369 22.509916305542 22.4389171600342 22.2644996643066 22.2569999694824 22.2865829467773 22.3320007324219 22.3552494049072 22.3325004577637 22.3624992370605 22.3537502288818 22.3444175720215 22.3585834503174 22.3756675720215 22.3744163513184 22.3843326568604 22.4259166717529 22.4497489929199 22.441333770752 22.4372501373291 22.3487491607666 22.3288326263428 22.301082611084 22.3624992370605 22.4325008392334 22.5021667480469 22.5580005645752 22.517749786377 22.5850830078125 22.6607494354248 22.658166885376 22.660249710083 22.6534996032715 22.666166305542 22.6385841369629 22.6493339538574 22.7500839233398 22.8345832824707 22.9116668701172 22.9695835113525 22.9783344268799 22.9862499237061
22.1748332977295 22.185583114624 22.2243328094482 22.2358322143555 22.1905822753906 22.0373344421387 21.9238338470459 22.0892505645752 22.2299175262451 22.3839168548584 22.4641666412354 22.4864158630371 22.6599998474121 22.5313339233398 22.3964996337891 22.2535839080811 22.2558326721191 22.2442493438721 22.2402496337891 22.2630004882812 22.2687492370605 22.3514175415039 22.3505001068115 22.3766670227051 22.3819160461426 22.4072494506836 22.4244995117188 22.4300003051758 22.4232501983643 22.4693336486816 22.4969158172607 22.4267501831055 22.3915004730225 22.435583114624 22.4243335723877 22.469165802002 22.5960826873779 22.6459159851074 22.6725006103516 22.6957492828369 22.7040004730225 22.7058334350586 22.6983337402344 22.7023334503174 22.7239170074463 22.7434158325195 22.7669162750244 22.8115005493164 22.8670825958252 22.9241676330566 22.9191665649414 22.943000793457 22.9259166717529
22.1690826416016 22.2023334503174 22.2144165039062 22.2237510681152 22.1202507019043 22.1077499389648 21.9440002441406 22.0290832519531 22.1469173431396 22.2476654052734 22.4395008087158 22.5635833740234 22.6149158477783 22.5761661529541 22.4377498626709 22.2841663360596 22.2929992675781 22.3306655883789 22.1976661682129 22.2571659088135 22.2920837402344 22.3021659851074 22.3013324737549 22.3480834960938 22.3562507629395 22.392333984375 22.4243335723877 22.5145835876465 22.5219173431396 22.5427494049072 22.6124172210693 22.5292491912842 22.5154991149902 22.578332901001 22.5656661987305 22.5825824737549 22.6518325805664 22.7097492218018 22.7154998779297 22.7359161376953 22.7338333129883 22.7407493591309 22.7040004730225 22.7117500305176 22.7496662139893 22.7628326416016 22.7655830383301 22.8174171447754 22.9204998016357 22.9328327178955 22.9504165649414 22.8744163513184 22.83424949646
22.1709995269775 22.1557502746582 22.1559162139893 22.1990833282471 22.1800003051758 22.0966663360596 22.0913333892822 22.1260833740234 22.0615005493164 22.1294994354248 22.2908325195312 22.4540824890137 22.4778327941895 22.5450839996338 22.4579162597656 22.3543338775635 22.3455829620361 22.3147506713867 22.3073329925537 22.3508338928223 22.398250579834 22.3999176025391 22.3615837097168 22.431583404541 22.46266746521 22.4970836639404 22.574333190918 22.6213340759277 22.6677494049072 22.7024993896484 22.7450828552246 22.6962509155273 22.6810836791992 22.6450004577637 22.6306667327881 22.668083190918 22.6805839538574 22.6907501220703 22.7580833435059 22.7650833129883 22.7474994659424 22.705249786377 22.7158336639404 22.7303333282471 22.7448329925537 22.7537498474121 22.7453327178955 22.8669166564941 22.9643325805664 22.980167388916 22.9850826263428 22.8571662902832 22.7942504882812
22.1430835723877 22.1120834350586 22.0837497711182 22.1407508850098 22.1494998931885 22.1650829315186 22.1704158782959 22.2240829467773 22.1380004882812 22.1666660308838 22.1916656494141 22.3258323669434 22.4238338470459 22.4763336181641 22.5115833282471 22.4369163513184 22.4185009002686 22.3549995422363 22.355167388916 22.453498840332 22.4545841217041 22.4123344421387 22.5022506713867 22.5850830078125 22.619083404541 22.6434173583984 22.6767501831055 22.765832901001 22.8250007629395 22.8665008544922 22.8768329620361 22.8754997253418 22.8294162750244 22.7558326721191 22.7185001373291 22.7483329772949 22.7576675415039 22.7289161682129 22.7270832061768 22.7631664276123 22.7568340301514 22.7122497558594 22.6833324432373 22.6785831451416 22.6785831451416 22.7315006256104 22.7376670837402 22.7770843505859 22.917667388916 23.0071659088135 22.9295825958252 22.8598327636719 22.8079166412354
22.1253337860107 22.033332824707 22.0249156951904 22.0332508087158 22.0402507781982 22.0885829925537 22.2179164886475 22.224250793457 22.1183338165283 22.2257499694824 22.3201675415039 22.3271675109863 22.4026660919189 22.4803333282471 22.4605007171631 22.5100841522217 22.4804172515869 22.3964176177979 22.4836673736572 22.556583404541 22.5759162902832 22.5459995269775 22.611499786377 22.6469993591309 22.6284999847412 22.6532497406006 22.6788330078125 22.7431659698486 22.8031673431396 22.8218326568604 22.9036674499512 22.9455833435059 22.9050006866455 22.8419170379639 22.8482494354248 22.8453330993652 22.8115825653076 22.8453330993652 22.7882499694824 22.7474994659424 22.7277488708496 22.7146663665771 22.6821670532227 22.6542491912842 22.6696662902832 22.6849994659424 22.7292499542236 22.7755832672119 22.8753337860107 22.9375839233398 22.9233341217041 22.8965835571289 22.869083404541
22.0772495269775 21.9976673126221 21.9781665802002 21.9330825805664 21.9285831451416 22.1185836791992 22.3166656494141 22.3161659240723 22.1556663513184 22.1928329467773 22.3744163513184 22.3436660766602 22.4419174194336 22.3930835723877 22.4331665039062 22.4642505645752 22.4334163665771 22.5200004577637 22.6014995574951 22.6195831298828 22.6116676330566 22.6618328094482 22.6792507171631 22.6893329620361 22.6844997406006 22.7097492218018 22.7435836791992 22.8285827636719 22.8105010986328 22.8325004577637 22.943416595459 22.9594173431396 22.9497489929199 22.910083770752 22.922082901001 22.9066677093506 22.8714160919189 22.8829174041748 22.8478336334229 22.7719173431396 22.714916229248 22.6961669921875 22.6948337554932 22.6500835418701 22.6233329772949 22.6589164733887 22.7156658172607 22.800500869751 22.8409175872803 22.8755836486816 22.8304176330566 22.8423328399658 22.8308334350586
22.0260829925537 21.9678325653076 21.9403343200684 21.9076671600342 21.9516658782959 22.0602493286133 22.2779998779297 22.2692489624023 22.183500289917 22.2616672515869 22.3619995117188 22.3994159698486 22.4449157714844 22.4653339385986 22.4417495727539 22.539083480835 22.4594173431396 22.515832901001 22.6445827484131 22.6900005340576 22.7425003051758 22.7266674041748 22.7644996643066 22.7773342132568 22.7615833282471 22.7943344116211 22.8736667633057 22.9175834655762 22.8920001983643 22.9029159545898 23.0125827789307 22.9794998168945 22.9718322753906 22.9996662139893 22.9931678771973 22.9491672515869 22.9261665344238 22.904167175293 22.8715839385986 22.8284168243408 22.746166229248 22.6817493438721 22.665584564209 22.6417503356934 22.6340007781982 22.6504173278809 22.7056674957275 22.7626667022705 22.7873344421387 22.8076667785645 22.7858333587646 22.7446670532227 22.719165802002
21.914083480835 21.8801670074463 21.8891658782959 21.8479156494141 21.9059162139893 22.1669158935547 22.3444175720215 22.2998332977295 22.2962493896484 22.3236656188965 22.3534164428711 22.4971656799316 22.425500869751 22.5174160003662 22.5060005187988 22.6049995422363 22.5782489776611 22.5597496032715 22.6982498168945 22.7511672973633 22.8164176940918 22.8522510528564 22.86549949646 22.8755836486816 22.9371662139893 22.9530830383301 22.9500827789307 22.916166305542 22.9972496032715 23.011833190918 23.0575008392334 23.0536670684814 23.0592498779297 23.0652503967285 23.0752506256104 23.0594158172607 23.0314159393311 23.0219993591309 22.9595832824707 22.9148330688477 22.7835826873779 22.7091674804688 22.6905822753906 22.6773338317871 22.6585006713867 22.6875 22.7157497406006 22.7517509460449 22.734582901001 22.7288341522217 22.7311668395996 22.6382503509521 22.576416015625
21.9429168701172 21.8611660003662 21.9006671905518 22.015417098999 22.1145000457764 22.3040828704834 22.4636669158936 22.4504165649414 22.4966659545898 22.4803333282471 22.4133338928223 22.3912506103516 22.5481662750244 22.4763336181641 22.6129169464111 22.6885833740234 22.543249130249 22.6124992370605 22.7070007324219 22.8385829925537 22.8708343505859 22.922082901001 22.90625 22.9202499389648 22.9516677856445 22.9611663818359 22.97483253479 23.0318336486816 23.0083332061768 23.0365829467773 23.0923328399658 23.1576671600342 23.1592502593994 23.1727504730225 23.1488342285156 23.1018333435059 23.1075000762939 23.0784168243408 23.0358333587646 23.0014991760254 22.9345836639404 22.8310832977295 22.7751655578613 22.7549171447754 22.7609996795654 22.7542495727539 22.7520008087158 22.7471675872803 22.7044162750244 22.6674995422363 22.6385841369629 22.5846672058105 22.5
21.8616676330566 21.9780826568604 22.0379161834717 22.1430835723877 22.1204166412354 22.2074165344238 22.2530002593994 22.5455837249756 22.6559162139893 22.6281661987305 22.4531669616699 22.5025825500488 22.5867500305176 22.5985832214355 22.6475009918213 22.7747497558594 22.7522506713867 22.8078327178955 22.9030838012695 22.9641666412354 22.992582321167 22.9675006866455 23.0115833282471 22.9978332519531 23.0206661224365 23.037166595459 23.0358333587646 23.0755004882812 23.0974998474121 23.1370010375977 23.1601657867432 23.2194995880127 23.2334995269775 23.2356662750244 23.2185840606689 23.1822490692139 23.161750793457 23.1500835418701 23.1053333282471 23.0602493286133 23.0339164733887 22.9996662139893 22.9580001831055 22.9267501831055 22.8600826263428 22.8075828552246 22.7835006713867 22.7609176635742 22.7303333282471 22.712833404541 22.6420001983643 22.5700836181641 22.5286674499512
22.0538330078125 22.0526657104492 22.0809993743896 22.2567501068115 22.4223327636719 22.3404159545898 22.3764991760254 22.326000213623 22.4853324890137 22.7202491760254 22.5555000305176 22.5763339996338 22.6200828552246 22.7310009002686 22.7236671447754 22.800500869751 22.7962493896484 22.7821674346924 22.9237499237061 22.9689998626709 23.0100841522217 23.1097507476807 23.0816669464111 23.1360836029053 23.0919170379639 23.0992488861084 23.1280841827393 23.1364994049072 23.1660842895508 23.179666519165 23.2045841217041 23.2104167938232 23.257833480835 23.2598323822021 23.2565841674805 23.2445831298828 23.2266654968262 23.1834163665771 23.1571674346924 23.1040000915527 23.09375 23.0662498474121 23.0495834350586 23.0214996337891 22.9610004425049 22.9069175720215 22.894832611084 22.8371658325195 22.816499710083 22.77174949646 22.7294158935547 22.6948337554932 22.6616668701172
22.0473327636719 22.1704998016357 22.3987503051758 22.3125839233398 22.3154163360596 22.5289173126221 22.589916229248 22.443000793457 22.5577507019043 22.580415725708 22.7255001068115 22.7414169311523 22.7581672668457 22.7981662750244 22.8638324737549 22.8330841064453 22.8255825042725 22.8199996948242 23.013500213623 23.0965003967285 23.1319160461426 23.1447505950928 23.2140007019043 23.2175827026367 23.2508335113525 23.2624168395996 23.2933330535889 23.3172492980957 23.2952499389648 23.2798328399658 23.2269172668457 23.2170009613037 23.2023334503174 23.2749996185303 23.3256664276123 23.3269996643066 23.3230838775635 23.2830829620361 23.2245826721191 23.1866664886475 23.1940841674805 23.1628341674805 23.1092510223389 23.078332901001 23.0155830383301 22.9733333587646 22.9637508392334 22.9730834960938 22.9139995574951 22.8404159545898 22.827917098999 22.8137493133545 22.8328342437744
