layers/avg_1930_ppt0.asc
NCOLS 292 
NROWS 291 
XLLCORNER -87.6458333327872 
YLLCORNER 24.4791666666667 
CELLSIZE 0.0416666666669039 
NODATA_value -3.4e+38 
[rows 0 to 23 of 291, columns 159 to 211 of 292]
-3.4e+38 -3.4e+38 -3.4e+38 -3.4e+38 -3.4e+38 -3.4e+38 -3.4e+38 -3.4e+38 -3.4e+38 -3.4e+38 -3.4e+38 -3.4e+38 -3.4e+38 -3.4e+38 -3.4e+38 -3.4e+38 -3.4e+38 -3.4e+38 -3.4e+38 -3.4e+38 -3.4e+38 -3.4e+38 -3.4e+38 -3.4e+38 -3.4e+38 -3.4e+38 -3.4e+38 -3.4e+38 -3.4e+38 -3.4e+38 -3.4e+38 -3.4e+38 -3.4e+38 -3.4e+38 -3.4e+38 -3.4e+38 -3.4e+38 -3.4e+38 -3.4e+38 -3.4e+38 -3.4e+38 -3.4e+38 -3.4e+38 -3.4e+38 -3.4e+38 -3.4e+38 -3.4e+38 -3.4e+38 -3.4e+38 -3.4e+38 -3.4e+38 -3.4e+38 -3.4e+38
790.672973632812 824.533020019531 804.835998535156 765.906005859375 760.35400390625 724.970031738281 710.140014648438 687.513977050781 661.002014160156 639.276000976562 646.216979980469 670.528015136719 694.463989257812 712.180969238281 726.239990234375 737.583984375 744.682006835938 747.507995605469 749.440979003906 751.56201171875 754.356018066406 754.007995605469 753.200988769531 750.637023925781 747.966979980469 748.901000976562 753.731994628906 753.846008300781 750.31396484375 748.421997070312 -3.4e+38 -3.4e+38 -3.4e+38 -3.4e+38 -3.4e+38 -3.4e+38 -3.4e+38 -3.4e+38 -3.4e+38 -3.4e+38 -3.4e+38 -3.4e+38 -3.4e+38 -3.4e+38 -3.4e+38 800.0419921875 800.685974121094 800.8759765625 801.185974121094 800.560974121094 800.43798828125 799.093994140625 796.839965820312
830.422973632812 844.095031738281 794.538024902344 734.486999511719 733.705017089844 732.473999023438 711.070007324219 688.471984863281 662.869018554688 643.739013671875 650.164001464844 676.091979980469 696.546020507812 710.455017089844 723.585021972656 733.345031738281 742.244018554688 747.046020507812 752.185974121094 759.343017578125 760.338989257812 761.598022460938 761.744018554688 758.948974609375 753.68798828125 755.119995117188 760.266967773438 760.508972167969 757.245971679688 759.5 762.14501953125 766.345031738281 770.255004882812 780.158996582031 788.923034667969 796.348999023438 797.695983886719 797.276000976562 800.486022949219 800.929992675781 802.336975097656 807.843994140625 811.783020019531 811.20703125 811.880004882812 811.785034179688 811.52099609375 809.614990234375 810.669982910156 811.367004394531 809.133972167969 806.628967285156 803.251037597656
844.265014648438 806.95703125 762.91796875 761.424987792969 758.642028808594 742.492004394531 722.385009765625 705.690002441406 689.528015136719 675.588012695312 681.036987304688 698.549987792969 710.377014160156 723.008972167969 731.281982421875 740.358032226562 747.413024902344 749.752990722656 758.726989746094 763.726013183594 766.695983886719 769.776977539062 768.682983398438 764.380981445312 760.43798828125 763.179016113281 771.18701171875 772.408020019531 769.575988769531 774.476013183594 779.098022460938 784.7919921875 788.906005859375 802.518981933594 807.570983886719 806.867980957031 805.114990234375 805.755981445312 808.861022949219 811.981018066406 812.846984863281 814.044982910156 818.007019042969 817.539978027344 818.447021484375 819.773986816406 822.093994140625 821.776977539062 823.10498046875 823.830993652344 819.464965820312 816.195007324219 812.171997070312
858.10302734375 818.68896484375 774.341979980469 777.761962890625 771.471008300781 756.297973632812 739.944030761719 729.18798828125 720.2509765625 714.509033203125 715.952026367188 723.343994140625 731.783020019531 742.244018554688 747.567016601562 748.987976074219 752.486999511719 761.648010253906 767.098999023438 768.461975097656 773.840026855469 777.47998046875 780.695007324219 775.888977050781 770.679016113281 774.223022460938 784.075988769531 785.93798828125 786.505004882812 794.75 802.231018066406 808.335021972656 816.253967285156 822.109008789062 818.841003417969 814.656005859375 813.35302734375 817.742004394531 817.190979003906 816.189025878906 817.632019042969 819.007019042969 822.393981933594 822.567993164062 822.213989257812 822.572021484375 827.215026855469 829.148986816406 829.825012207031 834.130004882812 834.041015625 832.007019042969 826.875
795.171020507812 790.234985351562 788.14501953125 787.307983398438 780.129028320312 772.559997558594 761.757019042969 749.015991210938 744.700012207031 741.143005371094 741.888977050781 746.405029296875 753.953002929688 760.044006347656 757.952026367188 763.434997558594 769.473999023438 782.783020019531 782.059997558594 777.465026855469 778.877990722656 780.997985839844 785.075988769531 784.825988769531 781.955017089844 782.299987792969 789.484008789062 792.111022949219 799.289001464844 808.906005859375 820.5 826.97802734375 830.489013671875 833.546020507812 831.463989257812 827.289001464844 826.888000488281 823.754028320312 820.224975585938 819.836975097656 820.866027832031 823.3740234375 825.242980957031 823.838012695312 823.859985351562 826.172973632812 831.81298828125 837.33203125 839.89599609375 844.27197265625 846.976013183594 845.908020019531 840.677001953125
781.484985351562 801.589965820312 799.182983398438 793.630004882812 789.119995117188 783.705993652344 776.825012207031 767.013977050781 760.35400390625 759.252014160156 761.89599609375 763.026000976562 769.502990722656 773.507019042969 769.721008300781 774.069030761719 778.429016113281 783.661987304688 786.283996582031 785.911010742188 787.195007324219 786.655029296875 789.163024902344 791.714965820312 791.474975585938 795.231018066406 799.806030273438 804.174011230469 812.356994628906 818.54296875 825.93701171875 834.070983886719 839.890991210938 842.200988769531 838.690979003906 832.56201171875 831.299011230469 828.35400390625 826.492004394531 823.4990234375 822.819030761719 824.851989746094 826.872009277344 825.989990234375 826.829956054688 828.799987792969 833.575012207031 838.288024902344 843.320983886719 845.216003417969 846.348022460938 845.359985351562 843.370971679688
820.776977539062 815.108032226562 807.804992675781 801.510009765625 794.632019042969 791.18701171875 788.639953613281 781.573974609375 775.660034179688 773.398010253906 771.575988769531 775.734008789062 778.831970214844 776.203002929688 777.522033691406 783.302978515625 790.578979492188 792.200012207031 791.429016113281 789.014038085938 791.837036132812 795.552001953125 798.455993652344 803.476989746094 807.138000488281 811.984985351562 815.557006835938 819.429992675781 820.81201171875 825.682006835938 828.048034667969 832.968017578125 838.776000976562 838.421020507812 833.31201171875 832.588012695312 832.174011230469 829.684997558594 827.127990722656 827.828002929688 827.091003417969 828.788024902344 829.549011230469 828.510986328125 828.575012207031 831.883972167969 834.818969726562 837.026977539062 838.356018066406 838.2490234375 840.1259765625 839.676025390625 835.06201171875
825.424987792969 814.059020996094 805.965026855469 801.994995117188 800.320983886719 797.348022460938 795.809997558594 792.046020507812 788.286010742188 788.025024414062 788.435974121094 790.036987304688 791.823974609375 789.028015136719 789.714965820312 793.695007324219 798.382995605469 800.726989746094 798.059997558594 793.773010253906 796.151977539062 800.236999511719 806.323974609375 811.447998046875 817.864990234375 821.27099609375 824.004028320312 827.192993164062 826.307006835938 830.423034667969 831.377014160156 830.226989746094 831.127014160156 834.860961914062 830.384033203125 830.997009277344 832.051025390625 828.760009765625 826.864013671875 828.244018554688 829.4990234375 830.971008300781 829.1259765625 830.169982910156 830.341003417969 830.254028320312 832.85400390625 835.018005371094 832.35302734375 830.60498046875 829.945983886719 830.244995117188 829.490966796875
829.119995117188 819.244018554688 814.935974121094 813.372985839844 812.947021484375 810.5830078125 807.950012207031 801.338989257812 797.658996582031 796.5849609375 797.31201171875 799.984985351562 801.232971191406 799.85498046875 801.877990722656 802.951965332031 806.2080078125 805.445007324219 802.578002929688 796.940979003906 800.088012695312 805.161010742188 809.755004882812 816.541015625 820.739990234375 824.54296875 824.892028808594 827.43798828125 826.60302734375 829.781005859375 831.218994140625 828.773010253906 828.046020507812 829.965026855469 829.120971679688 832.536987304688 831.630981445312 829.315979003906 828.695007324219 829.700988769531 830.8330078125 831.794982910156 831.963989257812 830.234008789062 831.247009277344 830.288024902344 831.351013183594 832.52001953125 830.252990722656 828.843017578125 826.6259765625 828.128967285156 835.953002929688
843.208984375 838.575988769531 835.797973632812 829.125 821.744995117188 816.240966796875 812.830017089844 807.226013183594 803.195983886719 801.10498046875 803.015014648438 803.701965332031 805.236999511719 803.258972167969 802.878967285156 804.447021484375 804.81103515625 805.22998046875 802.252990722656 800.3759765625 804.179992675781 807.864013671875 815.067993164062 818.051025390625 821.554992675781 824.570983886719 825.924011230469 826.75 826.398986816406 829.343994140625 832.297973632812 829.444030761719 827.302978515625 830.031005859375 830.617980957031 831.268981933594 829.890991210938 828.338012695312 828.434997558594 829.513000488281 830.174987792969 831.517028808594 834.004028320312 835.286010742188 834.27197265625 833.949035644531 836.047973632812 833.440979003906 829.541015625 827.870971679688 827.632995605469 828.697021484375 836.471008300781
860.893981933594 857.647033691406 847.555969238281 832.742004394531 821.348022460938 812.560974121094 804.838989257812 803.827026367188 803.477966308594 804.619995117188 804.765991210938 805.028015136719 807.841979980469 808.648010253906 808.734985351562 809.393005371094 810.601989746094 811.328979492188 811.028015136719 811.140014648438 808.485961914062 811.85400390625 816.252014160156 820.426025390625 818.463989257812 820.393981933594 823.10498046875 826.742004394531 828.112976074219 829.652038574219 832.824035644531 834.622009277344 831.422973632812 835.075988769531 836.380981445312 836.491027832031 832.307006835938 827.240966796875 825.110961914062 828.322021484375 832.369018554688 836.06201171875 838.744018554688 840.351989746094 839.075012207031 839.304992675781 838.911987304688 833.10400390625 826.955017089844 824.786010742188 825.211975097656 825.398986816406 829.869995117188
860.5009765625 849.065002441406 839.046020507812 828.525024414062 817.200012207031 803.007995605469 795.661987304688 798.77197265625 800.906982421875 803.466979980469 806.463989257812 807.523986816406 810.049011230469 812.098999023438 810.357971191406 811.004028320312 813.466979980469 815.81298828125 814.305969238281 816.921997070312 816.703979492188 819.821044921875 824.137023925781 825.226013183594 821.97900390625 818.401977539062 824.601989746094 829.741027832031 834.785034179688 835.296020507812 837.008972167969 839.742004394531 840.806030273438 846.802978515625 843.948974609375 839.14697265625 831.296020507812 824.946044921875 826.66796875 829.272033691406 833.593994140625 840.361999511719 843.348999023438 846.924987792969 849.705017089844 847.659973144531 842.039001464844 831.528991699219 823.536010742188 820.114013671875 822.697021484375 823.901977539062 827.593017578125
870.382019042969 851.706970214844 837.609008789062 825.109985351562 808.93701171875 791.10400390625 782.840026855469 791.809020996094 797.754028320312 803.572021484375 808.986999511719 809.536010742188 810.510009765625 812.705017089844 813.5009765625 814.455017089844 817.606018066406 819.961975097656 818.765014648438 823.370971679688 826.648986816406 832.608032226562 833.789978027344 834.090026855469 833.947021484375 833.648010253906 834.809020996094 838.195983886719 837.526977539062 839.627990722656 837.575012207031 841.54296875 850.8740234375 853.796020507812 848.968994140625 841.802978515625 833.330017089844 828.955017089844 829.599975585938 832.091979980469 839.213012695312 844.497009277344 846.02001953125 849.79296875 853.317016601562 851.835021972656 846.302001953125 833.828002929688 820.335998535156 814.494018554688 820.473999023438 826.10400390625 830.348022460938
868.960998535156 856.531005859375 843.81396484375 823.859008789062 807.210021972656 791.223999023438 785.580017089844 792.614013671875 802.018981933594 808.929992675781 811.393981933594 814.533996582031 815.903991699219 816.809997558594 819.340026855469 823.684020996094 827.176025390625 826.294982910156 825.210021972656 830.351013183594 836.859985351562 841.599975585938 845.439025878906 850.697021484375 856.632995605469 855.747009277344 849.632019042969 847.067993164062 843.258972167969 841.820007324219 842.611022949219 848.169006347656 855.81103515625 858.2919921875 855.0419921875 850.856018066406 846.255981445312 840.838989257812 839.607971191406 840.515991210938 843.781982421875 848.218994140625 852.567993164062 857.458984375 862.059997558594 864.606018066406 862.494995117188 851.335021972656 834.279968261719 827.35400390625 831.060974121094 835.630981445312 837.317993164062
859.231994628906 852.483032226562 842.0419921875 827.664978027344 813.6259765625 804.218994140625 799.054992675781 803.593994140625 809.674987792969 815.074035644531 816.117980957031 818.557983398438 822.721008300781 827.859008789062 827.817016601562 829.85302734375 833.203002929688 834.066040039062 832.971008300781 836.859008789062 842.594970703125 846.846008300781 853.5830078125 865.306030273438 877.236999511719 870.737976074219 861.239013671875 855.703002929688 851.742980957031 848.843017578125 853.302978515625 856.497009277344 861.072021484375 862.601989746094 861.281982421875 857.593994140625 855.766967773438 859.875 855.361022949219 852.987976074219 851.643005371094 856.859985351562 863.997985839844 869.322021484375 873.698974609375 880.226013183594 882.739013671875 878.89599609375 863.504028320312 851.320983886719 846.77099609375 846.367004394531 849.148010253906
855.401000976562 847.953979492188 842.208984375 834.177001953125 825.065979003906 819.151000976562 816.890014648438 819.190979003906 820.658020019531 823.559997558594 825.783020019531 826.958984375 830.1669921875 832.218017578125 835.531982421875 837.101013183594 838.97900390625 840.364013671875 841.989990234375 842.60400390625 845.835998535156 850.429016113281 856.068969726562 866.513000488281 874.343994140625 871.388000488281 865.049987792969 861.325012207031 860.486022949219 860.390014648438 864.567016601562 866.345031738281 867.504028320312 868.663024902344 866.981018066406 864.898010253906 866.8740234375 866.898010253906 868.940979003906 867.070983886719 865.388000488281 865.289001464844 871.609008789062 879.213012695312 884.664001464844 893.117980957031 902.143981933594 898.02197265625 881.619018554688 868.81201171875 860.106994628906 855.341003417969 854.119018554688
866.635986328125 862.539978027344 855.216003417969 848.629028320312 844.184020996094 837.581970214844 834.559997558594 837.153015136719 837.498962402344 837.599975585938 838.932983398438 837.643005371094 840.591979980469 843.182006835938 843.026000976562 845.114990234375 846.289978027344 846.861999511719 847.679992675781 848.903015136719 848.546020507812 852.02001953125 858.471008300781 864.7080078125 868.442993164062 868.299987792969 867.322021484375 867.18798828125 870.554992675781 875.539978027344 875.089965820312 873.818969726562 872.361022949219 875.31396484375 876.679016113281 876.692016601562 876.927978515625 876.703979492188 876.886962890625 876.716979980469 874.660034179688 873.536987304688 877.994018554688 883.591979980469 889.132995605469 895.507995605469 902.171997070312 898.432006835938 887.025024414062 876.906982421875 870.528015136719 862.867004394531 858.371032714844
877.6669921875 877.931030273438 874.539001464844 868.492004394531 859.299987792969 851.986022949219 848.81201171875 849.245971679688 852.516967773438 853.075988769531 854.679992675781 852.765014648438 854.52001953125 858.185974121094 854.523986816406 852.994995117188 851.101013183594 852.942016601562 853.621032714844 853.578979492188 854.408996582031 855.661010742188 860.627014160156 864.648010253906 867.549011230469 867.784973144531 871.192993164062 877.205993652344 881.801025390625 884.434020996094 884.273010253906 881.083984375 879.669982910156 880.997985839844 883.941040039062 883.4580078125 883.994018554688 882.835998535156 882.452026367188 881.41796875 883.070007324219 880.661010742188 879.039978027344 880.869995117188 885.669982910156 888.760009765625 891.575988769531 890.703979492188 886.797973632812 882.920959472656 877.711975097656 868.700012207031 864.450988769531
880.643005371094 886.193969726562 886.476013183594 875.408996582031 865.181030273438 858.235961914062 854.752990722656 855.466979980469 857.9580078125 862.955017089844 867.195983886719 868.9990234375 871.942016601562 873.352966308594 866.515014648438 862.14697265625 859.481994628906 859.711975097656 859.343994140625 858.278991699219 858.934997558594 863.786010742188 865.153991699219 867.06201171875 868.810974121094 869.693969726562 871.662963867188 880.195983886719 888.658020019531 888.632019042969 885.885009765625 886.33203125 883.590026855469 886.234985351562 888.755004882812 890.328002929688 888.554992675781 885.799011230469 881.049011230469 878.369018554688 880.372009277344 881.804992675781 881.192016601562 880.335998535156 881.776977539062 883.085021972656 883.705993652344 886.2490234375 886.335021972656 886.489990234375 885.098999023438 882.171020507812 878.4169921875
879.009033203125 881.666015625 882.431030273438 872.622985839844 861.614990234375 854.945007324219 854.213012695312 858.315002441406 863.690979003906 871.007019042969 879.02001953125 885.27001953125 891.27099609375 891.134033203125 883.252990722656 875.132019042969 870.02001953125 867.589965820312 865.429992675781 865.320983886719 866.554016113281 867.757019042969 868.920043945312 870.533020019531 872.893981933594 874.462036132812 876.427978515625 882.825988769531 886.231994628906 884.096984863281 884.427978515625 887.804016113281 886.844970703125 887.067016601562 890.304992675781 891.39501953125 891.403991699219 888.807006835938 882.14501953125 877.549987792969 878.922973632812 880.807006835938 877.194030761719 877.906005859375 878.224975585938 880.411010742188 880.883972167969 882.518005371094 884.720031738281 887.210998535156 888.070007324219 888.578979492188 887.2490234375
876.52099609375 875.619018554688 875.466003417969 867.615966796875 855.835998535156 846.804016113281 849.307006835938 857.096984863281 865.919982910156 875.002990722656 889.236999511719 904.463989257812 915.283996582031 913.655029296875 900.390991210938 889.129028320312 881.447998046875 876.572021484375 873.192016601562 873.125 870.572021484375 869.336975097656 871.281005859375 872.591003417969 874.028991699219 876.659973144531 883.585021972656 885.192993164062 887.086975097656 885.649963378906 887.236999511719 890.112976074219 889.720031738281 890.596008300781 891.143981933594 891.305969238281 890.890991210938 892.393005371094 888.377014160156 882.400024414062 878.54296875 876.987976074219 876.450012207031 876.797973632812 877.841003417969 875.422973632812 874.52001953125 877.39501953125 882.5009765625 886.130981445312 887.976989746094 889.388000488281 889.802978515625
875.247985839844 871.455017089844 867.841003417969 866.344970703125 857.287963867188 851.8759765625 853.990966796875 861.078979492188 870.231994628906 882.525024414062 898.091979980469 915.501037597656 935.007995605469 932.414001464844 914.06103515625 900.046020507812 890.314025878906 885.679016113281 881.976989746094 881.127014160156 878.275024414062 877.047973632812 877.997009277344 878.028015136719 878.526000976562 884.609008789062 888.733032226562 887.25 887.635009765625 889.362976074219 888.798034667969 891.726989746094 893.975952148438 892.419982910156 894.358032226562 895.820983886719 895.575988769531 893.413024902344 888.809020996094 883.898010253906 882.018981933594 877.870971679688 875.115966796875 875.953002929688 874.8740234375 872.261962890625 869.510009765625 869.52001953125 875.351989746094 881.718017578125 885.781982421875 886.245971679688 889.963989257812
879.226013183594 874.494018554688 872.289978027344 871.973999023438 867.192016601562 862.336975097656 862.409973144531 867.664001464844 875.643981933594 887.424987792969 900.114990234375 912.320983886719 923.549011230469 920.867980957031 910.503967285156 903.844970703125 899.7080078125 897.388977050781 892.161987304688 886.85498046875 886.511962890625 883.552978515625 884.018005371094 882.400024414062 882.27197265625 890.388977050781 892.2490234375 891.497985839844 887.427978515625 888.434020996094 889.266967773438 893.856994628906 893.828002929688 889.106018066406 889.005981445312 891.872009277344 895.161010742188 893.567016601562 889.176025390625 884.099975585938 883.568969726562 881.176025390625 878.135009765625 877.64501953125 873.72900390625 866.121032714844 860.742004394531 859.317993164062 865.06201171875 873.588989257812 878.064025878906 879.554016113281 884.14404296875
