layers/avg_2014_tmean0.asc
NCOLS 292 
NROWS 291 
XLLCORNER -87.6458333327872 
YLLCORNER 24.4791666666667 
CELLSIZE 0.0416666666669039 
NODATA_value -3.4e+38 
[rows 96 to 119 of 291, columns 106 to 158 of 292]
17.4950008392334 17.4870834350586 17.450834274292 17.4245834350586 17.3924999237061 17.3999996185303 17.4208335876465 17.5437507629395 17.6295833587646 17.6299991607666 17.6650009155273 17.6683330535889 17.6620826721191 17.702917098999 17.7824993133545 17.8162498474121 17.7962493896484 17.9504165649414 18.1804161071777 18.1604175567627 18.2349987030029 18.1820831298828 18.2295837402344 18.1912498474121 18.1758327484131 18.0241661071777 18.0708332061768 18.0283336639404 17.9391670227051 17.9512500762939 17.9945831298828 17.9566669464111 18.0229167938232 18.0579166412354 18.0300006866455 18.1162490844727 18.1399993896484 18.2362499237061 18.3816661834717 18.4908332824707 18.5658340454102 18.5116672515869 18.4358329772949 18.4316673278809 18.4345836639404 18.3791675567627 18.3316669464111 18.3150005340576 18.2879161834717 18.2483329772949 18.2525005340576 18.234582901001 18.2749996185303
17.5358333587646 17.5012493133545 17.4825000762939 17.4741668701172 17.5 17.4616661071777 17.4925003051758 17.5820827484131 17.627082824707 17.6441669464111 17.7179164886475 17.7754173278809 17.7483329772949 17.6787490844727 17.7891674041748 17.9070835113525 17.9237499237061 17.9945831298828 18.1904163360596 18.1579170227051 18.2612495422363 18.2716674804688 18.2170829772949 18.2758331298828 18.2916660308838 18.1725006103516 18.2329158782959 18.2087497711182 18.1166667938232 18.0966663360596 18.0654163360596 18.0775012969971 18.1033325195312 18.1016674041748 18.0820827484131 18.109167098999 18.2470836639404 18.3895835876465 18.4191665649414 18.4620838165283 18.4991664886475 18.4737510681152 18.4341659545898 18.390832901001 18.3466663360596 18.3037490844727 18.375415802002 18.3945827484131 18.3795833587646 18.3449993133545 18.3570823669434 18.3708324432373 18.3762493133545
17.6070823669434 17.5904159545898 17.5837497711182 17.5837497711182 17.5662498474121 17.5625 17.6187496185303 17.6358337402344 17.7083339691162 17.7595844268799 17.7987499237061 17.843334197998 17.8058338165283 17.7800006866455 17.8262500762939 17.9208335876465 18.0816669464111 18.1104164123535 18.1537494659424 18.2600002288818 18.2824993133545 18.2520847320557 18.2620830535889 18.2445831298828 18.3449993133545 18.2783336639404 18.2670822143555 18.3470840454102 18.2379169464111 18.2662506103516 18.2325000762939 18.2362499237061 18.2279167175293 18.2591667175293 18.247917175293 18.1591663360596 18.1883335113525 18.2908344268799 18.3608341217041 18.4249992370605 18.4787502288818 18.4362506866455 18.421667098999 18.419584274292 18.4012508392334 18.4037494659424 18.390832901001 18.4095840454102 18.4470825195312 18.4545841217041 18.4262504577637 18.4566669464111 18.4795837402344
17.6674995422363 17.6933326721191 17.7116661071777 17.6629161834717 17.6554164886475 17.6929168701172 17.7483329772949 17.7350006103516 17.7995834350586 17.9312496185303 17.9424991607666 17.8516674041748 17.9016666412354 17.8874988555908 17.8704166412354 17.9933338165283 18.0195827484131 18.0200004577637 18.0970840454102 18.2287502288818 18.2620830535889 18.3216667175293 18.3508338928223 18.3274993896484 18.3670825958252 18.4329166412354 18.3850002288818 18.4154167175293 18.3870830535889 18.3608341217041 18.3683338165283 18.3125 18.2950000762939 18.3108329772949 18.2295837402344 18.2533340454102 18.2920837402344 18.3150005340576 18.3575000762939 18.3899993896484 18.5054168701172 18.4362506866455 18.4012508392334 18.4316673278809 18.4345836639404 18.4445838928223 18.4750003814697 18.4604167938232 18.5120830535889 18.5529174804688 18.5741672515869 18.5575008392334 18.5908336639404
17.7295837402344 17.7441673278809 17.7712497711182 17.7458343505859 17.7299995422363 17.7779159545898 17.794584274292 17.7987499237061 17.8316669464111 17.9300003051758 18.0433330535889 17.9762496948242 18.0308322906494 17.9954166412354 17.9904174804688 17.9483337402344 18.062915802002 18.1687488555908 18.1791667938232 18.2079162597656 18.2716674804688 18.3558330535889 18.3829174041748 18.4837493896484 18.4254169464111 18.4962501525879 18.466667175293 18.4174995422363 18.5041675567627 18.4645843505859 18.3895835876465 18.3537502288818 18.3425006866455 18.3479175567627 18.3158340454102 18.2887496948242 18.2991676330566 18.3270835876465 18.3291664123535 18.3950004577637 18.5108337402344 18.4937496185303 18.4520835876465 18.4658336639404 18.5079174041748 18.5595836639404 18.59375 18.5762500762939 18.6283340454102 18.6520824432373 18.6495838165283 18.6450004577637 18.6737499237061
17.8383331298828 17.8504161834717 17.857084274292 17.8445835113525 17.8500003814697 17.8887500762939 17.859167098999 17.8366661071777 17.8520832061768 17.9400005340576 17.9937496185303 18.1420841217041 18.1391658782959 18.1608333587646 18.1241664886475 18.064582824707 18.0366668701172 18.1495838165283 18.281665802002 18.3308334350586 18.3045825958252 18.3487491607666 18.5129165649414 18.5675010681152 18.4779167175293 18.4304161071777 18.5416679382324 18.5308322906494 18.529167175293 18.4879169464111 18.4129161834717 18.359167098999 18.345832824707 18.3291664123535 18.361665725708 18.3170833587646 18.3220825195312 18.3091659545898 18.3237495422363 18.3687496185303 18.4512500762939 18.5300006866455 18.529167175293 18.5454158782959 18.577917098999 18.6387500762939 18.6708335876465 18.6966667175293 18.7120838165283 18.7487506866455 18.7287502288818 18.7170829772949 18.7337493896484
17.9262504577637 17.9600009918213 17.9654159545898 17.9520835876465 17.9758338928223 17.9783325195312 17.9508323669434 17.9270839691162 17.9312496185303 17.9870834350586 18.109167098999 18.2433338165283 18.1783332824707 18.2049999237061 18.2179164886475 18.1783332824707 18.2279167175293 18.2583332061768 18.3570823669434 18.4095821380615 18.4549999237061 18.40625 18.4383335113525 18.5416660308838 18.4262504577637 18.437084197998 18.5212497711182 18.5420837402344 18.5300006866455 18.4899997711182 18.4712505340576 18.4370822906494 18.4337501525879 18.4500007629395 18.3950004577637 18.3533325195312 18.3587493896484 18.3454170227051 18.3487510681152 18.3833332061768 18.4245834350586 18.4825000762939 18.5920829772949 18.6183338165283 18.6416664123535 18.6816673278809 18.7425003051758 18.7783336639404 18.7916660308838 18.830415725708 18.8212509155273 18.8029174804688 18.797082901001
18.0816669464111 18.0820827484131 18.1233329772949 18.1620826721191 18.1454162597656 18.0920829772949 18.0516662597656 18.029167175293 18.0666656494141 18.1237506866455 18.1599998474121 18.2000007629395 18.2370834350586 18.2683334350586 18.2762508392334 18.2879161834717 18.2420825958252 18.2854175567627 18.3508338928223 18.4016666412354 18.5125007629395 18.4899997711182 18.4733333587646 18.502082824707 18.4758338928223 18.4654159545898 18.4612503051758 18.5545845031738 18.5983333587646 18.5874996185303 18.5487499237061 18.4516677856445 18.4366664886475 18.4612503051758 18.4170837402344 18.3708343505859 18.4362506866455 18.4762496948242 18.4712505340576 18.497917175293 18.4883327484131 18.5379161834717 18.6241664886475 18.6620826721191 18.7145824432373 18.7516670227051 18.7950000762939 18.8349990844727 18.8654174804688 18.9520835876465 18.9262504577637 18.8783340454102 18.8679161071777
18.2729167938232 18.3087501525879 18.3108329772949 18.2954177856445 18.2899990081787 18.2266674041748 18.1770839691162 18.1529159545898 18.1479167938232 18.1633338928223 18.1891670227051 18.2350006103516 18.21875 18.2545833587646 18.3370838165283 18.3333339691162 18.3374996185303 18.3391666412354 18.4187507629395 18.5012493133545 18.5324993133545 18.5487499237061 18.5129165649414 18.4812507629395 18.5091667175293 18.4887504577637 18.5358333587646 18.5970840454102 18.5637493133545 18.560417175293 18.5349998474121 18.4204158782959 18.4333343505859 18.4679164886475 18.4929161071777 18.466667175293 18.5504169464111 18.5683345794678 18.5545825958252 18.5558338165283 18.5908336639404 18.6154174804688 18.6370830535889 18.71875 18.7483329772949 18.7995834350586 18.857084274292 18.9162502288818 18.9612503051758 19.0345840454102 19.0304164886475 18.9795837402344 18.9325008392334
18.3337497711182 18.3974990844727 18.4304161071777 18.4149990081787 18.3329162597656 18.265832901001 18.2412490844727 18.1966667175293 18.1841659545898 18.1762504577637 18.2045841217041 18.250415802002 18.2883338928223 18.3225002288818 18.3620834350586 18.3491668701172 18.3600006103516 18.3362503051758 18.4116668701172 18.4770832061768 18.5183334350586 18.5487499237061 18.5062503814697 18.4958324432373 18.533332824707 18.5487499237061 18.5541667938232 18.5900001525879 18.5512504577637 18.5033340454102 18.5266666412354 18.4891662597656 18.4733333587646 18.4795837402344 18.5129165649414 18.5104160308838 18.5758323669434 18.6208324432373 18.6391658782959 18.6429176330566 18.6687507629395 18.6945838928223 18.7379169464111 18.7849998474121 18.8174991607666 18.8766670227051 18.9491672515869 19.0083332061768 19.0762500762939 19.1312503814697 19.1195831298828 19.0712509155273 19.0508327484131
18.3791656494141 18.4129161834717 18.3991661071777 18.4050006866455 18.3791675567627 18.3062496185303 18.2662506103516 18.2137489318848 18.187084197998 18.172082901001 18.1916675567627 18.2370834350586 18.2733325958252 18.330415725708 18.375 18.3504161834717 18.3412494659424 18.3629169464111 18.4208335876465 18.4825000762939 18.5324993133545 18.53125 18.5808334350586 18.6391658782959 18.6525001525879 18.6187496185303 18.594165802002 18.5458335876465 18.5337505340576 18.5062503814697 18.5216674804688 18.5283336639404 18.5062503814697 18.5375003814697 18.5829162597656 18.5991668701172 18.6554164886475 18.6891670227051 18.7041664123535 18.7204170227051 18.7399997711182 18.7454166412354 18.75 18.8041667938232 18.8666667938232 18.9420833587646 19.0666675567627 19.1637496948242 19.2041664123535 19.2129173278809 19.1712493896484 19.1416664123535 19.1020832061768
18.3295822143555 18.3766670227051 18.3824996948242 18.3741664886475 18.3695831298828 18.3679161071777 18.3054161071777 18.234167098999 18.2445831298828 18.2299995422363 18.1837501525879 18.2258338928223 18.2975006103516 18.3270835876465 18.4308338165283 18.388334274292 18.4212493896484 18.452917098999 18.4962501525879 18.5087490081787 18.5541667938232 18.5570831298828 18.5766658782959 18.6529159545898 18.6674995422363 18.6137504577637 18.624584197998 18.6037502288818 18.6045837402344 18.5687503814697 18.5558338165283 18.6049995422363 18.6120834350586 18.611665725708 18.6670837402344 18.7137508392334 18.7470836639404 18.7591667175293 18.7787494659424 18.7741661071777 18.7649993896484 18.7554168701172 18.7804164886475 18.8383331298828 18.8941669464111 18.9904174804688 19.0929164886475 19.1908340454102 19.2920837402344 19.2379169464111 19.1645832061768 19.1216659545898 19.1137504577637
18.2691669464111 18.343334197998 18.3820838928223 18.3912506103516 18.3783340454102 18.3733329772949 18.3316669464111 18.2891654968262 18.2266674041748 18.232084274292 18.2620830535889 18.325834274292 18.3166675567627 18.3495826721191 18.3687496185303 18.4054164886475 18.5270843505859 18.5283336639404 18.5062503814697 18.4679164886475 18.4983329772949 18.5908336639404 18.5987491607666 18.6362495422363 18.6858329772949 18.7170829772949 18.6341667175293 18.7049999237061 18.6595840454102 18.6129169464111 18.5962505340576 18.5729160308838 18.6004161834717 18.6416664123535 18.7291660308838 18.7937507629395 18.8325004577637 18.8520832061768 18.8358325958252 18.8358325958252 18.8216667175293 18.799165725708 18.8366661071777 18.8950004577637 18.9487495422363 18.9970836639404 19.0741672515869 19.1366672515869 19.2004165649414 19.1674995422363 19.1233329772949 19.0849990844727 19.0912494659424
18.2579154968262 18.3066654205322 18.3533325195312 18.3954162597656 18.3912506103516 18.3762493133545 18.3449993133545 18.2979164123535 18.2370834350586 18.2875003814697 18.2595825195312 18.3125 18.2741661071777 18.3470840454102 18.2858333587646 18.357084274292 18.4862499237061 18.4612503051758 18.4616661071777 18.4908332824707 18.4795837402344 18.59375 18.5795822143555 18.6737499237061 18.7299995422363 18.7604160308838 18.6754169464111 18.6812496185303 18.6862506866455 18.6579170227051 18.6629161834717 18.6762504577637 18.6829166412354 18.7241668701172 18.8141670227051 18.857084274292 18.8679161071777 18.8891658782959 18.9070835113525 18.8999996185303 18.8679161071777 18.8533344268799 18.9158325195312 18.9425010681152 18.966667175293 18.9833335876465 19.0370826721191 19.0699996948242 19.0787506103516 19.0404167175293 19.0491676330566 19.0820827484131 19.1041660308838
18.2529163360596 18.2908344268799 18.3291664123535 18.3412494659424 18.3641662597656 18.3604164123535 18.3141670227051 18.3141670227051 18.3500003814697 18.3733329772949 18.3491668701172 18.2845840454102 18.2904167175293 18.4070835113525 18.345832824707 18.3012504577637 18.3649997711182 18.4191665649414 18.4308338165283 18.4579162597656 18.5541667938232 18.609582901001 18.6370830535889 18.6900005340576 18.6887493133545 18.7254161834717 18.7583332061768 18.7024993896484 18.7129173278809 18.702917098999 18.7329158782959 18.7583332061768 18.7337493896484 18.7820835113525 18.8716659545898 18.9054164886475 18.9208335876465 18.9358329772949 18.9516658782959 18.9358329772949 18.9158344268799 18.9304161071777 18.9483337402344 18.9429168701172 18.9508323669434 18.9724998474121 18.999584197998 19.0300006866455 19.0125007629395 18.9733333587646 18.9829158782959 19.0524997711182 19.1295833587646
18.2395839691162 18.3150005340576 18.374584197998 18.3566665649414 18.3583335876465 18.4237499237061 18.4375 18.4383335113525 18.3941669464111 18.3370838165283 18.2979164123535 18.2849998474121 18.3150005340576 18.390832901001 18.343334197998 18.3174991607666 18.2279167175293 18.2749996185303 18.3158340454102 18.4729156494141 18.6275005340576 18.6595840454102 18.7245826721191 18.7600002288818 18.7445831298828 18.7795829772949 18.8029174804688 18.6916656494141 18.7141666412354 18.7154178619385 18.7537498474121 18.8004169464111 18.7674999237061 18.8212509155273 18.8737506866455 18.9412498474121 18.9933338165283 19.0320835113525 19.03125 18.9799995422363 18.9591674804688 18.9358329772949 18.9233341217041 18.9274997711182 18.9191665649414 18.9470825195312 18.9754161834717 19.0029163360596 19.0012493133545 18.9545841217041 18.9837493896484 19.0337505340576 19.093334197998
18.2275009155273 18.3083324432373 18.3962497711182 18.4104175567627 18.4179172515869 18.4108333587646 18.3983325958252 18.4045829772949 18.3408336639404 18.3712501525879 18.3575000762939 18.3295841217041 18.3575000762939 18.3733329772949 18.4387493133545 18.4616661071777 18.3995838165283 18.5162506103516 18.3970832824707 18.4600009918213 18.5462493896484 18.5854167938232 18.6154155731201 18.7441673278809 18.8495826721191 18.8649997711182 18.8354167938232 18.8233337402344 18.8237495422363 18.7804164886475 18.752082824707 18.7804164886475 18.7995834350586 18.8337497711182 18.8874988555908 18.9658336639404 19.0454158782959 19.075834274292 19.0641670227051 18.9641666412354 18.9524993896484 18.9012508392334 18.8712501525879 18.8837509155273 18.8974990844727 18.9291667938232 18.9274997711182 18.9366664886475 18.9579162597656 18.9899997711182 19.0112495422363 19.064582824707 19.1187496185303
18.3162498474121 18.3245830535889 18.3662509918213 18.3841667175293 18.3920841217041 18.4212493896484 18.3858337402344 18.359582901001 18.3512496948242 18.3304176330566 18.2816677093506 18.2849998474121 18.3887500762939 18.5995826721191 18.7245826721191 18.5579166412354 18.6029167175293 18.5612506866455 18.4629173278809 18.4408340454102 18.3687496185303 18.406665802002 18.5008335113525 18.5750007629395 18.6379165649414 18.7462501525879 18.890832901001 18.9262504577637 18.8983325958252 18.8762493133545 18.8333339691162 18.7837505340576 18.7537498474121 18.8245830535889 18.9054164886475 19.0008335113525 19.0795841217041 19.1416664123535 19.1616668701172 18.9858341217041 18.9229164123535 18.8704166412354 18.8308334350586 18.8225002288818 18.814582824707 18.8558330535889 18.9066677093506 18.9179172515869 18.9699993133545 19.0133323669434 19.0537490844727 19.1045837402344 19.0816669464111
18.4174995422363 18.3920841217041 18.3466663360596 18.3899993896484 18.4262504577637 18.3862495422363 18.3637504577637 18.34375 18.3362503051758 18.3237495422363 18.3575000762939 18.484167098999 18.6366672515869 18.6958332061768 18.6962509155273 18.655834197998 18.6504173278809 18.6275005340576 18.5829162597656 18.4724998474121 18.3816661834717 18.4191665649414 18.5070838928223 18.5695838928223 18.5954170227051 18.6662502288818 18.7429161071777 18.8454170227051 18.9420833587646 18.9029159545898 18.8933334350586 18.859582901001 18.8204174041748 18.8487491607666 18.8899993896484 18.9899997711182 19.075834274292 19.140417098999 19.1929168701172 19.0524997711182 18.8783321380615 18.8058338165283 18.7700004577637 18.7554168701172 18.7666664123535 18.8045825958252 18.845832824707 18.9012508392334 19.0074996948242 19.0166664123535 19.1154174804688 19.1212501525879 19.0662498474121
18.5083332061768 18.5025005340576 18.4433326721191 18.4866676330566 18.4387493133545 18.3624992370605 18.3162498474121 18.2983341217041 18.3229160308838 18.3975009918213 18.5249996185303 18.6370830535889 18.6474990844727 18.6337509155273 18.6370830535889 18.6537494659424 18.6433334350586 18.640417098999 18.6024990081787 18.5599994659424 18.5133323669434 18.5079174041748 18.5354175567627 18.5570831298828 18.5808334350586 18.6354160308838 18.7054176330566 18.7087497711182 18.763334274292 18.8954162597656 18.9274997711182 18.9283332824707 18.888334274292 18.9012508392334 18.950834274292 18.970832824707 19.0304164886475 19.0770835876465 19.0925006866455 19.0279159545898 18.8545837402344 18.7629165649414 18.7283325195312 18.7237510681152 18.7562503814697 18.7733325958252 18.7983341217041 18.8820838928223 18.9712505340576 19.1016674041748 19.1595840454102 19.1512489318848 -3.4e+38
18.7058334350586 18.5929164886475 18.5458335876465 18.4775009155273 18.3966655731201 18.2558326721191 18.1816673278809 18.1941661834717 18.2362499237061 18.3758335113525 18.5275001525879 18.6062507629395 18.6362495422363 18.6658325195312 18.6683330535889 18.6941661834717 18.6674995422363 18.6645832061768 18.6633338928223 18.6900005340576 18.6920833587646 18.6520824432373 18.6279163360596 18.6070823669434 18.6100006103516 18.6641654968262 18.7054176330566 18.7049999237061 18.7312507629395 18.7666664123535 18.857084274292 19.0129165649414 19.0149993896484 19.0095825195312 18.9916667938232 18.9662494659424 18.9799995422363 18.9941673278809 18.9950008392334 18.9512500762939 18.8358325958252 18.7679176330566 18.7224998474121 18.7004165649414 18.7437496185303 18.8237495422363 18.8604164123535 18.9541664123535 19.0812492370605 19.2108345031738 19.232084274292 -3.4e+38 -3.4e+38
18.8741664886475 18.7233333587646 18.627082824707 18.5037498474121 18.359582901001 18.189582824707 18.0962505340576 18.0362491607666 18.1366672515869 18.2979164123535 18.4312496185303 18.5691661834717 18.6733341217041 18.7062511444092 18.7366676330566 18.7525005340576 18.7474994659424 18.7533340454102 18.7770843505859 18.8691673278809 18.8537502288818 18.8045845031738 18.7425003051758 18.7291660308838 18.7075004577637 18.689582824707 18.7037506103516 18.7212505340576 18.7466659545898 18.8020839691162 18.8500003814697 18.9179172515869 19.0520839691162 19.0704174041748 19.0849990844727 19.0412502288818 18.9812507629395 18.9741668701172 18.9879169464111 18.9462509155273 18.8912506103516 18.8462505340576 18.8070831298828 18.7570838928223 18.7929172515869 18.8358325958252 18.9320831298828 19.0395832061768 19.2058334350586 19.2704162597656 -3.4e+38 -3.4e+38 -3.4e+38
18.859582901001 18.7375011444092 18.6350002288818 18.5179176330566 18.3958339691162 18.2612495422363 18.185417175293 18.1637496948242 18.2679176330566 18.3708324432373 18.5083332061768 18.6433334350586 18.7266674041748 18.7720832824707 18.7808322906494 18.783332824707 18.7891674041748 18.7649993896484 18.7920837402344 18.827917098999 18.8704166412354 18.7975006103516 18.7604160308838 18.7441673278809 18.7445831298828 18.7637500762939 18.78125 18.7841663360596 18.7975006103516 18.8004169464111 18.8795833587646 18.9179172515869 18.9016666412354 19.0208339691162 19.0712509155273 19.0854167938232 19.0241661071777 18.9704170227051 18.9662494659424 18.9537506103516 18.9295825958252 18.8962497711182 18.8404159545898 18.828332901001 18.8645839691162 18.9208335876465 19.0141658782959 19.1470832824707 19.3041667938232 19.4016666412354 -3.4e+38 -3.4e+38 -3.4e+38
18.8099994659424 18.7466659545898 18.6829166412354 18.5733337402344 18.502082824707 18.4212493896484 18.3962497711182 18.4091663360596 18.4604167938232 18.562084197998 18.6666660308838 18.7374992370605 18.7866668701172 18.8241672515869 18.8191661834717 18.8041667938232 18.7979164123535 18.78125 18.7858333587646 18.8029174804688 18.8320827484131 18.8349990844727 18.7904167175293 18.7724990844727 18.7608337402344 18.7954158782959 18.8291664123535 18.8795833587646 18.8391666412354 18.8287506103516 18.8250007629395 18.8654174804688 18.9174995422363 18.9500007629395 19.0237503051758 19.0591659545898 19.0383338928223 19.0112495422363 18.9791660308838 18.9475002288818 18.9408340454102 18.9150009155273 18.9054164886475 18.9137496948242 18.9495830535889 19.029167175293 19.1354160308838 19.2804164886475 19.4004173278809 19.4920825958252 -3.4e+38 -3.4e+38 -3.4e+38
