layers/avg_1930_ppt0.asc
NCOLS 292 
NROWS 291 
XLLCORNER -87.6458333327872 
YLLCORNER 24.4791666666667 
CELLSIZE 0.0416666666669039 
NODATA_value -3.4e+38 
[rows 144 to 167 of 291, columns 53 to 105 of 292]
1395.94006347656 1405.2099609375 1408.77001953125 1412.67504882812 1413.91394042969 1418.06201171875 1418.78393554688 1414.88696289062 1412.74401855469 1408.78198242188 1402.71606445312 1393.92895507812 1390.03796386719 1391.89599609375 1390.39904785156 1387.11499023438 1389.375 1390.36804199219 1385.97497558594 1376.42102050781 1372.53100585938 1369.90295410156 1363.42102050781 1363.66003417969 1372.34301757812 1380.39306640625 1386.68701171875 1392.99304199219 1394.76904296875 1394.61401367188 1392.001953125 1394.68395996094 1397.96801757812 1409.92602539062 1435.42797851562 1468.22399902344 1491.52294921875 1500.7509765625 1490.10900878906 1464.66003417969 1431.57897949219 1403.84704589844 1384.72607421875 1366.09204101562 1348.47802734375 1336.96496582031 1327.05102539062 1321.40295410156 1318.90100097656 1320.14697265625 1317.46301269531 1317.01904296875 1317.93298339844
1405.68701171875 1406.041015625 1407.1259765625 1412.42102050781 1416.14501953125 1420.28393554688 1421.83801269531 1423.94799804688 1428.30395507812 1426.76806640625 1419.20202636719 1407.88000488281 1404.43200683594 1397.84094238281 1394.54296875 1389.125 1386.68505859375 1386.71301269531 1384.30505371094 1379.36694335938 1375.68798828125 1373.64904785156 1371.416015625 1377.70703125 1390.60205078125 1403.48498535156 1415.30200195312 1421.56494140625 1422.39501953125 1416.42504882812 1412.91394042969 1411.23901367188 1416.22302246094 1434.67004394531 1468.85998535156 1502.1240234375 1524.05603027344 1532.28295898438 1520.74401855469 1493.32495117188 1456.7939453125 1424.00402832031 1395.81396484375 1370.87902832031 1348.58801269531 1334.56298828125 1326.09204101562 1320.59802246094 1320.498046875 1320.90600585938 1319.81701660156 1318.48303222656 1323.76403808594
1412.791015625 1412.37902832031 1414.666015625 1415.03796386719 1421.21105957031 1423.9140625 1427.94201660156 1438.66296386719 1447.81799316406 1449.73205566406 1441.83996582031 1429.42395019531 1418.24597167969 1407.1240234375 1397.01696777344 1393.54602050781 1388.63903808594 1386.57299804688 1387.42907714844 1387.375 1383.10595703125 1386.15600585938 1388.5400390625 1398.26501464844 1415.88696289062 1434.20300292969 1447.70397949219 1458.49694824219 1454.08898925781 1441.9169921875 1431.03601074219 1429.89196777344 1433.57299804688 1453.94201660156 1485.15795898438 1516.73095703125 1534.57397460938 1542.76599121094 1529.34802246094 1505.19604492188 1472.30297851562 1442.4169921875 1409.03698730469 1377.7060546875 1348.85998535156 1333.20104980469 1327.05700683594 1319.85900878906 1318.63598632812 1320.4189453125 1322.87902832031 1324.79699707031 1331.92504882812
1416.24194335938 1417.55895996094 1420.09301757812 1420.72595214844 1424.2490234375 1428.9169921875 1435.50305175781 1449.77404785156 1462.81506347656 1469.16198730469 1462.98901367188 1448.00402832031 1429.06103515625 1414.51293945312 1404.55798339844 1396.32495117188 1393.54602050781 1393.32397460938 1392.20397949219 1394.92004394531 1395.17993164062 1398.24206542969 1406.8349609375 1419.67700195312 1442.05395507812 1468.04895019531 1488.71704101562 1496.09204101562 1486.21398925781 1467.75402832031 1451.56896972656 1443.19799804688 1448.39599609375 1463.18798828125 1486.14001464844 1508.90100097656 1525.52197265625 1531.91796875 1517.9970703125 1499.93994140625 1473.583984375 1444.65698242188 1412.10803222656 1385.73095703125 1358.32104492188 1336.48193359375 1326.34094238281 1316.82495117188 1317.44006347656 1320.61596679688 1327.44799804688 1334.55200195312 1334.60498046875
1415.26696777344 1419.35095214844 1424.17700195312 1425.19897460938 1428.70397949219 1433.51904296875 1439.56103515625 1450.40002441406 1464.76098632812 1474.3759765625 1467.27404785156 1451.78796386719 1434.65295410156 1421.041015625 1409.79296875 1405.5419921875 1399.75 1400.26501464844 1402.80895996094 1401.93005371094 1404.15295410156 1407.42004394531 1421.11694335938 1440.91198730469 1466.98205566406 1491.65905761719 1511.77600097656 1518.56201171875 1503.62805175781 1483.49401855469 1465.79602050781 1464.93005371094 1466.22998046875 1474.7890625 1483.29504394531 1495.32397460938 1505.80505371094 1517.59399414062 1508.65405273438 1488.39807128906 1468.58996582031 1443.10205078125 1418.81799316406 1393.01501464844 1367.61804199219 1347.46496582031 1334.373046875 1321.37902832031 1320.8310546875 1326.00598144531 1334.11499023438 1338.18200683594 1341.93798828125
1414.99499511719 1418.43200683594 1424.69396972656 1430.41198730469 1438.9150390625 1441.86499023438 1443.42199707031 1446.50695800781 1452.97302246094 1458.88500976562 1455.51501464844 1446.38305664062 1434.02795410156 1423.18298339844 1417.90295410156 1410.59497070312 1408.60803222656 1411.84399414062 1413.65905761719 1412.80102539062 1417.08703613281 1418.61401367188 1434.68395996094 1456.67297363281 1479.09094238281 1498.75402832031 1512.74499511719 1517.59997558594 1510.33801269531 1500.42297363281 1489.93505859375 1483.21496582031 1481.50598144531 1482.57897949219 1486.79699707031 1491.76696777344 1495.2919921875 1499.78295898438 1495.05200195312 1477.47802734375 1461.56604003906 1447.85095214844 1424.51904296875 1400.76696777344 1375.67504882812 1360.86596679688 1350.77600097656 1338.35205078125 1334.81103515625 1339.90893554688 1344.80395507812 1349.34802246094 1351.08203125
1420.16101074219 1421.07397460938 1423.83801269531 1432.90100097656 1444.87194824219 1448.23193359375 1447.33898925781 1451.05297851562 1447.64196777344 1443.23205566406 1440.36303710938 1438.46496582031 1433.84802246094 1428.13403320312 1422.24304199219 1416.21704101562 1416.91003417969 1419.31896972656 1420.10498046875 1422.78503417969 1430.05505371094 1433.18200683594 1443.31604003906 1463.56005859375 1483.08605957031 1496.63403320312 1506.94799804688 1509.61694335938 1506.03698730469 1503.1279296875 1495.70104980469 1492.2939453125 1486.57897949219 1486.79296875 1493.69702148438 1497.91296386719 1495.53601074219 1493.59301757812 1490.25305175781 1482.22595214844 1467.63098144531 1456.55102539062 1438.2099609375 1413.35803222656 1389.13903808594 1378.56396484375 1367.25598144531 1361.22802734375 1359.16101074219 1360.15197753906 1359.1259765625 1357.94995117188 1359.68103027344
1429.57397460938 1431.90698242188 1431.90295410156 1436.17602539062 1441.18603515625 1447.18701171875 1450.14001464844 1447.71496582031 1445.67004394531 1442.73303222656 1434.70593261719 1434.95397949219 1431.89294433594 1429.78601074219 1428.25805664062 1425.39404296875 1425.94299316406 1428.34704589844 1429.23193359375 1433.35693359375 1440.40502929688 1448.50500488281 1458.42297363281 1473.64501953125 1486.30895996094 1497.84204101562 1505.21398925781 1506.94201660156 1506.60400390625 1501.16101074219 1500.24194335938 1496.45202636719 1495.31396484375 1497.251953125 1495.42700195312 1497.02600097656 1498.07202148438 1495.88598632812 1493.21997070312 1492.91198730469 1487.43395996094 1474.34399414062 1455.28100585938 1433.61303710938 1418.54797363281 1403.78100585938 1392.76293945312 1387.05395507812 1378.54602050781 1378.56994628906 1375.56201171875 1372.56896972656 1366.28503417969
1441.25 1441.958984375 1438.66101074219 1439.17102050781 1438.80505371094 1443.11901855469 1448.00402832031 1447.84594726562 1443.9560546875 1441.23706054688 1433.61999511719 1429.13293457031 1432.81201171875 1434.45593261719 1432.68103027344 1432.34106445312 1432.17797851562 1432.68005371094 1437.166015625 1444.998046875 1456.84594726562 1469.23706054688 1479.2939453125 1490.81396484375 1493.11804199219 1495.89001464844 1496.06799316406 1498.35998535156 1501.16796875 1504.63098144531 1504.55700683594 1506.5400390625 1508.11596679688 1503.88696289062 1501.83996582031 1499.90905761719 1504.18298339844 1509.376953125 1510.06201171875 1506.15100097656 1506.93798828125 1503.53503417969 1487.24499511719 1473.14404296875 1459.27600097656 1445.98706054688 1435.08703613281 1416.92102050781 1402.80505371094 1394.68896484375 1388.92700195312 1386.1240234375 1379.03405761719
1440.81799316406 1447.92004394531 1445.97802734375 1442.33898925781 1439.49194335938 1440.39099121094 1441.61596679688 1442.80603027344 1443.65905761719 1439.22998046875 1433.26501464844 1430.46203613281 1433.72302246094 1436.17504882812 1437.416015625 1435.48803710938 1433.35693359375 1438.95397949219 1447.80505371094 1460.70703125 1475.68298339844 1486.32592773438 1494.88098144531 1497.64099121094 1493.24694824219 1492.27197265625 1488.31701660156 1488.05700683594 1491.51098632812 1495.3759765625 1499.70202636719 1499.77294921875 1497.86804199219 1497.78601074219 1502.29602050781 1509.17602539062 1517.14404296875 1521.80603027344 1524.75500488281 1524.61499023438 1520.36499023438 1523.84399414062 1529.68701171875 1525.87902832031 1518.53601074219 1503.5859375 1484.19702148438 1462.55297851562 1444.34399414062 1424.34692382812 1407.27294921875 1396.92797851562 1390.88500976562
1440.31896972656 1444.30102539062 1453.38403320312 1453.92797851562 1448.93005371094 1441.67297363281 1439.27795410156 1439.57006835938 1440.5419921875 1437.80505371094 1432.47204589844 1431.48498535156 1434.916015625 1436.6669921875 1437.41394042969 1441.89001464844 1443.82104492188 1452.96203613281 1463.65405273438 1478.23400878906 1494.8310546875 1505.2099609375 1511.27893066406 1508.20300292969 1505.96704101562 1503.06396484375 1496.45092773438 1494.20703125 1484.17895507812 1472.53198242188 1465.97998046875 1462.62902832031 1473.89196777344 1490.65295410156 1503.51098632812 1519.30297851562 1529.05200195312 1534.19702148438 1539.53002929688 1546.02502441406 1551.67297363281 1557.17602539062 1571.501953125 1580.02099609375 1575.39196777344 1565.1279296875 1540.71801757812 1513.82800292969 1484.86096191406 1459.04504394531 1434.97399902344 1416.57397460938 1408.57702636719
1444.38806152344 1448.26000976562 1454.61804199219 1460.06799316406 1458.22302246094 1452.64697265625 1445.00598144531 1440.751953125 1439.08703613281 1437.22705078125 1431.85205078125 1433.02404785156 1436.23400878906 1438.28100585938 1445.03405761719 1454.53796386719 1464.05200195312 1478.18603515625 1496.14697265625 1508.76599121094 1522.07299804688 1532.95104980469 1528.04296875 1528.5390625 1525.59399414062 1515.2099609375 1501.82604980469 1484.10998535156 1468.06799316406 1455.94702148438 1449.52697753906 1450.64794921875 1457.91101074219 1474.57299804688 1486.05700683594 1496.64294433594 1516.25402832031 1535.11499023438 1550.47705078125 1558.67004394531 1566.07702636719 1573.74304199219 1586.15600585938 1599.87805175781 1611.51306152344 1609.31506347656 1593.4169921875 1563.35205078125 1524.083984375 1489.68298339844 1462.8759765625 1439.42797851562 1426.041015625
1437.76293945312 1449.708984375 1459.66296386719 1463.251953125 1462.19396972656 1458.40795898438 1451.96606445312 1447.81396484375 1442.39599609375 1439.27001953125 1434.03393554688 1435.30700683594 1440.27600097656 1444.08203125 1456.05200195312 1470.46997070312 1489.13000488281 1506.9990234375 1524.18395996094 1534.38000488281 1541.64404296875 1551.44604492188 1549.05895996094 1545.98205566406 1533.25 1505.63903808594 1473.42895507812 1458.25305175781 1455.45104980469 -3.4e+38 1444.35595703125 -3.4e+38 -3.4e+38 -3.4e+38 -3.4e+38 1481.63696289062 1495.27502441406 1524.78796386719 1546.07507324219 1567.78100585938 1580.07092285156 1586.87292480469 1593.79895019531 1603.90405273438 1617.03601074219 1617.11499023438 1609.89001464844 1592.8310546875 1558.76599121094 1513.375 1479.75598144531 1461.80895996094 1436.06396484375
1428.52807617188 1443.25 1457.91796875 1468.833984375 1467.67797851562 1462.98803710938 1457.67504882812 1454.05895996094 1448.66296386719 1441.38598632812 1443.66101074219 1444.30700683594 1447.33996582031 1453.30297851562 1467.13195800781 1484.19506835938 1500.76696777344 1516.3349609375 1534.28796386719 1543.52905273438 1550.03698730469 1556.81604003906 1555.50598144531 1550.61901855469 1519.43505859375 1481.25500488281 1462.33898925781 -3.4e+38 -3.4e+38 -3.4e+38 -3.4e+38 -3.4e+38 -3.4e+38 -3.4e+38 -3.4e+38 -3.4e+38 1484.76196289062 1508.83093261719 1534.73095703125 1552.91296386719 1570.17004394531 1584.67102050781 1597.65405273438 1604.44702148438 1613.08898925781 1618.9560546875 1610.83203125 1600.30603027344 1578.34704589844 1543.61108398438 1502.4990234375 1471.46301269531 1443.48095703125
1419.45495605469 1434.41003417969 1449.28796386719 1469.66796875 1474.61401367188 1465.75903320312 1465.00500488281 1459.08898925781 1452.33703613281 1447.7490234375 1446.55200195312 1452.05700683594 1458.2470703125 1466.626953125 1478.625 1492.05200195312 1500.75 1508.55700683594 1523.60803222656 1538.23095703125 1547.86804199219 1554.83703613281 1553.77905273438 1543.61901855469 1507.01696777344 1482.51806640625 -3.4e+38 -3.4e+38 -3.4e+38 -3.4e+38 -3.4e+38 -3.4e+38 -3.4e+38 -3.4e+38 -3.4e+38 -3.4e+38 -3.4e+38 -3.4e+38 1513.01098632812 1531.80798339844 1552.54296875 1568.583984375 1582.26501464844 1597.85205078125 1601.53295898438 1602.9990234375 1610.6220703125 1611.87097167969 1600.48095703125 1564.99401855469 1521.13500976562 1485.70092773438 1456.81799316406
1415.14904785156 1431.70300292969 1446.90197753906 1463.47900390625 1476.8330078125 1471.68505859375 1468.1689453125 1463.59997558594 1458.21594238281 1457.26306152344 1456.73706054688 1465.56799316406 1472.251953125 1478.94396972656 1486.80603027344 1492.31799316406 1493.19201660156 1498.9609375 1510.36206054688 1524.12805175781 1530.80505371094 1533.03405761719 1527.80993652344 1521.95300292969 1509.03100585938 1487.60498046875 -3.4e+38 -3.4e+38 -3.4e+38 -3.4e+38 -3.4e+38 -3.4e+38 -3.4e+38 -3.4e+38 -3.4e+38 -3.4e+38 -3.4e+38 -3.4e+38 -3.4e+38 -3.4e+38 1520.84204101562 1544.43994140625 1562.36096191406 1578.63403320312 1597.38098144531 1606.11303710938 1616.02294921875 1618.85205078125 1613.56494140625 1596.09997558594 1557.81799316406 1519.78002929688 1492.44104003906
-3.4e+38 1431.67895507812 1454.71606445312 1463.34997558594 1475.38806152344 1475.60302734375 1469.98999023438 1470.419921875 1471.38598632812 1471.02001953125 1468.79895019531 1476.06494140625 1479.66796875 1485.18103027344 1486.19604492188 1487.5439453125 1490.16296386719 1497.47302246094 1503.50598144531 1503.708984375 1507.68103027344 1509.2099609375 -3.4e+38 -3.4e+38 1494.46301269531 1484.9580078125 -3.4e+38 -3.4e+38 -3.4e+38 -3.4e+38 -3.4e+38 -3.4e+38 -3.4e+38 -3.4e+38 -3.4e+38 -3.4e+38 -3.4e+38 -3.4e+38 -3.4e+38 -3.4e+38 -3.4e+38 -3.4e+38 1529.42602539062 1553.81604003906 1581.81896972656 1601.41296386719 1627.54602050781 1629.08996582031 1630.92895507812 1623.41101074219 1599.75 1567.36804199219 1539.11596679688
-3.4e+38 1439.93005371094 1463.98706054688 1471.44006347656 1480.50500488281 1476.5 1475.87194824219 1476.57299804688 1479.30700683594 1480.46899414062 1478.5859375 1479.78198242188 1480.47399902344 1481.93798828125 1486.93005371094 1490.80395507812 1495.80603027344 1498.7919921875 1496.90100097656 1497.30395507812 1503.54296875 -3.4e+38 -3.4e+38 -3.4e+38 -3.4e+38 -3.4e+38 -3.4e+38 -3.4e+38 -3.4e+38 -3.4e+38 -3.4e+38 -3.4e+38 -3.4e+38 -3.4e+38 -3.4e+38 -3.4e+38 -3.4e+38 -3.4e+38 -3.4e+38 -3.4e+38 -3.4e+38 -3.4e+38 -3.4e+38 1531.09301757812 1573.56994628906 1607.55798339844 1626.42297363281 1638.42504882812 1643.99694824219 1648.47204589844 1646.49401855469 1627.32397460938 1602.00793457031
-3.4e+38 1455.05700683594 1472.12097167969 1479.59497070312 1483.60095214844 1485.46398925781 1485.74096679688 1480.10595703125 1477.55102539062 1477.77502441406 1476.43200683594 1475.72705078125 1476.98303222656 1480.57800292969 1486.41198730469 1493.78100585938 1497.07897949219 1496.93603515625 1496.42895507812 1502.19897460938 1505.80297851562 -3.4e+38 -3.4e+38 -3.4e+38 -3.4e+38 -3.4e+38 -3.4e+38 -3.4e+38 -3.4e+38 -3.4e+38 -3.4e+38 -3.4e+38 -3.4e+38 -3.4e+38 -3.4e+38 -3.4e+38 -3.4e+38 -3.4e+38 -3.4e+38 -3.4e+38 -3.4e+38 -3.4e+38 -3.4e+38 -3.4e+38 1561.25 1604.89697265625 1625.55297851562 1644.19604492188 1657.17004394531 1661.47607421875 1662.4150390625 1653.94702148438 1637.39697265625
-3.4e+38 1466.22204589844 1473.44104003906 1482.06005859375 1485.31896972656 1485.94995117188 1486.66101074219 1485.85705566406 1479.83898925781 1474.1259765625 1472.42199707031 1474.21398925781 1474.53295898438 1479.42504882812 1481.06799316406 1486.71899414062 1491.01403808594 1498.041015625 1502.54602050781 1503.55993652344 -3.4e+38 -3.4e+38 -3.4e+38 -3.4e+38 -3.4e+38 -3.4e+38 -3.4e+38 -3.4e+38 -3.4e+38 -3.4e+38 -3.4e+38 -3.4e+38 -3.4e+38 -3.4e+38 -3.4e+38 -3.4e+38 -3.4e+38 -3.4e+38 -3.4e+38 -3.4e+38 -3.4e+38 -3.4e+38 -3.4e+38 -3.4e+38 1539.2900390625 1590.56201171875 1629.63293457031 1647.958984375 1674.49401855469 1684.50402832031 1680.00805664062 1674.26599121094 1669.39404296875
-3.4e+38 1467.22900390625 1474.93005371094 1476.57592773438 1476.4599609375 1475.58203125 1475.26196289062 1473.74304199219 1474.51000976562 1472.31604003906 1469.58898925781 1468.73400878906 1471.84204101562 1474.080078125 1480.14294433594 1488.47900390625 1494.05798339844 1497.20703125 -3.4e+38 -3.4e+38 -3.4e+38 -3.4e+38 -3.4e+38 -3.4e+38 -3.4e+38 -3.4e+38 -3.4e+38 -3.4e+38 -3.4e+38 -3.4e+38 -3.4e+38 -3.4e+38 -3.4e+38 -3.4e+38 -3.4e+38 -3.4e+38 -3.4e+38 -3.4e+38 -3.4e+38 -3.4e+38 -3.4e+38 -3.4e+38 -3.4e+38 -3.4e+38 -3.4e+38 1559.76000976562 1608.13696289062 1643.11596679688 1673.8310546875 1689.21801757812 1690.78698730469 1687.01000976562 1679.92504882812
-3.4e+38 1466.62194824219 1472.01904296875 1475.498046875 1476.13195800781 1472.64001464844 1467.59802246094 1464.56201171875 1461.57202148438 1464.25903320312 1467.93798828125 1466.47705078125 1468.05895996094 1478.39794921875 1486.55297851562 1491.26000976562 -3.4e+38 -3.4e+38 -3.4e+38 -3.4e+38 -3.4e+38 -3.4e+38 -3.4e+38 -3.4e+38 -3.4e+38 -3.4e+38 -3.4e+38 -3.4e+38 -3.4e+38 -3.4e+38 -3.4e+38 -3.4e+38 -3.4e+38 -3.4e+38 -3.4e+38 -3.4e+38 -3.4e+38 -3.4e+38 -3.4e+38 -3.4e+38 -3.4e+38 -3.4e+38 -3.4e+38 -3.4e+38 -3.4e+38 -3.4e+38 1575.48498535156 1618.44396972656 1651.69799804688 1674.79602050781 1680.81896972656 1689.32397460938 1687.05895996094
-3.4e+38 -3.4e+38 -3.4e+38 -3.4e+38 -3.4e+38 1478.20300292969 1476.8759765625 1471.43896484375 1465.123046875 1463.43896484375 1462.9169921875 1465.71398925781 1473.88500976562 1482.00598144531 -3.4e+38 -3.4e+38 -3.4e+38 -3.4e+38 -3.4e+38 -3.4e+38 -3.4e+38 -3.4e+38 -3.4e+38 -3.4e+38 -3.4e+38 -3.4e+38 -3.4e+38 -3.4e+38 -3.4e+38 -3.4e+38 -3.4e+38 -3.4e+38 -3.4e+38 -3.4e+38 -3.4e+38 -3.4e+38 -3.4e+38 -3.4e+38 -3.4e+38 -3.4e+38 -3.4e+38 -3.4e+38 -3.4e+38 -3.4e+38 -3.4e+38 -3.4e+38 -3.4e+38 -3.4e+38 -3.4e+38 1656.36401367188 1668.67199707031 1683.37097167969 1685.6650390625
-3.4e+38 -3.4e+38 -3.4e+38 -3.4e+38 -3.4e+38 -3.4e+38 -3.4e+38 -3.4e+38 1475.2080078125 1475.63098144531 1472.96398925781 1473.7490234375 -3.4e+38 -3.4e+38 -3.4e+38 -3.4e+38 -3.4e+38 -3.4e+38 -3.4e+38 -3.4e+38 -3.4e+38 -3.4e+38 -3.4e+38 -3.4e+38 -3.4e+38 -3.4e+38 -3.4e+38 -3.4e+38 -3.4e+38 -3.4e+38 -3.4e+38 -3.4e+38 -3.4e+38 -3.4e+38 -3.4e+38 -3.4e+38 -3.4e+38 -3.4e+38 -3.4e+38 -3.4e+38 -3.4e+38 -3.4e+38 -3.4e+38 -3.4e+38 -3.4e+38 -3.4e+38 -3.4e+38 -3.4e+38 -3.4e+38 1630.64697265625 1646.60803222656 1654.71594238281 1670.56201171875
