layers/avg_2014_tmean0.asc
NCOLS 292 
NROWS 291 
XLLCORNER -87.6458333327872 
YLLCORNER 24.4791666666667 
CELLSIZE 0.0416666666669039 
NODATA_value -3.4e+38 
[rows 144 to 167 of 291, columns 53 to 105 of 292]
18.7449989318848 18.7754173278809 18.7875003814697 18.921667098999 19.0399990081787 19.1241664886475 19.2408332824707 19.0220832824707 19.0791664123535 19.156665802002 19.1729164123535 19.1766662597656 19.0324993133545 18.9791660308838 18.8441677093506 18.8220825195312 18.841667175293 18.8895835876465 18.8966674804688 18.9524993896484 19.0341663360596 19.1162509918213 19.185417175293 19.1504173278809 19.1820831298828 19.2608337402344 19.2491664886475 19.2404155731201 19.1629161834717 19.1633338928223 19.1333332061768 19.0658340454102 19.0766658782959 19.075834274292 19.0362491607666 19.0929164886475 19.0725002288818 19.0887489318848 19.0774993896484 19.1237506866455 19.125415802002 19.1375007629395 19.1550006866455 19.1845836639404 19.2579154968262 19.3316669464111 19.3579158782959 19.4125003814697 19.515832901001 19.5504169464111 19.6312503814697 19.6512508392334 19.6649990081787
18.8016662597656 18.7883338928223 18.8537502288818 18.9829158782959 19.0962505340576 19.1525001525879 19.2024993896484 19.0237503051758 19.0870838165283 19.1299991607666 19.1516666412354 19.0079174041748 18.9150009155273 18.8916664123535 18.8854160308838 18.9266662597656 18.9895839691162 18.9912490844727 19.0204162597656 19.1162490844727 19.0949993133545 19.1670837402344 19.2395839691162 19.2370834350586 19.296667098999 19.3066673278809 19.2987499237061 19.2237510681152 19.1837501525879 19.1875 19.1654167175293 19.1495838165283 19.1279163360596 19.1258335113525 19.1545829772949 19.1025009155273 19.1129169464111 19.158332824707 19.09375 19.0945835113525 19.1137504577637 19.1475009918213 19.185417175293 19.2325000762939 19.3245830535889 19.3758335113525 19.4316673278809 19.5424995422363 19.5654163360596 19.6104164123535 19.6370830535889 19.6020832061768 19.7141666412354
18.8712501525879 18.8445835113525 18.8804168701172 18.9166660308838 18.9179172515869 19.0737495422363 19.1416664123535 19.0695838928223 19.0870838165283 19.1491661071777 19.1620826721191 19.0362510681152 18.9825000762939 18.9599990844727 19.0437507629395 19.0241661071777 19.0216674804688 19.0220832824707 19.0666656494141 19.1666679382324 19.1812496185303 19.2120838165283 19.3050003051758 19.3170833587646 19.4129161834717 19.422082901001 19.327917098999 19.2912502288818 19.2283344268799 19.2395839691162 19.2550010681152 19.1629161834717 19.1883335113525 19.2562503814697 19.1916656494141 19.109167098999 19.0962505340576 19.1233329772949 19.1154174804688 19.0862503051758 19.1550006866455 19.220832824707 19.2683334350586 19.3299999237061 19.3995838165283 19.4675006866455 19.5445823669434 19.562084197998 19.5499992370605 19.5404167175293 19.6016654968262 19.6804161071777 19.7099990844727
18.9266662597656 18.9445838928223 18.9408340454102 18.9545841217041 19.0279159545898 19.0429172515869 19.1266670227051 19.0487499237061 19.0845832824707 19.1554164886475 19.1700000762939 19.091667175293 19.0745830535889 19.1037502288818 19.1279163360596 19.1304168701172 19.1391658782959 19.1379165649414 19.1537494659424 19.1983337402344 19.2325000762939 19.3191661834717 19.388334274292 19.4874992370605 19.497917175293 19.5258331298828 19.5033340454102 19.388334274292 19.3954162597656 19.3675003051758 19.3191661834717 19.2370834350586 19.2562503814697 19.2958335876465 19.1900005340576 19.1283340454102 19.0950012207031 19.1062507629395 19.1291656494141 19.1333332061768 19.1929168701172 19.279167175293 19.3724994659424 19.4225006103516 19.4475002288818 19.5225009918213 19.5324993133545 19.5212497711182 19.5079154968262 19.564582824707 19.6133327484131 19.6508331298828 19.6991672515869
18.9791660308838 18.9958343505859 18.9724998474121 19.0300006866455 19.002082824707 19.0337505340576 19.1220836639404 19.0550003051758 19.1033325195312 19.1616668701172 19.1574993133545 19.109167098999 19.1187496185303 19.1454162597656 19.1554164886475 19.1908340454102 19.189582824707 19.1749992370605 19.216667175293 19.2879161834717 19.3225002288818 19.343334197998 19.408332824707 19.5149993896484 19.5866661071777 19.6383323669434 19.6554164886475 19.5879173278809 19.4954166412354 19.4020824432373 19.3666667938232 19.3041667938232 19.3470840454102 19.327917098999 19.2258338928223 19.1529159545898 19.109582901001 19.1625003814697 19.1808338165283 19.1991672515869 19.2758331298828 19.3395824432373 19.3891658782959 19.4641666412354 19.4949989318848 19.4954166412354 19.5337505340576 19.517915725708 19.5574989318848 19.6166667938232 19.6333332061768 19.6395835876465 19.6891670227051
19.0220832824707 19.0083332061768 18.9904174804688 19.0025005340576 19.03125 19.0666656494141 19.1049995422363 19.031665802002 19.1141662597656 19.1362495422363 19.138334274292 19.1162490844727 19.158332824707 19.2012500762939 19.2404174804688 19.2529163360596 19.2408332824707 19.2583332061768 19.2591667175293 19.2783336639404 19.3099994659424 19.3483333587646 19.439582824707 19.5429153442383 19.5912494659424 19.6804161071777 19.7445831298828 19.7016658782959 19.6304168701172 19.5349998474121 19.4329166412354 19.3762493133545 19.4429168701172 19.3670825958252 19.3466663360596 19.2595825195312 19.2408332824707 19.2462501525879 19.2508335113525 19.2941665649414 19.3358325958252 19.3641662597656 19.4133338928223 19.4575004577637 19.4416675567627 19.4637508392334 19.5025005340576 19.5537490844727 19.5974998474121 19.5945835113525 19.6004161834717 19.6233329772949 19.6708335876465
19.0249996185303 18.9962501525879 19.0062503814697 19.0245838165283 19 19.0137500762939 19.062915802002 19.0812492370605 19.142915725708 19.1375007629395 19.1429176330566 19.1304168701172 19.1695823669434 19.174165725708 19.1933326721191 19.2237491607666 19.2595825195312 19.2662506103516 19.2454166412354 19.2541656494141 19.294584274292 19.345832824707 19.4541664123535 19.5224990844727 19.5666656494141 19.6791667938232 19.7020835876465 19.6745834350586 19.6162509918213 19.5083332061768 19.4416656494141 19.4341678619385 19.4650001525879 19.4424991607666 19.4733333587646 19.4604167938232 19.4074993133545 19.3795833587646 19.3870830535889 19.4137496948242 19.4045829772949 19.4158325195312 19.4620838165283 19.4699993133545 19.4566669464111 19.4799995422363 19.497917175293 19.5279159545898 19.5362491607666 19.515832901001 19.5249996185303 19.5654163360596 19.6612491607666
19.0354175567627 18.9987506866455 18.9850006103516 19.002082824707 18.9950008392334 19.0054168701172 19.0450000762939 19.0795841217041 19.1024990081787 19.1291656494141 19.1450004577637 19.15625 19.1612510681152 19.187915802002 19.1929168701172 19.2212505340576 19.2279167175293 19.2224998474121 19.2245826721191 19.2441673278809 19.2899990081787 19.3420829772949 19.4262504577637 19.4466667175293 19.4983329772949 19.6308345794678 19.6345825195312 19.5812492370605 19.5341663360596 19.4983329772949 19.4874992370605 19.4637508392334 19.4404163360596 19.4479160308838 19.4812488555908 19.484582901001 19.4412498474121 19.4329166412354 19.4799995422363 19.4812507629395 19.4766674041748 19.4500007629395 19.4941673278809 19.4783325195312 19.452917098999 19.4691677093506 19.4783325195312 19.469165802002 19.4966659545898 19.4929161071777 19.4883327484131 19.5270843505859 19.687915802002
19.0399990081787 18.9887504577637 18.9383335113525 18.9158325195312 18.9262504577637 18.9829177856445 19.0320835113525 19.0387496948242 19.0133323669434 19.0791664123535 19.1162509918213 19.1287498474121 19.1433334350586 19.1991672515869 19.2179164886475 19.2004165649414 19.1833324432373 19.2066669464111 19.2237491607666 19.2483329772949 19.2533340454102 19.3270835876465 19.3887500762939 19.4304161071777 19.4600009918213 19.5270824432373 19.5579166412354 19.533332824707 19.5262489318848 19.4858341217041 19.4429168701172 19.3875007629395 19.3841667175293 19.3929176330566 19.46875 19.4758338928223 19.470832824707 19.4591674804688 19.4866676330566 19.5125007629395 19.5100002288818 19.5183334350586 19.5483322143555 19.4887504577637 19.4458332061768 19.4262504577637 19.4349994659424 19.4462490081787 19.4645824432373 19.4754161834717 19.4720821380615 19.5662498474121 19.7070846557617
19.0641670227051 18.970832824707 18.9458332061768 18.9016666412354 18.8958339691162 18.9233341217041 18.9916667938232 18.9970836639404 18.9925003051758 18.9929161071777 19.049165725708 19.0787506103516 19.1129169464111 19.1787490844727 19.2333335876465 19.2195835113525 19.1949996948242 19.2250003814697 19.2579154968262 19.2845840454102 19.2645835876465 19.3345832824707 19.4187507629395 19.4524993896484 19.4724998474121 19.4883327484131 19.5087490081787 19.4812507629395 19.4887504577637 19.4420833587646 19.3708343505859 19.3349990844727 19.3370838165283 19.3608341217041 19.4108333587646 19.4500007629395 19.4762496948242 19.5066661834717 19.5058326721191 19.5283336639404 19.5487499237061 19.5704154968262 19.5504169464111 19.5058326721191 19.4204158782959 19.3583335876465 19.3662490844727 19.3870830535889 19.4470825195312 19.4729175567627 19.4974994659424 19.5808334350586 19.6612491607666
19.1737499237061 19.064582824707 18.953332901001 18.8887500762939 18.8791675567627 18.890417098999 18.9337501525879 18.9629173278809 18.9575004577637 18.9604167938232 19.002082824707 19.0558338165283 19.1087493896484 19.187915802002 19.2504177093506 19.2470836639404 19.2237510681152 19.236665725708 19.2712497711182 19.3220825195312 19.3208332061768 19.3804168701172 19.4316673278809 19.4512500762939 19.484167098999 19.5141658782959 19.4883327484131 19.4454174041748 19.4283332824707 19.3600006103516 19.2754173278809 19.2458324432373 19.2529163360596 19.2875003814697 19.3449993133545 19.3899993896484 19.4283332824707 19.4695835113525 19.5204162597656 19.5283336639404 19.5254173278809 19.5129165649414 19.5112495422363 19.4791660308838 19.4012508392334 19.3370838165283 19.3383331298828 19.3824996948242 19.4958324432373 19.530834197998 19.5487499237061 19.6220836639404 19.6612491607666
19.3012504577637 19.2008323669434 19.0362510681152 18.9249992370605 18.859582901001 18.8566665649414 18.8974990844727 18.9320831298828 18.9475002288818 18.9566669464111 18.9912490844727 19.0599994659424 19.1479167938232 19.200834274292 19.2483329772949 19.2724990844727 19.2545833587646 19.2570838928223 19.3150005340576 19.3587493896484 19.4020843505859 19.4383335113525 19.4775009155273 19.4691677093506 19.4699993133545 19.466667175293 19.4266662597656 19.4166660308838 19.4320831298828 19.4095840454102 19.3758335113525 19.3379173278809 19.3441677093506 19.3083343505859 19.2937507629395 19.2933330535889 19.3420829772949 19.4166660308838 19.4787502288818 19.4974994659424 19.469165802002 19.4583339691162 19.421667098999 19.3637504577637 19.3641662597656 19.3525009155273 19.3383331298828 19.3999996185303 19.4779167175293 19.515832901001 19.5254173278809 19.6258335113525 19.6175003051758
19.3950004577637 19.2991676330566 19.1495838165283 18.9933338165283 18.9191665649414 18.8720836639404 18.9099998474121 18.9479160308838 18.9675006866455 18.9816665649414 19.0450000762939 19.1041660308838 19.1745834350586 19.2399997711182 19.2687492370605 19.3000011444092 19.3295841217041 19.3712501525879 19.3937492370605 19.4258327484131 19.4595832824707 19.4762496948242 19.5104160308838 19.4704170227051 19.4312496185303 19.4500007629395 19.5062503814697 19.5504169464111 19.499584197998 -3.4e+38 19.466667175293 -3.4e+38 -3.4e+38 -3.4e+38 -3.4e+38 19.3495845794678 19.3270835876465 19.3558330535889 19.408332824707 19.4375 19.3924999237061 19.34375 19.3237495422363 19.2758331298828 19.2733345031738 19.345832824707 19.3795833587646 19.4004173278809 19.4266662597656 19.4412498474121 19.5337505340576 19.5716667175293 19.5716667175293
19.4520835876465 19.3983325958252 19.267915725708 19.1054172515869 19.0141677856445 18.952917098999 18.953332901001 18.9804172515869 19.0145835876465 19.029167175293 19.0854167938232 19.1662502288818 19.2320823669434 19.3024997711182 19.3237495422363 19.374584197998 19.4245834350586 19.4599990844727 19.4741668701172 19.4916667938232 19.5504169464111 19.5562496185303 19.5720825195312 19.5262508392334 19.5275001525879 19.5454177856445 19.5220832824707 -3.4e+38 -3.4e+38 -3.4e+38 -3.4e+38 -3.4e+38 -3.4e+38 -3.4e+38 -3.4e+38 -3.4e+38 19.3391666412354 19.3624992370605 19.3620834350586 19.3333339691162 19.3108329772949 19.2883338928223 19.2420825958252 19.202917098999 19.2199993133545 19.3162498474121 19.3795833587646 19.404167175293 19.3941669464111 19.4454174041748 19.5266666412354 19.5416660308838 19.5662498474121
19.5562496185303 19.5170841217041 19.3816661834717 19.2649993896484 19.1650009155273 19.0695838928223 19.013334274292 19.0266666412354 19.0737495422363 19.1137504577637 19.1762504577637 19.234167098999 19.310417175293 19.3691673278809 19.4287509918213 19.4724998474121 19.5129165649414 19.5491676330566 19.5570831298828 19.5983333587646 19.593334197998 19.5979175567627 19.562084197998 19.5712490081787 19.6187496185303 19.5579166412354 -3.4e+38 -3.4e+38 -3.4e+38 -3.4e+38 -3.4e+38 -3.4e+38 -3.4e+38 -3.4e+38 -3.4e+38 -3.4e+38 -3.4e+38 -3.4e+38 19.3575000762939 19.3233337402344 19.2554168701172 19.1983337402344 19.2075004577637 19.1845836639404 19.2024993896484 19.2950000762939 19.3487510681152 19.3791656494141 19.419584274292 19.4599990844727 19.5233325958252 19.5424995422363 19.5637493133545
19.4454154968262 19.6149997711182 19.5304164886475 19.4016666412354 19.3112506866455 19.2433338165283 19.1445827484131 19.1141662597656 19.154167175293 19.2279167175293 19.2950000762939 19.3395843505859 19.4254169464111 19.4795837402344 19.547082901001 19.5829162597656 19.5904159545898 19.6066665649414 19.609167098999 19.6183338165283 19.6083335876465 19.6187496185303 19.6362495422363 19.6783332824707 19.6783332824707 19.5670833587646 -3.4e+38 -3.4e+38 -3.4e+38 -3.4e+38 -3.4e+38 -3.4e+38 -3.4e+38 -3.4e+38 -3.4e+38 -3.4e+38 -3.4e+38 -3.4e+38 -3.4e+38 -3.4e+38 19.2587490081787 19.1891670227051 19.1587505340576 19.1833324432373 19.2112503051758 19.2720832824707 19.3187503814697 19.4016666412354 19.4645824432373 19.5279159545898 19.5750007629395 19.6000003814697 19.6158332824707
-3.4e+38 19.4799995422363 19.7558326721191 19.5795841217041 19.4479160308838 19.4004173278809 19.3250007629395 19.2504177093506 19.3041667938232 19.3787498474121 19.4600009918213 19.5087509155273 19.5816669464111 19.6370830535889 19.6687507629395 19.6679172515869 19.6512508392334 19.6420841217041 19.6529159545898 19.7179164886475 19.7649993896484 19.7387504577637 -3.4e+38 -3.4e+38 19.5733337402344 19.5879173278809 -3.4e+38 -3.4e+38 -3.4e+38 -3.4e+38 -3.4e+38 -3.4e+38 -3.4e+38 -3.4e+38 -3.4e+38 -3.4e+38 -3.4e+38 -3.4e+38 -3.4e+38 -3.4e+38 -3.4e+38 -3.4e+38 19.1495819091797 19.1662502288818 19.2170829772949 19.2695827484131 19.3199996948242 19.4054164886475 19.4958343505859 19.5641670227051 19.5874996185303 19.6016674041748 19.6220836639404
-3.4e+38 19.3841667175293 19.6858329772949 19.8491668701172 19.6508331298828 19.577917098999 19.5066661834717 19.4658336639404 19.5224990844727 19.5733337402344 19.638334274292 19.6862506866455 19.7458343505859 19.7904167175293 19.7829170227051 19.7583332061768 19.7558326721191 19.8062496185303 19.8487491607666 19.8808326721191 19.7395839691162 -3.4e+38 -3.4e+38 -3.4e+38 -3.4e+38 -3.4e+38 -3.4e+38 -3.4e+38 -3.4e+38 -3.4e+38 -3.4e+38 -3.4e+38 -3.4e+38 -3.4e+38 -3.4e+38 -3.4e+38 -3.4e+38 -3.4e+38 -3.4e+38 -3.4e+38 -3.4e+38 -3.4e+38 -3.4e+38 19.140417098999 19.2304153442383 19.2762508392334 19.3316669464111 19.4074993133545 19.5079174041748 19.5387496948242 19.5595836639404 19.5670833587646 19.6299991607666
-3.4e+38 19.4295825958252 19.5712509155273 19.9920825958252 19.861665725708 19.7154159545898 19.6712493896484 19.6674995422363 19.7329158782959 19.7958335876465 19.8462505340576 19.8779163360596 19.9245834350586 19.9670829772949 19.9837493896484 19.9833335876465 19.9887504577637 20.0079154968262 19.9120826721191 19.7441673278809 19.6554164886475 -3.4e+38 -3.4e+38 -3.4e+38 -3.4e+38 -3.4e+38 -3.4e+38 -3.4e+38 -3.4e+38 -3.4e+38 -3.4e+38 -3.4e+38 -3.4e+38 -3.4e+38 -3.4e+38 -3.4e+38 -3.4e+38 -3.4e+38 -3.4e+38 -3.4e+38 -3.4e+38 -3.4e+38 -3.4e+38 -3.4e+38 19.2037506103516 19.2849998474121 19.3174991607666 19.3624992370605 19.4433326721191 19.5016670227051 19.547082901001 19.5929164886475 19.6683330535889
-3.4e+38 19.5029163360596 19.594165802002 20.0054168701172 20.1200008392334 19.9312496185303 19.844165802002 19.8562507629395 19.9483337402344 20.0170822143555 20.0858325958252 20.1133327484131 20.1599998474121 20.1979160308838 20.1904163360596 20.1495819091797 20.0687503814697 19.9145832061768 19.7733325958252 19.6862506866455 -3.4e+38 -3.4e+38 -3.4e+38 -3.4e+38 -3.4e+38 -3.4e+38 -3.4e+38 -3.4e+38 -3.4e+38 -3.4e+38 -3.4e+38 -3.4e+38 -3.4e+38 -3.4e+38 -3.4e+38 -3.4e+38 -3.4e+38 -3.4e+38 -3.4e+38 -3.4e+38 -3.4e+38 -3.4e+38 -3.4e+38 -3.4e+38 19.1941661834717 19.2612495422363 19.3295841217041 19.3608341217041 19.4208335876465 19.4854164123535 19.5450000762939 19.6016674041748 19.6795825958252
-3.4e+38 19.5495834350586 19.6266670227051 20.0300006866455 20.2616672515869 20.1504173278809 20.077917098999 20.1087493896484 20.1766662597656 20.2354164123535 20.265417098999 20.2720832824707 20.3087501525879 20.3225002288818 20.1920833587646 20.0320835113525 19.9099998474121 19.812915802002 -3.4e+38 -3.4e+38 -3.4e+38 -3.4e+38 -3.4e+38 -3.4e+38 -3.4e+38 -3.4e+38 -3.4e+38 -3.4e+38 -3.4e+38 -3.4e+38 -3.4e+38 -3.4e+38 -3.4e+38 -3.4e+38 -3.4e+38 -3.4e+38 -3.4e+38 -3.4e+38 -3.4e+38 -3.4e+38 -3.4e+38 -3.4e+38 -3.4e+38 -3.4e+38 -3.4e+38 19.3191661834717 19.34375 19.4200000762939 19.4500007629395 19.500415802002 19.5633335113525 19.6275005340576 19.6841659545898
-3.4e+38 19.6529159545898 19.6224994659424 19.8420829772949 20.1770839691162 20.2608337402344 20.236665725708 20.2583332061768 20.3083324432373 20.3166656494141 20.3237495422363 20.2987499237061 20.2725009918213 20.1858329772949 20.0679168701172 19.9579162597656 -3.4e+38 -3.4e+38 -3.4e+38 -3.4e+38 -3.4e+38 -3.4e+38 -3.4e+38 -3.4e+38 -3.4e+38 -3.4e+38 -3.4e+38 -3.4e+38 -3.4e+38 -3.4e+38 -3.4e+38 -3.4e+38 -3.4e+38 -3.4e+38 -3.4e+38 -3.4e+38 -3.4e+38 -3.4e+38 -3.4e+38 -3.4e+38 -3.4e+38 -3.4e+38 -3.4e+38 -3.4e+38 -3.4e+38 -3.4e+38 19.4204158782959 19.422082901001 19.4945831298828 19.547082901001 19.5895843505859 19.6424999237061 19.6758327484131
-3.4e+38 -3.4e+38 -3.4e+38 -3.4e+38 -3.4e+38 20.0008335113525 20.111665725708 20.2708339691162 20.3087501525879 20.2775001525879 20.2683334350586 20.2737503051758 20.2437496185303 20.1399993896484 -3.4e+38 -3.4e+38 -3.4e+38 -3.4e+38 -3.4e+38 -3.4e+38 -3.4e+38 -3.4e+38 -3.4e+38 -3.4e+38 -3.4e+38 -3.4e+38 -3.4e+38 -3.4e+38 -3.4e+38 -3.4e+38 -3.4e+38 -3.4e+38 -3.4e+38 -3.4e+38 -3.4e+38 -3.4e+38 -3.4e+38 -3.4e+38 -3.4e+38 -3.4e+38 -3.4e+38 -3.4e+38 -3.4e+38 -3.4e+38 -3.4e+38 -3.4e+38 -3.4e+38 -3.4e+38 -3.4e+38 19.594165802002 19.6175003051758 19.6391658782959 19.6745834350586
-3.4e+38 -3.4e+38 -3.4e+38 -3.4e+38 -3.4e+38 -3.4e+38 -3.4e+38 -3.4e+38 20.2391662597656 20.2083320617676 20.2045841217041 20.2420825958252 -3.4e+38 -3.4e+38 -3.4e+38 -3.4e+38 -3.4e+38 -3.4e+38 -3.4e+38 -3.4e+38 -3.4e+38 -3.4e+38 -3.4e+38 -3.4e+38 -3.4e+38 -3.4e+38 -3.4e+38 -3.4e+38 -3.4e+38 -3.4e+38 -3.4e+38 -3.4e+38 -3.4e+38 -3.4e+38 -3.4e+38 -3.4e+38 -3.4e+38 -3.4e+38 -3.4e+38 -3.4e+38 -3.4e+38 -3.4e+38 -3.4e+38 -3.4e+38 -3.4e+38 -3.4e+38 -3.4e+38 -3.4e+38 -3.4e+38 19.6416664123535 19.6916656494141 19.6666660308838 19.6908340454102
