layers/avg_2014_tmin0.asc
NCOLS 292 
NROWS 291 
XLLCORNER -87.6458333327872 
YLLCORNER 24.4791666666667 
CELLSIZE 0.0416666666669039 
NODATA_value -3.4e+38 
[rows 144 to 167 of 291, columns 106 to 158 of 292]
13.3733329772949 13.1833333969116 13.0308332443237 12.9750003814697 12.9099998474121 12.7141666412354 12.618332862854 12.6641664505005 12.8208332061768 13.0283336639404 13.2150001525879 13.2991666793823 13.3241672515869 13.2983331680298 13.3024997711182 13.3066663742065 13.2991666793823 13.2758331298828 13.3150005340576 13.3641672134399 13.3883333206177 13.3625001907349 13.4641666412354 13.5308332443237 13.5925006866455 13.658332824707 13.6191663742065 13.6841669082642 13.7524995803833 13.7566661834717 13.6199998855591 13.5924997329712 13.6891670227051 13.8316669464111 13.9116668701172 13.9891672134399 14.1274995803833 14.3208332061768 14.7016668319702 15.2141666412354 15.6700000762939 15.9475002288818 16.1783332824707 -3.4e+38 -3.4e+38 -3.4e+38 -3.4e+38 -3.4e+38 -3.4e+38 -3.4e+38 -3.4e+38 -3.4e+38 -3.4e+38
13.4733333587646 13.2841663360596 13.2025003433228 13.0208330154419 12.7950000762939 12.5900001525879 12.3958330154419 12.5058336257935 12.765832901001 13.0316667556763 13.2383337020874 13.345832824707 13.3691663742065 13.3375005722046 13.2924995422363 13.2674999237061 13.3066663742065 13.3658332824707 13.3783330917358 13.3991670608521 13.4566669464111 13.5250005722046 13.5966663360596 13.5799999237061 13.6216669082642 13.6183338165283 13.5466661453247 13.5874996185303 13.6750001907349 13.6608333587646 13.6016664505005 13.6083335876465 13.6158332824707 13.8233327865601 13.8599996566772 13.9433336257935 14.1158332824707 14.3324995040894 14.7375001907349 15.2950000762939 15.7233333587646 15.9875001907349 16.1966667175293 -3.4e+38 -3.4e+38 -3.4e+38 -3.4e+38 -3.4e+38 -3.4e+38 -3.4e+38 -3.4e+38 -3.4e+38 -3.4e+38
13.4983329772949 13.4324998855591 13.3083333969116 13.1833333969116 12.9049997329712 12.6274995803833 12.4808330535889 12.5924997329712 12.8899993896484 13.1883335113525 13.3100004196167 13.3824996948242 13.4383335113525 13.3150005340576 13.2666664123535 13.2508335113525 13.2791662216187 13.3575000762939 13.4083337783813 13.4575004577637 13.4866666793823 13.5033330917358 13.5349998474121 13.6424999237061 13.6783332824707 13.6724996566772 13.5825004577637 13.6191663742065 13.6424999237061 13.5591669082642 13.5166664123535 13.5474996566772 13.5541667938232 13.7891664505005 13.8791666030884 14.0183334350586 14.2258338928223 14.3949995040894 14.7708330154419 15.3216667175293 15.7891664505005 16.0691661834717 16.2374992370605 -3.4e+38 -3.4e+38 -3.4e+38 -3.4e+38 -3.4e+38 -3.4e+38 -3.4e+38 -3.4e+38 -3.4e+38 -3.4e+38
13.5200004577637 13.4658336639404 13.4300003051758 13.3500003814697 13.1583337783813 12.8858337402344 12.783332824707 12.8616666793823 13.1216669082642 13.3633327484131 13.4674997329712 13.4799995422363 13.4558334350586 13.4250001907349 13.283332824707 13.3374996185303 13.3175001144409 13.3258333206177 13.4116668701172 13.4416666030884 13.4916667938232 13.4766664505005 13.4966669082642 13.5491666793823 13.5799999237061 13.5833330154419 13.539999961853 13.5275001525879 13.6858329772949 13.6458330154419 13.5966663360596 13.5875005722046 13.6758337020874 13.8333339691162 13.9850006103516 14.1266670227051 14.3325004577637 14.6258335113525 14.9200000762939 15.4058332443237 15.8158330917358 16.0658340454102 16.2408332824707 16.3833332061768 -3.4e+38 -3.4e+38 -3.4e+38 -3.4e+38 -3.4e+38 -3.4e+38 -3.4e+38 -3.4e+38 -3.4e+38
13.5600004196167 13.5600004196167 13.533332824707 13.4591665267944 13.4883337020874 13.4658336639404 13.3149995803833 13.2600002288818 13.3074998855591 13.3733329772949 13.5 13.4891662597656 13.4966669082642 13.4483337402344 13.3958330154419 13.3675003051758 13.3491668701172 13.3633337020874 13.3933334350586 13.4075002670288 13.4200000762939 13.3900003433228 13.4416666030884 13.4508333206177 13.4825000762939 13.4250001907349 13.4241666793823 13.4383335113525 13.7150001525879 13.7074995040894 13.7233333587646 13.7383337020874 13.7250003814697 13.9266662597656 14.1341667175293 14.2775001525879 14.5758333206177 14.9425001144409 15.220832824707 15.6016664505005 15.835000038147 16.0216674804688 16.2283325195312 16.3924999237061 -3.4e+38 -3.4e+38 -3.4e+38 -3.4e+38 -3.4e+38 -3.4e+38 -3.4e+38 -3.4e+38 -3.4e+38
13.5408334732056 13.5833330154419 13.5641670227051 13.5958337783813 13.6891670227051 13.6925001144409 13.6625003814697 13.6300001144409 13.5100002288818 13.4283332824707 13.4616661071777 13.4641666412354 13.4549999237061 13.359167098999 13.390832901001 13.4125003814697 13.4033336639404 13.3549995422363 13.381667137146 13.3666667938232 13.3374996185303 13.3208332061768 13.3791666030884 13.3299999237061 13.3458337783813 13.3950004577637 13.4875001907349 13.5858335494995 13.7583332061768 13.7475004196167 13.7550001144409 13.727499961853 13.7241668701172 13.9366664886475 14.2775001525879 14.5875005722046 14.9333333969116 15.2766666412354 15.5924997329712 15.6608333587646 15.8633337020874 15.921667098999 16.2291660308838 16.4341659545898 -3.4e+38 -3.4e+38 -3.4e+38 -3.4e+38 -3.4e+38 -3.4e+38 -3.4e+38 -3.4e+38 -3.4e+38
13.5408334732056 13.5358333587646 13.6033334732056 13.75 13.9316663742065 13.9849996566772 13.8666667938232 13.7866668701172 13.6424999237061 13.5733327865601 13.5216665267944 13.4416666030884 13.3675003051758 13.3649997711182 13.4033336639404 13.3983335494995 13.3625001907349 13.3116664886475 13.4233331680298 13.3741664886475 13.3291664123535 13.2550001144409 13.2683334350586 13.2124996185303 13.3033332824707 13.2383337020874 13.3266668319702 13.3891668319702 13.6916666030884 13.7066669464111 13.7341661453247 13.7375001907349 13.7991666793823 13.9908332824707 14.4591665267944 15.0349998474121 15.5291662216187 15.8324995040894 15.9158334732056 15.7250003814697 15.6566667556763 15.8366661071777 16.1591663360596 16.3991661071777 -3.4e+38 -3.4e+38 -3.4e+38 -3.4e+38 -3.4e+38 -3.4e+38 -3.4e+38 -3.4e+38 -3.4e+38
13.4825000762939 13.5158338546753 13.6133337020874 13.7991666793823 14.006667137146 14.1058330535889 14.046667098999 13.9008331298828 13.7558336257935 13.5233335494995 13.4508333206177 13.3175001144409 13.4075002670288 13.3874998092651 13.3358335494995 13.3649997711182 13.3400001525879 13.3316669464111 13.3558330535889 13.3550004959106 13.3199996948242 13.2699995040894 13.2233333587646 13.1816663742065 13.158332824707 13.2425003051758 13.2849998474121 13.3158330917358 13.5775003433228 13.6766662597656 13.6558332443237 13.647500038147 13.743332862854 14.091667175293 14.7133331298828 15.4475002288818 16.1158332824707 16.4491672515869 16.280834197998 16.0091667175293 15.7475004196167 15.8191661834717 16.0591659545898 16.280834197998 -3.4e+38 -3.4e+38 -3.4e+38 -3.4e+38 -3.4e+38 -3.4e+38 -3.4e+38 -3.4e+38 -3.4e+38
13.3900003433228 13.4525003433228 13.5391664505005 13.6991662979126 13.8800001144409 13.9783334732056 13.9991664886475 13.9066667556763 13.8583335876465 13.6983337402344 13.6466665267944 13.4525003433228 13.3733329772949 13.3083333969116 13.3141660690308 13.3466663360596 13.3583335876465 13.430832862854 13.4875001907349 13.4741668701172 13.4308338165283 13.4091663360596 13.2841663360596 13.2249994277954 13.2183332443237 13.3175001144409 13.272500038147 13.2783336639404 13.5074996948242 13.6333332061768 13.6191663742065 13.5383338928223 13.6883335113525 14.1491670608521 14.8716669082642 15.6750001907349 16.3808326721191 16.8708324432373 16.6350002288818 16.2666664123535 15.8625001907349 15.8541669845581 16.0575008392334 16.2933330535889 16.5741672515869 -3.4e+38 -3.4e+38 -3.4e+38 -3.4e+38 -3.4e+38 -3.4e+38 -3.4e+38 -3.4e+38
13.3091669082642 13.3566665649414 13.4375 13.5500001907349 13.6958332061768 13.7941665649414 13.8458337783813 13.9099998474121 13.8758335113525 13.7908334732056 13.6824998855591 13.3625001907349 13.4433336257935 13.5091667175293 13.4616661071777 13.4041662216187 13.3575000762939 13.4883337020874 13.4916667938232 13.5058336257935 13.5833330154419 13.5325002670288 13.4983329772949 13.4549999237061 13.3999996185303 13.3800001144409 13.397500038147 13.4549999237061 13.5616664886475 13.7383337020874 13.703332901001 13.6450004577637 13.8275003433228 14.3008337020874 15.015832901001 15.7666664123535 16.4675006866455 16.9833335876465 16.7749996185303 16.3600006103516 15.9700002670288 15.8783330917358 16.0991668701172 16.3400001525879 16.5750007629395 -3.4e+38 -3.4e+38 -3.4e+38 -3.4e+38 -3.4e+38 -3.4e+38 -3.4e+38 -3.4e+38
13.2150001525879 13.2583332061768 13.3241662979126 13.3841667175293 13.5174999237061 13.5833330154419 13.625 13.6875 13.5391664505005 13.5424995422363 13.404167175293 13.3791666030884 13.3691663742065 13.4383335113525 13.1908330917358 13.4175004959106 13.4866666793823 13.4783334732056 13.5241661071777 13.6241664886475 13.6291666030884 13.609167098999 13.6433334350586 13.6016664505005 13.5524997711182 13.5174999237061 13.5675001144409 13.5991668701172 13.5866661071777 13.8074998855591 13.8116664886475 13.7558336257935 13.8083333969116 14.2550001144409 14.9549999237061 15.7241668701172 16.4466667175293 16.8366661071777 16.6375007629395 16.2758331298828 15.9475002288818 15.8299999237061 16.031665802002 16.2466659545898 16.4850006103516 -3.4e+38 -3.4e+38 -3.4e+38 -3.4e+38 -3.4e+38 -3.4e+38 -3.4e+38 -3.4e+38
13.1175003051758 13.1049995422363 13.1283330917358 13.1966667175293 13.3333330154419 13.4016666412354 13.4133338928223 13.414999961853 13.3741674423218 13.3733329772949 13.3958330154419 13.3483333587646 13.2775001525879 13.203332901001 13.1258335113525 13.2616662979126 13.4075002670288 13.4733333587646 13.5275001525879 13.6199998855591 13.6949996948242 13.6891670227051 13.7166662216187 13.7608337402344 13.7016668319702 13.6908330917358 13.710000038147 13.7216663360596 13.6291666030884 13.8400001525879 13.7866668701172 13.8808336257935 13.8616666793823 14.1908330917358 14.8024997711182 15.5716667175293 16.1516666412354 16.5183334350586 16.3633327484131 16.0216674804688 15.7816667556763 15.7325000762939 15.9266662597656 16.1725006103516 16.4050006866455 -3.4e+38 -3.4e+38 -3.4e+38 -3.4e+38 -3.4e+38 -3.4e+38 -3.4e+38 -3.4e+38
13.0050001144409 12.9866666793823 13.0083332061768 13.0799999237061 13.1633329391479 13.272500038147 13.3216667175293 13.3400001525879 13.2991666793823 13.3308334350586 13.3491668701172 13.305832862854 13.2249994277954 13.1833333969116 13.2650003433228 13.283332824707 13.3783330917358 13.5441665649414 13.5699996948242 13.6625003814697 13.671667098999 13.7008333206177 13.7291669845581 13.7358331680298 13.779167175293 13.8316669464111 13.8583335876465 13.8691663742065 13.7174997329712 13.8483333587646 13.765832901001 13.8516664505005 14.0599994659424 14.2558336257935 14.6750001907349 15.227499961853 15.7391662597656 16.174165725708 15.9983329772949 15.7883338928223 15.6116666793823 15.5675001144409 15.7483329772949 16.0808334350586 16.3658332824707 16.5750007629395 -3.4e+38 -3.4e+38 -3.4e+38 -3.4e+38 -3.4e+38 -3.4e+38 -3.4e+38
13.0458335876465 13.0649995803833 13.1141662597656 13.0966663360596 13.1066665649414 13.1449995040894 13.2200002670288 13.2616672515869 13.2550001144409 13.2866668701172 13.2875003814697 13.1908330917358 13.1908330917358 13.220832824707 13.3266668319702 13.3608331680298 13.3383331298828 13.460000038147 13.506667137146 13.6333332061768 13.6816663742065 13.6958332061768 13.7558336257935 13.8391666412354 13.9158334732056 13.9508333206177 14.0091667175293 13.9791669845581 13.8708333969116 14.0058336257935 13.930832862854 14.0258331298828 14.1166667938232 14.0633335113525 14.4591665267944 15.0325002670288 15.5683336257935 15.8924999237061 15.845832824707 15.7074995040894 15.6066665649414 15.5425004959106 15.6533336639404 15.9441661834717 16.2908344268799 16.5008335113525 -3.4e+38 -3.4e+38 -3.4e+38 -3.4e+38 -3.4e+38 -3.4e+38 -3.4e+38
13.1191663742065 13.1875 13.2483329772949 13.2266664505005 13.1225004196167 13.1125001907349 13.0883331298828 13.1225004196167 13.2216663360596 13.2033338546753 13.2366666793823 13.2025003433228 13.2533330917358 13.2666664123535 13.2908334732056 13.3149995803833 13.4958333969116 13.5725002288818 13.595832824707 13.6458330154419 13.6666669845581 13.6266660690308 13.8000001907349 13.897500038147 13.9633331298828 14.085000038147 14.1499996185303 14.0816669464111 13.9224996566772 14.0208330154419 14.0166664123535 14.0358333587646 13.9499998092651 14.0233335494995 14.2958335876465 14.8391666412354 15.3133335113525 15.7924995422363 15.944167137146 15.7491664886475 15.5950002670288 15.4941663742065 15.5708332061768 15.8491668701172 16.1599998474121 16.4516658782959 -3.4e+38 -3.4e+38 -3.4e+38 -3.4e+38 -3.4e+38 -3.4e+38 -3.4e+38
13.1841669082642 13.1849994659424 13.2558336257935 13.3191661834717 13.2933330535889 13.1975002288818 13.0583333969116 13.0950002670288 13.1666669845581 13.1975002288818 13.1575002670288 13.2283334732056 13.2849998474121 13.3099994659424 13.4308338165283 13.4733333587646 13.3841667175293 13.4224996566772 13.5683336257935 13.6691665649414 13.6166667938232 13.5891666412354 13.8208332061768 13.9283332824707 14.0533332824707 14.2333335876465 14.3291664123535 14.2308330535889 14.0174999237061 14.0083332061768 14.006667137146 13.9724998474121 14.0650005340576 14.1108331680298 14.2483339309692 14.6274995803833 15.0574998855591 15.4366664886475 15.6616668701172 15.8266668319702 15.5766668319702 15.4849996566772 15.5016670227051 15.7775001525879 16.078332901001 16.4166660308838 -3.4e+38 -3.4e+38 -3.4e+38 -3.4e+38 -3.4e+38 -3.4e+38 -3.4e+38
13.2325000762939 13.2583332061768 13.3233337402344 13.375 13.2708330154419 13.2058334350586 13.1300001144409 13.0833330154419 13.1283330917358 13.0974998474121 13.1091661453247 13.2016668319702 13.2741670608521 13.3216667175293 13.2708330154419 13.1525001525879 13.3050003051758 13.5716667175293 13.4716663360596 13.5133333206177 13.6366662979126 13.8308334350586 13.9116668701172 13.9633331298828 14.1141672134399 14.289999961853 14.3924999237061 14.2416667938232 13.9991664886475 13.9858331680298 14.0625 14.1300001144409 14.164999961853 14.0775003433228 14.3133335113525 14.4858331680298 14.8366670608521 15.2466669082642 15.5625 15.6558332443237 15.4825000762939 15.4108333587646 15.4058332443237 15.6291666030884 15.9799995422363 16.3291664123535 16.6158332824707 -3.4e+38 -3.4e+38 -3.4e+38 -3.4e+38 -3.4e+38 -3.4e+38
13.3041667938232 13.359167098999 13.3666667938232 13.3433332443237 13.2550001144409 13.2191667556763 13.1041669845581 13.0366668701172 13.0458335876465 13.1708335876465 13.2399997711182 13.1149997711182 13.2008333206177 13.1741666793823 13.1891670227051 13.154167175293 13.4949998855591 13.7591667175293 13.8158330917358 13.6975002288818 13.6691665649414 13.7425003051758 13.8741664886475 13.9658336639404 14.0766668319702 14.1766662597656 14.2158336639404 14.118332862854 13.9799995422363 13.9875001907349 14.0658330917358 14.1424999237061 14.210000038147 14.147500038147 14.3074998855591 14.4225006103516 14.7366666793823 15.1308336257935 15.4700002670288 15.6875 15.4691667556763 15.3791666030884 15.3649997711182 15.4966669082642 15.8383331298828 16.203332901001 16.5400009155273 -3.4e+38 -3.4e+38 -3.4e+38 -3.4e+38 -3.4e+38 -3.4e+38
13.3233337402344 13.3666667938232 13.3366670608521 13.296667098999 13.2699995040894 13.2116670608521 13.1099996566772 13.0016670227051 13.0741672515869 13.180832862854 13.2058334350586 13.131667137146 13.0933332443237 13.0691661834717 13.1308336257935 13.2633333206177 13.3966665267944 13.5983333587646 13.7866668701172 13.8125 13.7666664123535 13.7466669082642 13.8299999237061 13.9616670608521 13.9991664886475 14.0699996948242 14.1099996566772 14.0799999237061 14.0258331298828 14.0633335113525 14.1483335494995 14.227499961853 14.2533330917358 14.2633333206177 14.3516664505005 14.4791669845581 14.6958332061768 15.0374994277954 15.3800001144409 15.6616668701172 15.4333333969116 15.2333335876465 15.1283330917358 15.2433338165283 15.6149997711182 16.0375003814697 16.4366664886475 -3.4e+38 -3.4e+38 -3.4e+38 -3.4e+38 -3.4e+38 -3.4e+38
13.3158330917358 13.3074998855591 13.3091669082642 13.2999992370605 13.2758331298828 13.1899995803833 13.0299997329712 13.0216665267944 13.1283330917358 13.2508335113525 13.2474994659424 13.243332862854 13.2566661834717 13.2608337402344 13.2683334350586 13.3766670227051 13.484167098999 13.5349998474121 13.6283330917358 13.8341665267944 13.8924999237061 13.9075002670288 13.9633331298828 13.9691667556763 13.9616670608521 14.0183334350586 14.0541667938232 14.1241664886475 14.1841669082642 14.1750001907349 14.3116664886475 14.3708333969116 14.2325000762939 14.296667098999 14.4025001525879 14.5133333206177 14.7449998855591 15.0291662216187 15.3341665267944 15.484167098999 15.5174999237061 15.1108331680298 14.8699998855591 15.0141668319702 15.381667137146 15.875 16.3516674041748 -3.4e+38 -3.4e+38 -3.4e+38 -3.4e+38 -3.4e+38 -3.4e+38
13.2924995422363 13.2950000762939 13.3058338165283 13.2866668701172 13.2325000762939 13.2016668319702 13.0308332443237 13.0991668701172 13.1983337402344 13.2983331680298 13.3708333969116 13.3508329391479 13.3541669845581 13.3783330917358 13.328332901001 13.4033336639404 13.4525003433228 13.7383337020874 13.7666664123535 13.8583335876465 14.0408334732056 14.039999961853 14.0199995040894 13.9258337020874 13.944167137146 14.0275001525879 14.0883331298828 14.1700000762939 14.2391662597656 14.2866668701172 14.3308334350586 14.2600002288818 14.3199996948242 14.2600002288818 14.375 14.4966669082642 14.7699995040894 14.9566669464111 15.2108335494995 15.4291667938232 15.5174999237061 15.0066661834717 14.6000003814697 14.7741670608521 15.1599998474121 15.7141666412354 16.2150001525879 16.595832824707 -3.4e+38 -3.4e+38 -3.4e+38 -3.4e+38 -3.4e+38
13.2466669082642 13.2383337020874 13.2991666793823 13.3183336257935 13.3408336639404 13.2775001525879 13.1175003051758 13.1750001907349 13.2849998474121 13.3725004196167 13.4791660308838 13.4483337402344 13.4691667556763 13.5200004577637 13.4583330154419 13.4658327102661 13.5166664123535 13.6891670227051 13.9908332824707 14.0733337402344 14.1608333587646 14.147500038147 14.0775003433228 14.0074996948242 13.9691667556763 14.1008338928223 14.1466665267944 14.1808338165283 14.2216663360596 14.2991666793823 14.3200006484985 14.2333335876465 14.2799997329712 14.1849994659424 14.3958339691162 14.6208333969116 14.7425003051758 14.9349994659424 15.2299995422363 15.3308334350586 15.2591667175293 14.9241666793823 14.6975002288818 14.7550001144409 15.0383329391479 15.5349998474121 16.046667098999 16.4008331298828 -3.4e+38 -3.4e+38 -3.4e+38 -3.4e+38 -3.4e+38
13.1925001144409 13.1733331680298 13.3374996185303 13.4624996185303 13.4566669464111 13.359167098999 13.2483329772949 13.3050003051758 13.3808336257935 13.4108333587646 13.4933338165283 13.539999961853 13.5424995422363 13.5816669464111 13.5524997711182 13.5524997711182 13.625 13.6791667938232 13.9033336639404 13.9566669464111 14.0108337402344 14.1783332824707 14.1233339309692 14.0358333587646 14.0641670227051 14.0974998474121 14.1358327865601 14.1641664505005 14.1908330917358 14.2441663742065 14.2025003433228 14.0816669464111 14.1458330154419 14.2258338928223 14.4016666412354 14.5983333587646 14.546667098999 14.6708335876465 14.9499998092651 14.9899997711182 14.9349994659424 14.8325004577637 14.710000038147 14.6833333969116 14.9183330535889 15.3158330917358 15.8316669464111 16.2858333587646 -3.4e+38 -3.4e+38 -3.4e+38 -3.4e+38 -3.4e+38
13.3233327865601 13.3299999237061 13.5291662216187 13.6066665649414 13.5416669845581 13.4375 13.3633337020874 13.4375 13.4849996566772 13.4975004196167 13.5241670608521 13.5383338928223 13.6549997329712 13.6908330917358 13.6566667556763 13.6350002288818 13.6941661834717 13.7408332824707 13.8083333969116 13.8083333969116 13.8824996948242 13.9416666030884 14.0933332443237 14.0799999237061 14.0583333969116 14.085000038147 14.1199998855591 14.1499996185303 14.1750001907349 14.1708335876465 14.1233329772949 14.1283330917358 14.1875 14.2558336257935 14.3933334350586 14.5249996185303 14.3883333206177 14.5600004196167 14.8549995422363 14.9741668701172 14.8308334350586 14.7716665267944 14.7058334350586 14.7433338165283 14.9116668701172 15.2358331680298 15.7325000762939 16.200834274292 16.3991661071777 -3.4e+38 -3.4e+38 -3.4e+38 -3.4e+38
