layers/avg_1930_ppt0.asc
NCOLS 292 
NROWS 291 
XLLCORNER -87.6458333327872 
YLLCORNER 24.4791666666667 
CELLSIZE 0.0416666666669039 
NODATA_value -3.4e+38 
[rows 120 to 143 of 291, columns 106 to 158 of 292]
1188.85595703125 1189.9150390625 1189.82604980469 1188.11804199219 1188.35803222656 1191.25695800781 1193.2900390625 1194.92102050781 1197.06201171875 1198.26794433594 1199.42395019531 1203.21997070312 1209.96105957031 1217.98303222656 1220.16101074219 1219.46398925781 1220.33703613281 1220.75805664062 1223.22802734375 1225.1240234375 1221.75305175781 1215.91101074219 1210.43896484375 1207.92895507812 1209.21899414062 1218.54296875 1227.083984375 1236.14196777344 1246.32800292969 1250.66003417969 1254.11901855469 1265.23803710938 1269.25500488281 1267.27197265625 1265.38500976562 1264.11804199219 1262.32702636719 1259.35998535156 1257.49499511719 1257.44702148438 1257.77404785156 1257.62194824219 1260.38000488281 1261.55102539062 1262.48901367188 1258.77600097656 1243.3740234375 1241.64099121094 1236.81005859375 1222.46801757812 -3.4e+38 -3.4e+38 -3.4e+38
1181.376953125 1181.50598144531 1183.97802734375 1184.4140625 1186.54602050781 1190.15197753906 1192.11303710938 1193.27893066406 1196.93103027344 1200.26000976562 1201.27197265625 1202.95202636719 1208.97998046875 1217.70007324219 1222.708984375 1224.84802246094 1230.03393554688 1230.27197265625 1227.49096679688 1227.39404296875 1229.51403808594 1230.75598144531 1231.03405761719 1225.82104492188 1224.71801757812 1227.05798339844 1231.92297363281 1240.3330078125 1249.97302246094 1255.08801269531 1259.65295410156 1263.416015625 1264.88098144531 1263.10998535156 1263.43701171875 1263.87097167969 1262.7919921875 1260.34899902344 1266.32592773438 1271.54504394531 1272.98095703125 1269.14794921875 1268.56896972656 1270.58203125 1265.8310546875 1261.02600097656 1249.26000976562 1249.28503417969 1237.77001953125 -3.4e+38 -3.4e+38 -3.4e+38 -3.4e+38
1171.46594238281 1171.64501953125 1175.70300292969 1181.05102539062 1183.958984375 1187.67700195312 1191.61596679688 1193.90600585938 1197.57800292969 1202.01501464844 1204.47497558594 1209.10095214844 1214.86499023438 1221.81799316406 1225.6640625 1228.19604492188 1235.40600585938 1237.91394042969 1233.28100585938 1236.90795898438 1244.28100585938 1248.57897949219 1244.78698730469 1239.67895507812 1236.66198730469 1238.56494140625 1241.21105957031 1246.52001953125 1253.56604003906 1258.68896484375 1262.30102539062 1264.0859375 1265.39404296875 1265.18005371094 1265.18200683594 1266.75402832031 1266.541015625 1271.42004394531 1279.03100585938 1280.89904785156 1284.63403320312 1276.583984375 1279.20202636719 1275.42895507812 1270.42895507812 1260.38500976562 1259.61499023438 1256.95202636719 1244.43005371094 -3.4e+38 -3.4e+38 -3.4e+38 -3.4e+38
1159.55004882812 1161.66296386719 1167.00305175781 1175.68005371094 1185.6650390625 1189.93701171875 1192.31604003906 1193.18005371094 1198.291015625 1200.79296875 1207.89904785156 1212.16101074219 1217.23803710938 1223.34594726562 1226.44995117188 1232.50793457031 1234.46105957031 1243.3349609375 1248.0419921875 1250.76696777344 1254.69604492188 1255.50903320312 1254.59301757812 1252.68395996094 1247.53503417969 1244.80700683594 1246.31701660156 1251.42700195312 1254.72705078125 1258.9189453125 1264.1259765625 1266.90197753906 1264.95104980469 1266.57104492188 1272.01000976562 1272.74694824219 1275.1259765625 1284.51904296875 1289.71899414062 1292.49304199219 1295.63598632812 1288.30798339844 1288.48999023438 1278.51196289062 1271.35498046875 1268.24694824219 1279.04602050781 1262.75500488281 -3.4e+38 -3.4e+38 -3.4e+38 -3.4e+38 -3.4e+38
1140.01794433594 1146.29699707031 1158.34204101562 1171.53002929688 1181.16003417969 1187.60595703125 1191.30102539062 1195.03198242188 1201.623046875 1206.05798339844 1212.16796875 1216.67395019531 1220.19897460938 1223.98999023438 1232.333984375 1239.56994628906 1243.94299316406 1250.55297851562 1259.71496582031 1259.9990234375 1258.67504882812 1259.0400390625 1258.92895507812 1256.20202636719 1252.71801757812 1246.73193359375 1249.08996582031 1255.90100097656 1257.69995117188 1264.7080078125 1268.80798339844 1270.125 1275.47595214844 1278.61401367188 1284.28100585938 1290.3349609375 1294.0830078125 1296.75 1299.29296875 1301.53796386719 1305.78698730469 1301.48400878906 1293.14404296875 1282.1640625 1274.67102050781 1289.8330078125 1289.83801269531 1264.48303222656 -3.4e+38 -3.4e+38 -3.4e+38 -3.4e+38 -3.4e+38
1116.93395996094 1127.93701171875 1147.45202636719 1164.59997558594 1179.19396972656 1187.73303222656 1192.60205078125 1197.96704101562 1204.65600585938 1210.81701660156 1215.39001464844 1218.8310546875 1224.50305175781 1233.34204101562 1239.48303222656 1247.37097167969 1257.39099121094 1262.62805175781 1267.69897460938 1269.99597167969 1272.75903320312 1271.56896972656 1264.87902832031 1258.22399902344 1249.72802734375 1245.25695800781 1246.82299804688 1253.77893066406 1260.0859375 1271.0849609375 1280.65197753906 1288.59802246094 1296.3779296875 1300.126953125 1303.9580078125 1307.61804199219 1307.49096679688 1306.083984375 1309.60803222656 1316.04296875 1321.75598144531 1311.42700195312 1299.82702636719 1288.95703125 1294.15698242188 1302.501953125 1293.72595214844 -3.4e+38 -3.4e+38 -3.4e+38 -3.4e+38 -3.4e+38 -3.4e+38
1113.46203613281 1123.56103515625 1144.02404785156 1165.17602539062 1181.2939453125 1193.36303710938 1198.126953125 1202.90893554688 1208.31298828125 1214.18395996094 1222.93798828125 1229.57702636719 1237.38195800781 1241.57897949219 1247.86096191406 1256.96801757812 1267.55004882812 1274.93701171875 1282.251953125 1287.47094726562 1291.3740234375 1290.88793945312 1283.80603027344 1271.43798828125 1255.70703125 1246.18896484375 1247.2900390625 1252.19995117188 1269.64196777344 1287.68896484375 1300.69299316406 1310.083984375 1322.52197265625 1327.90197753906 1324.16003417969 1322.84106445312 1322.17504882812 1324.47900390625 1325.92297363281 1331.21496582031 1329.57495117188 1316.38098144531 1305.29296875 1297.05395507812 1308.53002929688 1303.52197265625 1293.27795410156 -3.4e+38 -3.4e+38 -3.4e+38 -3.4e+38 -3.4e+38 -3.4e+38
1130.11596679688 1134.24499511719 1148.5009765625 1168.0009765625 1186.76794433594 1197.84204101562 1204.70703125 1211.64599609375 1218.77697753906 1227.58898925781 1234.5810546875 1242.56506347656 1249.65893554688 1253.46301269531 1257.88903808594 1267.95202636719 1278.22497558594 1290.88598632812 1301.69604492188 1307.958984375 1313.72900390625 1314.31994628906 1308.91796875 1292.49597167969 1272.82897949219 1262.63000488281 1260.82995605469 1268.001953125 1287.56201171875 1309.59399414062 1323.33801269531 1335.92895507812 1349.46203613281 1353.58605957031 1347.81701660156 1342.1279296875 1343.43505859375 1343.60205078125 1348.20300292969 1346.67895507812 1335.26403808594 1321.11999511719 1309.97497558594 1300.69201660156 1307.88598632812 1296.27404785156 1279.4580078125 -3.4e+38 -3.4e+38 -3.4e+38 -3.4e+38 -3.4e+38 -3.4e+38
1153.78405761719 1156.96899414062 1166.66296386719 1175.88098144531 1187.3759765625 1201.08703613281 1212.01501464844 1220.40295410156 1227.31896972656 1234.24206542969 1245.53393554688 1254.31103515625 1260.28295898438 1262.65795898438 1268.78894042969 1277.49792480469 1287.375 1299.59997558594 1313.54296875 1320.59399414062 1330.60595703125 1328.93603515625 1322.96704101562 1309.89892578125 1293.18395996094 1281.30200195312 1278.00695800781 1284.35900878906 1298.54504394531 1320.36303710938 1339.25598144531 1352.60302734375 1361.35595703125 1367.88403320312 1366.2060546875 1356.53100585938 1359.90698242188 1363.34997558594 1364.40795898438 1357.93200683594 1342.51904296875 1324.51904296875 1315.71105957031 1303.60205078125 1289.49304199219 1272.61596679688 1255.59204101562 -3.4e+38 -3.4e+38 -3.4e+38 -3.4e+38 -3.4e+38 -3.4e+38
1175.39196777344 1177.9189453125 1181.18505859375 1185.02001953125 1191.17102050781 1204.0439453125 1217.03100585938 1226.06103515625 1235.11999511719 1246.51599121094 1256.53601074219 1264.89501953125 1267.83801269531 1271.04907226562 1275.25805664062 1283.25500488281 1289.76599121094 1302.90100097656 1316.08703613281 1323.71704101562 1333.68200683594 1333.61804199219 1326.09497070312 1313.29797363281 1299.50402832031 1291.53601074219 1291.06005859375 1293.14099121094 1305.42504882812 1319.49206542969 1344.07299804688 1358.76599121094 1369.52001953125 1374.64904785156 1373.22998046875 1366.84204101562 1371.94494628906 1378.56005859375 1375.09204101562 1368.36401367188 1347.958984375 1337.71997070312 1323.60998535156 1284.55505371094 1243.958984375 1227.22802734375 -3.4e+38 -3.4e+38 -3.4e+38 -3.4e+38 -3.4e+38 -3.4e+38 -3.4e+38
1192.31494140625 1191.85705566406 1192.68298339844 1194.58898925781 1199.7919921875 1211.0810546875 1220.36596679688 1235.87194824219 1248.80603027344 1259.55798339844 1271.96899414062 1274.51904296875 1274.32800292969 1275.48596191406 1279.10705566406 1285.126953125 1291.14904785156 1301.626953125 1311.21203613281 1318.86401367188 1327.00598144531 1326.11804199219 1319.10693359375 1309.32897949219 1301.22705078125 1296.24096679688 1299.57897949219 1301.37902832031 1308.06103515625 1316.71704101562 1335.04797363281 1350.83203125 1363.50598144531 1370.40698242188 1372.31604003906 1373.12902832031 1381.90698242188 1387.25695800781 1382.60595703125 1371.17797851562 1360.73596191406 1351.14501953125 1312.28894042969 1238.92797851562 1190.68298339844 -3.4e+38 -3.4e+38 -3.4e+38 -3.4e+38 -3.4e+38 -3.4e+38 -3.4e+38 -3.4e+38
1201.97607421875 1201.57006835938 1203.55700683594 1208.43701171875 1214.32800292969 1218.53100585938 1226.55395507812 1247.20300292969 1263.48095703125 1274.47399902344 1280.80895996094 1284.06701660156 1281.54699707031 1279.77600097656 1282.375 1288.09802246094 1291.84301757812 1297.70202636719 1302.89599609375 1309.69299316406 1315.93896484375 1315.06994628906 1311.65295410156 1308.75402832031 1304.4560546875 1302.05895996094 1305.99194335938 1306.15795898438 1308.23498535156 1319.94604492188 1332.90100097656 1342.88500976562 1352.14501953125 1360.49291992188 1369.69702148438 1380.2900390625 1390.94702148438 1395.05993652344 1390.92602539062 1376.07299804688 1369.99597167969 1348.06103515625 1296.35900878906 1221.01293945312 -3.4e+38 -3.4e+38 -3.4e+38 -3.4e+38 -3.4e+38 -3.4e+38 -3.4e+38 -3.4e+38 -3.4e+38
1202.17004394531 1204.31896972656 1208.41296386719 1217.88403320312 1224.62902832031 1229.73498535156 1238.20593261719 1250.79797363281 1268.07800292969 1279.10998535156 1284.60400390625 1287.61694335938 1288.28198242188 1285.82507324219 1284.52905273438 1285.91796875 1289.61401367188 1291.78503417969 1297.85693359375 1302.66796875 1308.06103515625 1307.60400390625 1305.43493652344 1303.71203613281 1303.55505371094 1308.37097167969 1310.31005859375 1312.48706054688 1315.44702148438 1319.4580078125 1338.95703125 1344.31103515625 1355.38806152344 1360.39196777344 1374.09301757812 1387.36999511719 1399.42700195312 1405.11401367188 1399.82495117188 1387.7080078125 1377.34399414062 1343.75598144531 1296.5830078125 1226.92395019531 -3.4e+38 -3.4e+38 -3.4e+38 -3.4e+38 -3.4e+38 -3.4e+38 -3.4e+38 -3.4e+38 -3.4e+38
1193.47497558594 1195.248046875 1208.64294433594 1220.93395996094 1230.74597167969 1239.6669921875 1247.11999511719 1258.35803222656 1266.79296875 1276.80102539062 1280.31005859375 1282.22802734375 1282.46301269531 1282.7939453125 1281.26196289062 1282.583984375 1287.88793945312 1288.69506835938 1293.79602050781 1297.74096679688 1299.35595703125 1299.64599609375 1302.02905273438 1300.17700195312 1304.40795898438 1309.69104003906 1314.88195800781 1319.60400390625 1324.32800292969 1331.43200683594 1342.9150390625 1352.57897949219 1359.03002929688 1367.06201171875 1378.74499511719 1397.623046875 1408.43103027344 1412.13903808594 1406.6669921875 1397.666015625 1377.60205078125 1338.77795410156 1283.66296386719 1232.74194335938 -3.4e+38 -3.4e+38 -3.4e+38 -3.4e+38 -3.4e+38 -3.4e+38 -3.4e+38 -3.4e+38 -3.4e+38
1190.27600097656 1189.8330078125 1201.64306640625 1219.65502929688 1232.57897949219 1243.81896972656 1249.94799804688 1259.38696289062 1265.35803222656 1274.67895507812 1279.11901855469 1276.71997070312 1278.44604492188 1279.12097167969 1277.7490234375 1281.06701660156 1285.34997558594 1286.42004394531 1288.01806640625 1288.72802734375 1290.71105957031 1293.21997070312 1297.67199707031 1302.13903808594 1306.28002929688 1315.60998535156 1320.39599609375 1327.1689453125 1329.76696777344 1335.22595214844 1343.251953125 1357.47705078125 1368.04406738281 1379.69995117188 1393.708984375 1410.05297851562 1415.73596191406 1414.21606445312 1414.17797851562 1404.26794433594 1379.88793945312 1338.75805664062 1280.3330078125 1238.16394042969 -3.4e+38 -3.4e+38 -3.4e+38 -3.4e+38 -3.4e+38 -3.4e+38 -3.4e+38 -3.4e+38 -3.4e+38
1198.55102539062 1194.82104492188 1200.91198730469 1222.5400390625 1238.09204101562 1246.92602539062 1253.67797851562 1259.01196289062 1265.13696289062 1269.22998046875 1273.09497070312 1276.00402832031 1277.373046875 1277.03295898438 1277.28601074219 1279.28295898438 1279.96899414062 1282.97595214844 1281.72497558594 1281.19396972656 1281.96496582031 1285.9140625 1293.26599121094 1304.75402832031 1312.44506835938 1319.458984375 1323.69897460938 1327.5830078125 1335.63696289062 1341.9169921875 1350.02197265625 1361.15502929688 1374.9599609375 1386.0009765625 1400.21899414062 1415.10302734375 1422.26403808594 1416.90698242188 1417.37097167969 1403.20397949219 1380.25793457031 1342.73303222656 1283.84399414062 1241.64196777344 -3.4e+38 -3.4e+38 -3.4e+38 -3.4e+38 -3.4e+38 -3.4e+38 -3.4e+38 -3.4e+38 -3.4e+38
1215.60095214844 1211.39904785156 1220.91796875 1235.59997558594 1245.68005371094 1249.89697265625 1256.38000488281 1263.25500488281 1266.98498535156 1269.85900878906 1272.00695800781 1275.55700683594 1276.81005859375 1276.46301269531 1275.14794921875 1275.89196777344 1274.7509765625 1275.17395019531 1273.67102050781 1275.10400390625 1278.73498535156 1286.40197753906 1294.48095703125 1305.6650390625 1312.77197265625 1320.96496582031 1327.3349609375 1334.40502929688 1340.56201171875 1348.74499511719 1356.13696289062 1365.21398925781 1382.84899902344 1397.17797851562 1406.205078125 1418.02392578125 1425.56298828125 1416.80700683594 1411.47607421875 1391.2900390625 1370.376953125 1338.70300292969 1289.98693847656 1244.18103027344 -3.4e+38 -3.4e+38 -3.4e+38 -3.4e+38 -3.4e+38 -3.4e+38 -3.4e+38 -3.4e+38 -3.4e+38
1254.57202148438 1247.00305175781 1248.55505371094 1249.69702148438 1253.46606445312 1256.92504882812 1261.86096191406 1267.27197265625 1270.10998535156 1271.51196289062 1274.62902832031 1279.67797851562 1281.64904785156 1278.68505859375 1277.09204101562 1273.45300292969 1276.55297851562 1274.85900878906 1273.16198730469 1273.19995117188 1279.06604003906 1281.67700195312 1292.06701660156 1307.95300292969 1320.23803710938 1329.91198730469 1338.17297363281 1343.40905761719 1345.18005371094 1355.18395996094 1362.50708007812 1374.86694335938 1386.55200195312 1399.13305664062 1414.38098144531 1423.06799316406 1428.73999023438 1419.84399414062 1398.92797851562 1377.99194335938 1351.69104003906 1327.69506835938 1275.36499023438 -3.4e+38 -3.4e+38 -3.4e+38 -3.4e+38 -3.4e+38 -3.4e+38 -3.4e+38 -3.4e+38 -3.4e+38 -3.4e+38
1293.74499511719 1278.30798339844 1271.68493652344 1266.86999511719 1266.7490234375 1268.45300292969 1270.76501464844 1273.13696289062 1274.61303710938 1274.42297363281 1279.04895019531 1283.36694335938 1284.10095214844 1280.875 1275.81799316406 1275.7509765625 1275.98095703125 1272.90795898438 1272.95703125 1276.55395507812 1280.36499023438 1285.07202148438 1294.67700195312 1314.31005859375 1332.01904296875 1345.18200683594 1351.68103027344 1350.06396484375 1348.2890625 1361.81896972656 1368.54699707031 1376.06103515625 1387.60595703125 1401.1689453125 1413.28503417969 1420.33203125 1418.80993652344 1407.44604492188 1382.22204589844 1361.12097167969 1336.31799316406 1308.68200683594 1259.60205078125 -3.4e+38 -3.4e+38 -3.4e+38 -3.4e+38 -3.4e+38 -3.4e+38 -3.4e+38 -3.4e+38 -3.4e+38 -3.4e+38
1315.8759765625 1299.49194335938 1289.67004394531 1281.98498535156 1280.45495605469 1282.32702636719 1284.81494140625 1284.04504394531 1283.39794921875 1283.31994628906 1284.13403320312 1284.09997558594 1284.91101074219 1282.52099609375 1281.53198242188 1280.00305175781 1276.30297851562 1273.59997558594 1278.75500488281 1283.78002929688 1289.37902832031 1293.67199707031 1307.39099121094 1329.4580078125 1348.62194824219 1363.66101074219 1365.12194824219 1366.01403808594 1365.34899902344 1375.75 1382.86499023438 1390.64697265625 1396.74694824219 1403.64794921875 1413.72900390625 1420.46398925781 1405.39099121094 1389.28503417969 1363.57299804688 1338.88000488281 1315.97302246094 1284.43395996094 1245.98596191406 -3.4e+38 -3.4e+38 -3.4e+38 -3.4e+38 -3.4e+38 -3.4e+38 -3.4e+38 -3.4e+38 -3.4e+38 -3.4e+38
1328.69799804688 1312.22705078125 1301.40893554688 1294.27795410156 1294.09399414062 1295.72607421875 1295.85693359375 1293.74206542969 1293.03393554688 1292.39196777344 1291.05798339844 1289.98901367188 1287.32702636719 1290.59594726562 1286.05395507812 1280.26293945312 1275.91003417969 1280.94702148438 1288.20703125 1292.31201171875 1299.93603515625 1307.83996582031 1325.12902832031 1344.59704589844 1364.22094726562 1377.27294921875 1380.55102539062 1378.63098144531 1381.81994628906 1385.65405273438 1392.96105957031 1399.76696777344 1406.71203613281 1412.1259765625 1417.89196777344 1423.89599609375 1400.15502929688 1371.56103515625 1344.06201171875 1315.93505859375 1294.01403808594 1265.53503417969 1231.88305664062 -3.4e+38 -3.4e+38 -3.4e+38 -3.4e+38 -3.4e+38 -3.4e+38 -3.4e+38 -3.4e+38 -3.4e+38 -3.4e+38
1321.80798339844 1315.06201171875 1307.76599121094 1304.89392089844 1306.36901855469 1306.30700683594 1306.42602539062 1306.24291992188 1303.60900878906 1301.39697265625 1300.40295410156 1295.67395019531 1294.9560546875 1297.54895019531 1289.98596191406 1285.79895019531 1284.43896484375 1290.17504882812 1298.03503417969 1305.06103515625 1312.65295410156 1322.71594238281 1336.38403320312 1352.14001464844 1369.96496582031 1384.2890625 1387.92700195312 1389.51306152344 1390.78198242188 1392.03796386719 1402.6259765625 1411.0849609375 1417.07800292969 1416.95703125 1418.85595703125 1423.78698730469 1392.9169921875 1350.92395019531 1327.583984375 1298.6669921875 1272.64404296875 1248.19396972656 1224.40698242188 -3.4e+38 -3.4e+38 -3.4e+38 -3.4e+38 -3.4e+38 -3.4e+38 -3.4e+38 -3.4e+38 -3.4e+38 -3.4e+38
1314.78295898438 1312.02600097656 1313.21997070312 1314.31994628906 1316.13098144531 1318.68798828125 1320.27001953125 1321.57702636719 1316.83703613281 1311.93298339844 1310.39196777344 1309.07604980469 1309.15405273438 1310.43200683594 1303.35705566406 1299.78002929688 1298.67895507812 1303.17504882812 1310.54797363281 1317.50402832031 1325.37805175781 1334.07104492188 1342.498046875 1356.67895507812 1372.98303222656 1384.82299804688 1387.62097167969 1390.59497070312 1392.0810546875 1397.57104492188 1407.73803710938 1414.791015625 1420.98303222656 1419.11096191406 1423.18896484375 1419.96496582031 1386.80200195312 1338.97497558594 1316.36303710938 1286.70703125 1258.30505371094 1236.34204101562 1222.24304199219 -3.4e+38 -3.4e+38 -3.4e+38 -3.4e+38 -3.4e+38 -3.4e+38 -3.4e+38 -3.4e+38 -3.4e+38 -3.4e+38
1314.99694824219 1316.79699707031 1321.97802734375 1324.77392578125 1328.95300292969 1333.23596191406 1336.51599121094 1337.28405761719 1332.05603027344 1328.32299804688 1324.49597167969 1323.17004394531 1326.17895507812 1323.06994628906 1317.49401855469 1315.96704101562 1316.375 1321.376953125 1325.63195800781 1330.30395507812 1337.23400878906 1342.21105957031 1351.52404785156 1362.21594238281 1375.61596679688 1383.43603515625 1389.53796386719 1389.28295898438 1393.76696777344 1403.4169921875 1410.64196777344 1419.37194824219 1424.52905273438 1422.94604492188 1423.50903320312 1409.44897460938 1379.31396484375 1338.74401855469 1308.27502441406 1285.85095214844 1256.12902832031 1231.14501953125 1217.95300292969 -3.4e+38 -3.4e+38 -3.4e+38 -3.4e+38 -3.4e+38 -3.4e+38 -3.4e+38 -3.4e+38 -3.4e+38 -3.4e+38
