layers/avg_1930_tmax0.asc
NCOLS 292 
NROWS 291 
XLLCORNER -87.6458333327872 
YLLCORNER 24.4791666666667 
CELLSIZE 0.0416666666669039 
NODATA_value -3.4e+38 
[rows 120 to 143 of 291, columns 53 to 105 of 292]
-3.4e+38 -3.4e+38 -3.4e+38 -3.4e+38 -3.4e+38 -3.4e+38 -3.4e+38 -3.4e+38 -3.4e+38 25.2496662139893 25.1790008544922 25.1164169311523 25.1009998321533 25.0949172973633 25.0558338165283 25.0913333892822 25.1151657104492 25.0380001068115 24.9873332977295 24.9681663513184 24.966667175293 24.8936672210693 25.0180835723877 25.1174163818359 25.0807495117188 25.0734157562256 25.0631675720215 25.0306663513184 24.982666015625 24.8802509307861 24.8507499694824 24.8722496032715 24.8937492370605 24.8774166107178 24.8719997406006 24.8998336791992 24.8928337097168 24.7669162750244 24.6630840301514 24.6422500610352 24.6660003662109 24.7279167175293 24.8270835876465 24.7955837249756 24.7189998626709 24.7684993743896 24.8710842132568 24.9387512207031 25.0548324584961 24.9710826873779 25.0055828094482 24.9892501831055 25.0423336029053
-3.4e+38 -3.4e+38 -3.4e+38 -3.4e+38 -3.4e+38 -3.4e+38 -3.4e+38 -3.4e+38 -3.4e+38 25.220666885376 25.1432495117188 25.1254997253418 25.1564159393311 25.1698341369629 25.2024173736572 25.1243343353271 25.0638332366943 25.0377502441406 25.029333114624 25.0159168243408 24.9938335418701 24.9895000457764 25.0704154968262 25.1686668395996 25.1596660614014 25.1346664428711 25.117000579834 25.1159172058105 25.0566673278809 24.9459171295166 24.9546661376953 24.9679164886475 24.956916809082 24.8699169158936 24.9282493591309 24.9705829620361 24.8895835876465 24.7164173126221 24.7204170227051 24.72825050354 24.7087497711182 24.8055839538574 24.81858253479 24.8733329772949 24.7404174804688 24.6870002746582 24.7714996337891 24.9284172058105 24.9962501525879 25.0244159698486 25.0036659240723 25.0674171447754 25.0973339080811
-3.4e+38 -3.4e+38 -3.4e+38 -3.4e+38 -3.4e+38 -3.4e+38 -3.4e+38 -3.4e+38 -3.4e+38 25.2273330688477 25.1988334655762 25.2408332824707 25.265832901001 25.2775001525879 25.3182506561279 25.2280006408691 25.1556663513184 25.0796661376953 25.0129165649414 25.0340824127197 25.0351676940918 25.0607509613037 25.1443328857422 25.1912498474121 25.240083694458 25.2274990081787 25.1969165802002 25.195333480835 25.1351661682129 25.076000213623 25.0571670532227 25.0328330993652 24.9904155731201 24.9437503814697 24.9091663360596 24.91575050354 24.8885841369629 24.7485008239746 24.7878341674805 24.8364162445068 24.7294178009033 24.8494167327881 24.844165802002 24.7960834503174 24.8207511901855 24.6744995117188 24.6245002746582 24.742582321167 24.9408340454102 25.0622501373291 25.0812492370605 25.1289176940918 25.1310005187988
-3.4e+38 -3.4e+38 -3.4e+38 -3.4e+38 -3.4e+38 -3.4e+38 -3.4e+38 -3.4e+38 -3.4e+38 25.2340831756592 25.2094993591309 25.2752494812012 25.3246669769287 25.3267498016357 25.3664169311523 25.3777503967285 25.2666664123535 25.1461658477783 25.0503330230713 25.0329990386963 25.0729160308838 25.1307506561279 25.1943340301514 25.2735004425049 25.298999786377 25.2881660461426 25.2660827636719 25.2468338012695 25.2036666870117 25.1713333129883 25.1668319702148 25.1319160461426 25.0670013427734 24.9732494354248 24.9664993286133 24.8964996337891 24.732666015625 24.7981662750244 24.8834171295166 24.9135837554932 24.8343334197998 24.7805843353271 24.8899993896484 24.8157501220703 24.8314990997314 24.7544174194336 24.7046661376953 24.8070831298828 24.8720836639404 24.9436664581299 25.0351676940918 25.1108341217041 25.1596660614014
-3.4e+38 -3.4e+38 -3.4e+38 -3.4e+38 -3.4e+38 -3.4e+38 -3.4e+38 -3.4e+38 -3.4e+38 25.2789173126221 25.2507495880127 25.3439998626709 25.3859157562256 25.5004997253418 25.4572505950928 25.4835834503174 25.3903331756592 25.2390003204346 25.1805839538574 25.1571674346924 25.2220001220703 25.2679996490479 25.3026657104492 25.3766670227051 25.3681659698486 25.3894996643066 25.3733329772949 25.3500823974609 25.2849998474121 25.247917175293 25.2485008239746 25.1780834197998 25.0740833282471 25.0141658782959 24.8634166717529 24.7556667327881 24.8190002441406 24.8329162597656 24.9776668548584 24.9564170837402 24.9405002593994 24.8850841522217 24.939582824707 24.8624992370605 24.8325004577637 24.8798332214355 24.7975826263428 24.9046669006348 24.9550838470459 24.9911670684814 25.0307502746582 25.0155830383301 25.1452503204346
-3.4e+38 -3.4e+38 -3.4e+38 -3.4e+38 -3.4e+38 -3.4e+38 -3.4e+38 -3.4e+38 25.3999996185303 25.3090839385986 25.3096656799316 25.3335838317871 25.5159168243408 25.5455837249756 25.5197505950928 25.4950008392334 25.4501667022705 25.3101673126221 25.2630844116211 25.3143329620361 25.3613338470459 25.3904991149902 25.4436664581299 25.4833335876465 25.4456672668457 25.4798336029053 25.4828338623047 25.4298324584961 25.3465843200684 25.3053340911865 25.2644157409668 25.2205829620361 25.1574993133545 25.0812492370605 24.9757499694824 24.8806667327881 24.9179992675781 24.9433326721191 24.997917175293 25.1113338470459 25.0921669006348 25.0266666412354 25.0325832366943 25.0046672821045 24.8876667022705 24.9840831756592 24.9518337249756 24.9914169311523 25.066499710083 25.08424949646 25.1689167022705 25.1528339385986 25.1354999542236
-3.4e+38 -3.4e+38 -3.4e+38 -3.4e+38 -3.4e+38 -3.4e+38 -3.4e+38 -3.4e+38 25.4680004119873 25.419750213623 25.4181671142578 25.4075832366943 25.4760837554932 25.554666519165 25.5979995727539 25.5219173431396 25.4790840148926 25.3559169769287 25.3201675415039 25.3450832366943 25.3969993591309 25.4720001220703 25.5540828704834 25.5033340454102 25.4959163665771 25.517749786377 25.5813331604004 25.4982509613037 25.3680839538574 25.3215007781982 25.298999786377 25.2959995269775 25.298583984375 25.2810001373291 25.2040824890137 25.0995826721191 25.0774173736572 25.1406669616699 25.1104164123535 25.1459999084473 25.2374992370605 25.2438335418701 25.1936664581299 25.1492500305176 25.0440006256104 25.1080837249756 25.1367492675781 25.1227493286133 25.1681671142578 25.2365837097168 25.2979164123535 25.3254165649414 25.267749786377
-3.4e+38 -3.4e+38 -3.4e+38 -3.4e+38 -3.4e+38 -3.4e+38 -3.4e+38 -3.4e+38 25.4769172668457 25.4376678466797 25.390417098999 25.3952503204346 25.4568328857422 25.5459995269775 25.5924167633057 25.5581665039062 25.5240001678467 25.4098339080811 25.3881664276123 25.4464168548584 25.4166660308838 25.47483253479 25.5459995269775 25.4671669006348 25.4636669158936 25.5054988861084 25.5804996490479 25.5090007781982 25.3774166107178 25.3179168701172 25.2972507476807 25.3209171295166 25.3525009155273 25.3799171447754 25.3422508239746 25.3116664886475 25.2918338775635 25.2884159088135 25.2805824279785 25.2794170379639 25.2762508392334 25.2875003814697 25.326000213623 25.2908325195312 25.2612495422363 25.2525825500488 25.2608337402344 25.1988334655762 25.3089160919189 25.3558330535889 25.4098339080811 25.4230823516846 25.3815841674805
-3.4e+38 -3.4e+38 -3.4e+38 -3.4e+38 -3.4e+38 -3.4e+38 -3.4e+38 -3.4e+38 25.5254173278809 25.5179996490479 25.494083404541 25.4251670837402 25.4947490692139 25.5375843048096 25.5570831298828 25.5691661834717 25.5330009460449 25.4346656799316 25.3850841522217 25.4502506256104 25.4679164886475 25.4733333587646 25.511833190918 25.5469169616699 25.4673328399658 25.4850006103516 25.5205821990967 25.4735832214355 25.4217510223389 25.3111667633057 25.2811660766602 25.3126659393311 25.4019165039062 25.3781661987305 25.3906669616699 25.4184169769287 25.4419994354248 25.4318332672119 25.416332244873 25.398250579834 25.3851661682129 25.3669166564941 25.3364162445068 25.3621673583984 25.4055824279785 25.388916015625 25.3791656494141 25.327751159668 25.3411655426025 25.4401664733887 25.509334564209 25.5045833587646 25.4809169769287
-3.4e+38 -3.4e+38 -3.4e+38 -3.4e+38 -3.4e+38 -3.4e+38 -3.4e+38 -3.4e+38 25.5278339385986 25.5648326873779 25.5365009307861 25.50608253479 25.4997501373291 25.5454158782959 25.568416595459 25.5603332519531 25.5866661071777 25.478832244873 25.4685840606689 25.4589157104492 25.4304161071777 25.4441661834717 25.5314998626709 25.5585842132568 25.5361671447754 25.4620838165283 25.4460010528564 25.4230823516846 25.4178333282471 25.3147487640381 25.3047504425049 25.3094177246094 25.3474159240723 25.402250289917 25.4444999694824 25.4986667633057 25.4950008392334 25.5243339538574 25.5577507019043 25.5775833129883 25.5290832519531 25.4356670379639 25.4270839691162 25.4060001373291 25.4020004272461 25.4529991149902 25.4086666107178 25.3925838470459 25.404167175293 25.4283332824707 25.4949169158936 25.5205841064453 25.5606670379639
-3.4e+38 -3.4e+38 -3.4e+38 -3.4e+38 -3.4e+38 -3.4e+38 -3.4e+38 -3.4e+38 25.6066665649414 25.6119995117188 25.6289176940918 25.6174163818359 25.6040840148926 25.6310844421387 25.6425838470459 25.6542491912842 25.619083404541 25.554666519165 25.5240840911865 25.4952507019043 25.5024166107178 25.4671669006348 25.4659996032715 25.5179996490479 25.47216796875 25.4194164276123 25.4205837249756 25.410249710083 25.3985824584961 25.351167678833 25.2896671295166 25.2917499542236 25.3352508544922 25.4200000762939 25.4526672363281 25.5156669616699 25.5150833129883 25.5564994812012 25.6013336181641 25.6259174346924 25.5852489471436 25.5324172973633 25.4954166412354 25.4762496948242 25.4600830078125 25.4659996032715 25.4240837097168 25.4253330230713 25.4324169158936 25.4470825195312 25.4762496948242 25.533166885376 25.5405006408691
-3.4e+38 -3.4e+38 -3.4e+38 -3.4e+38 -3.4e+38 -3.4e+38 -3.4e+38 -3.4e+38 -3.4e+38 25.7789173126221 25.7809162139893 25.746000289917 25.7587509155273 25.769832611084 25.6897506713867 25.7016658782959 25.6545829772949 25.6192493438721 25.5630836486816 25.548583984375 25.5631675720215 25.5020008087158 25.4872493743896 25.4351654052734 25.4350833892822 25.4368324279785 25.4487495422363 25.4430828094482 25.3743343353271 25.3266658782959 25.2730827331543 25.3020839691162 25.341833114624 25.3925838470459 25.4323329925537 25.5066661834717 25.5420837402344 25.5547504425049 25.5815830230713 25.5845832824707 25.5873336791992 25.5484161376953 25.5090007781982 25.4926662445068 25.4701671600342 25.4391670227051 25.4458332061768 25.4405002593994 25.4535007476807 25.45924949646 25.4731674194336 25.5004997253418 25.5009174346924
-3.4e+38 -3.4e+38 -3.4e+38 -3.4e+38 -3.4e+38 -3.4e+38 -3.4e+38 -3.4e+38 -3.4e+38 -3.4e+38 25.8745002746582 25.8446674346924 25.8563327789307 25.8706665039062 25.8346672058105 25.767749786377 25.7157497406006 25.668083190918 25.638500213623 25.61549949646 25.591667175293 25.5497493743896 25.5240840911865 25.4776668548584 25.4928340911865 25.5138339996338 25.4834995269775 25.414249420166 25.3888339996338 25.265832901001 25.2900829315186 25.3216667175293 25.3509159088135 25.3898334503174 25.4202499389648 25.4793338775635 25.4993343353271 25.533332824707 25.585750579834 25.581916809082 25.6064167022705 25.5900001525879 25.5592498779297 25.5096664428711 25.4929161071777 25.4603328704834 25.4611663818359 25.4620838165283 25.4415836334229 25.4580001831055 25.4604988098145 25.4937496185303 25.484167098999
-3.4e+38 -3.4e+38 -3.4e+38 -3.4e+38 -3.4e+38 -3.4e+38 -3.4e+38 -3.4e+38 -3.4e+38 -3.4e+38 25.9665832519531 25.8565826416016 25.8725833892822 25.8705005645752 25.8589172363281 25.8598327636719 25.8154163360596 25.7813339233398 25.7355003356934 25.706750869751 25.6656665802002 25.6043338775635 25.5698337554932 25.5540008544922 25.5779991149902 25.5424995422363 25.5049991607666 25.4306659698486 25.310417175293 25.269250869751 25.3199157714844 25.3509159088135 25.3578338623047 25.3997497558594 25.3898334503174 25.4290008544922 25.4327507019043 25.4980010986328 25.5385837554932 25.536750793457 25.5314159393311 25.5568332672119 25.5517501831055 25.531665802002 25.5275001525879 25.4991664886475 25.5012493133545 25.4651660919189 25.4496669769287 25.4383335113525 25.4477500915527 25.4562492370605 25.4010009765625
-3.4e+38 -3.4e+38 -3.4e+38 -3.4e+38 25.4430828094482 25.4654159545898 25.4814167022705 25.5182495117188 25.6421661376953 25.7814998626709 25.9446659088135 25.8691654205322 25.855749130249 25.9109172821045 25.8606662750244 25.8850841522217 25.8679161071777 25.7878341674805 25.7209167480469 25.6834163665771 25.6376667022705 25.6494998931885 25.5820007324219 25.5922508239746 25.5822505950928 25.5106658935547 25.4104175567627 25.2638320922852 25.2755832672119 25.3080825805664 25.3392505645752 25.3753337860107 25.3547496795654 25.3798332214355 25.3675842285156 25.3813343048096 25.4052505493164 25.4515838623047 25.5039176940918 25.5397510528564 25.54075050354 25.5381660461426 25.566333770752 25.5608329772949 25.5559158325195 25.5409164428711 25.5348339080811 25.517333984375 25.4840831756592 25.464916229248 25.4328327178955 25.4059162139893 25.4090843200684
25.3094158172607 25.3635845184326 25.4079990386963 25.4521675109863 25.4539165496826 25.445499420166 25.49049949646 25.5080833435059 25.6165008544922 25.7320823669434 25.892333984375 25.8741664886475 25.826416015625 25.9105834960938 25.902416229248 25.8666667938232 25.8518333435059 25.7462501525879 25.6565837860107 25.5963325500488 25.6090831756592 25.6145000457764 25.572582244873 25.6001663208008 25.5572509765625 25.4513339996338 25.2688331604004 25.3085842132568 25.3546657562256 25.3321666717529 25.3432502746582 25.3455829620361 25.3588333129883 25.3267498016357 25.3255004882812 25.3428325653076 25.3684158325195 25.3880825042725 25.4440002441406 25.4838333129883 25.505500793457 25.5494174957275 25.5884170532227 25.59375 25.6069164276123 25.6041660308838 25.5848331451416 25.5540008544922 25.5620002746582 25.5440826416016 25.492166519165 25.4366664886475 25.4265003204346
25.2665824890137 25.337833404541 25.3975830078125 25.4580841064453 25.4870834350586 25.4671669006348 25.4720001220703 25.5184173583984 25.6005001068115 25.6772499084473 25.7690830230713 25.8786659240723 25.8016662597656 25.8143329620361 25.8390827178955 25.7988338470459 25.8155002593994 25.7230834960938 25.671667098999 25.6205005645752 25.60325050354 25.5624160766602 25.5695838928223 25.5244998931885 25.3566665649414 25.2087497711182 25.2866668701172 25.3585834503174 25.3705825805664 25.3414993286133 25.3066673278809 25.2989158630371 25.3373336791992 25.3050003051758 25.3144989013672 25.232084274292 25.250415802002 25.3362503051758 25.3995838165283 25.4550838470459 25.5205001831055 25.5839996337891 25.6121673583984 25.6690826416016 25.6882495880127 25.7349166870117 25.7239170074463 25.6956653594971 25.6903343200684 25.6890830993652 25.6434173583984 25.5719165802002 25.5531673431396
25.2916660308838 25.3246669769287 25.3924160003662 25.4305000305176 25.4829158782959 25.4827499389648 25.4909172058105 25.5014171600342 25.5862503051758 25.6386661529541 25.6945838928223 25.7549171447754 25.71266746521 25.7251663208008 25.7323341369629 25.7333335876465 25.7471656799316 25.7257499694824 25.6789169311523 25.6964168548584 25.539249420166 25.5339164733887 25.3996658325195 25.2309989929199 25.2040004730225 25.2140007019043 25.2376670837402 25.3859176635742 25.3961658477783 25.351749420166 25.3327503204346 25.3027496337891 25.2759990692139 25.2690830230713 25.1198329925537 25.0973339080811 25.10325050354 25.2568340301514 25.3559169769287 25.4532508850098 25.5340003967285 25.6456661224365 25.6881675720215 25.7583332061768 25.8370838165283 25.8276672363281 25.8076667785645 25.7959995269775 25.7664165496826 25.7761669158936 25.7591667175293 25.6371669769287 25.5849170684814
25.2776660919189 25.2675838470459 25.2840824127197 25.3383331298828 25.4282493591309 25.4820003509521 25.5160827636719 25.5582504272461 25.5669174194336 25.6148338317871 25.6459159851074 25.6647491455078 25.6485824584961 25.654167175293 25.6892509460449 25.7000827789307 25.7163333892822 25.7409172058105 25.7423324584961 25.6620826721191 25.5073337554932 25.3358325958252 25.1790828704834 25.2300834655762 25.2855834960938 25.2178325653076 25.275333404541 25.3912506103516 25.4612503051758 25.4525833129883 25.3596668243408 25.3819160461426 25.3011665344238 25.146333694458 24.9429168701172 24.9093322753906 25.1033325195312 25.2843341827393 25.3775825500488 25.5126667022705 25.5815830230713 25.6787490844727 25.773416519165 25.8652496337891 25.9847507476807 25.9823341369629 25.9047508239746 25.8684997558594 25.8637504577637 25.8209171295166 25.7432498931885 25.6744174957275 25.6373329162598
25.2561664581299 25.2030830383301 25.1224174499512 25.1512489318848 25.2814998626709 25.4167499542236 25.4397506713867 25.5659999847412 25.5678329467773 25.5657501220703 25.6172504425049 25.5950832366943 25.5496673583984 25.5566673278809 25.6059169769287 25.6722507476807 25.7653331756592 25.769416809082 25.6703338623047 25.3487491607666 25.2300834655762 25.2418327331543 25.281665802002 25.3570823669434 25.2410831451416 25.2920837402344 25.3207492828369 25.4547500610352 25.50950050354 25.5055828094482 25.5474166870117 25.4072494506836 25.2181663513184 25.0169162750244 24.9330005645752 24.9318332672119 25.142915725708 25.3569164276123 25.3973331451416 25.4729995727539 25.5831661224365 25.7269992828369 25.8584175109863 25.951000213623 26.0631675720215 26.0945835113525 25.9939155578613 25.9085826873779 25.8454990386963 25.7749176025391 25.7414989471436 25.6963329315186 25.7264156341553
25.2374172210693 25.1944160461426 25.2062492370605 25.1591663360596 25.2528324127197 25.4532508850098 25.4375839233398 25.513500213623 25.5483341217041 25.5305004119873 25.5344161987305 25.527250289917 25.5591659545898 25.5784168243408 25.5233325958252 25.5127506256104 25.4418334960938 25.3985004425049 25.3560829162598 25.2849998474121 25.3780822753906 25.318000793457 25.4134998321533 25.4350833892822 25.3680000305176 25.4405002593994 25.4270839691162 25.435998916626 25.5629997253418 25.6453342437744 25.4670009613037 25.3504161834717 25.1834163665771 25.2209167480469 25.136417388916 25.1738338470459 25.2660827636719 25.351583480835 25.4485836029053 25.5236663818359 25.6024169921875 25.695499420166 25.8367500305176 25.9612503051758 26.054666519165 26.0387496948242 25.9770832061768 25.930082321167 25.8334159851074 25.7652492523193 25.7211666107178 25.7459163665771 25.7622509002686
25.2320823669434 25.2639999389648 25.2866668701172 25.3252506256104 25.3846664428711 25.4761657714844 25.4960842132568 25.5462512969971 25.5774173736572 25.5180835723877 25.5163326263428 25.3876667022705 25.5271663665771 25.588249206543 25.4917507171631 25.3724994659424 25.3640842437744 25.4298343658447 25.331916809082 25.2806663513184 25.371166229248 25.4178333282471 25.4103336334229 25.5224990844727 25.4948329925537 25.4028339385986 25.4582500457764 25.6376667022705 25.6835823059082 25.4969177246094 25.4378337860107 25.4010009765625 25.3261661529541 25.2811660766602 25.2853336334229 25.4037494659424 25.4889163970947 25.4910831451416 25.5780830383301 25.5544986724854 25.6130828857422 25.6954174041748 25.7979164123535 25.8992500305176 25.9166660308838 25.9164161682129 25.8720836639404 25.9137496948242 25.8783340454102 25.8122501373291 25.7859992980957 25.7488327026367 25.7887496948242
25.2770824432373 25.3118324279785 25.3083324432373 25.3596668243408 25.4004173278809 25.5469169616699 25.577917098999 25.5824165344238 25.5121669769287 25.4838333129883 25.4755840301514 25.4823341369629 25.52516746521 25.5984172821045 25.4391670227051 25.4297504425049 25.404333114624 25.3264999389648 25.3287506103516 25.2818336486816 25.4188346862793 25.5544166564941 25.4444999694824 25.6080837249756 25.4220008850098 25.4577503204346 25.6118335723877 25.6789169311523 25.5161666870117 25.591833114624 25.6315002441406 25.5190830230713 25.5103340148926 25.5384159088135 25.4555835723877 25.4593334197998 25.5240001678467 25.6165828704834 25.5887489318848 25.6733341217041 25.6662502288818 25.7021675109863 25.7339992523193 25.8183326721191 25.8987503051758 25.8799171447754 25.8464164733887 25.841667175293 25.8975830078125 25.9932498931885 25.9177494049072 25.8063335418701 25.8408336639404
25.2957496643066 25.2531661987305 25.2220840454102 25.3082504272461 25.1186656951904 25.363166809082 25.6536674499512 25.523250579834 25.4143333435059 25.4699172973633 25.4863338470459 25.5494995117188 25.6000823974609 25.4867496490479 25.4477500915527 25.3489170074463 25.2897491455078 25.298999786377 25.2994995117188 25.4028339385986 25.4658336639404 25.450834274292 25.6260833740234 25.5717506408691 25.4722499847412 25.5920009613037 25.7023334503174 25.7565002441406 25.7526664733887 25.7097492218018 25.6850833892822 25.5963344573975 25.5410842895508 25.6012496948242 25.6194171905518 25.564582824707 25.6448345184326 25.6609992980957 25.6514167785645 25.7070007324219 25.7844161987305 25.7952499389648 25.7969169616699 25.8811664581299 25.9273338317871 25.8845825195312 25.8853340148926 25.8092498779297 25.8434162139893 25.9184169769287 25.9805011749268 25.9790821075439 25.8867492675781
