layers/avg_1930_tmax0.asc
NCOLS 292 
NROWS 291 
XLLCORNER -87.6458333327872 
YLLCORNER 24.4791666666667 
CELLSIZE 0.0416666666669039 
NODATA_value -3.4e+38 
[rows 48 to 71 of 291, columns 159 to 211 of 292]
22.9450836181641 22.9652500152588 22.8004169464111 22.8753337860107 22.7849159240723 22.5982494354248 22.4332504272461 22.3794994354248 22.6965827941895 23.0790824890137 23.3410835266113 23.2494163513184 23.1937503814697 23.2072505950928 23.2156677246094 23.3436660766602 23.3115005493164 23.3229999542236 23.326000213623 23.3719158172607 23.4937496185303 23.5084991455078 23.5205001831055 23.5516662597656 23.5615844726562 23.5230007171631 23.5156669616699 23.560417175293 23.5695838928223 23.4996662139893 23.4379997253418 23.4220008850098 23.4365844726562 23.4849166870117 23.5324172973633 23.5143337249756 23.5300827026367 23.5364990234375 23.5520000457764 23.5962505340576 23.5792503356934 23.5419998168945 23.5093326568604 23.4894161224365 23.4346675872803 23.4226665496826 23.4186668395996 23.4165000915527 23.4313335418701 23.4368343353271 23.4703330993652 23.5341663360596 23.5456676483154
22.8570003509521 22.8118324279785 22.8439159393311 23.0420837402344 22.980167388916 22.8034172058105 22.6320838928223 22.7319164276123 22.970666885376 23.3368339538574 23.452917098999 23.4345836639404 23.2464160919189 23.2121658325195 23.2671661376953 23.3159160614014 23.2790832519531 23.3027496337891 23.3250007629395 23.4375 23.4950828552246 23.4589157104492 23.5246658325195 23.5641670227051 23.5599994659424 23.5344161987305 23.5900840759277 23.6428337097168 23.6528339385986 23.5979995727539 23.5499992370605 23.4959163665771 23.5061664581299 23.535249710083 23.5673332214355 23.5794162750244 23.5742492675781 23.5723323822021 23.5885009765625 23.5776672363281 23.5545825958252 23.5445003509521 23.5258331298828 23.5030841827393 23.4803333282471 23.4896659851074 23.4581661224365 23.4570846557617 23.4454174041748 23.4540843963623 23.5317497253418 23.5963325500488 23.6195831298828
23.2813339233398 23.1698341369629 23.1729164123535 23.2245826721191 22.9939155578613 22.9122505187988 22.984001159668 23.0582504272461 23.0340003967285 23.24391746521 23.3893337249756 23.4134998321533 23.3238334655762 23.2714996337891 23.2805004119873 23.3067493438721 23.3732509613037 23.263500213623 23.273416519165 23.4095001220703 23.5382499694824 23.5311660766602 23.5329170227051 23.5928325653076 23.583833694458 23.5689163208008 23.6264171600342 23.6609992980957 23.6736660003662 23.6394996643066 23.6106662750244 23.601749420166 23.6083335876465 23.6321659088135 23.655834197998 23.6820831298828 23.6485004425049 23.5890007019043 23.5733337402344 23.5769996643066 23.5766658782959 23.5777492523193 23.5569171905518 23.5587501525879 23.5275840759277 23.5155830383301 23.4992504119873 23.480749130249 23.4775829315186 23.5105838775635 23.5805835723877 23.6502494812012 23.6561660766602
23.1782493591309 23.3381671905518 23.3894157409668 23.3805828094482 23.2570838928223 23.1731662750244 23.2293338775635 23.1249160766602 23.1730842590332 23.2409172058105 23.2464160919189 23.2770004272461 23.3175830841064 23.3159160614014 23.302583694458 23.3320827484131 23.4155826568604 23.3824157714844 23.3629989624023 23.4217491149902 23.4989166259766 23.5193328857422 23.5413341522217 23.5768337249756 23.595666885376 23.5493335723877 23.568416595459 23.6297492980957 23.6542510986328 23.6808338165283 23.70924949646 23.7560005187988 23.7587490081787 23.6823329925537 23.6725826263428 23.6703338623047 23.6719169616699 23.628999710083 23.5864162445068 23.6239166259766 23.5999164581299 23.5514163970947 23.525333404541 23.5207500457764 23.5590000152588 23.5220832824707 23.5039176940918 23.492166519165 23.5475826263428 23.5863342285156 23.6252498626709 23.6315002441406 23.6365833282471
23.2763328552246 23.146915435791 23.2123336791992 23.3854999542236 23.3717498779297 23.3292503356934 23.2054996490479 23.2129173278809 23.2369995117188 23.2546672821045 23.2684173583984 23.2485828399658 23.2700004577637 23.3599166870117 23.3737506866455 23.3519172668457 23.3911666870117 23.3959159851074 23.4061660766602 23.437084197998 23.4716663360596 23.4575004577637 23.5329170227051 23.5750827789307 23.5776672363281 23.5541667938232 23.5749168395996 23.5955009460449 23.6425838470459 23.7172508239746 23.7785835266113 23.8460826873779 23.8522510528564 23.7889995574951 23.7266674041748 23.7229175567627 23.7238330841064 23.6746673583984 23.6316661834717 23.6125011444092 23.6080837249756 23.5804176330566 23.5865840911865 23.5792503356934 23.6003322601318 23.5995006561279 23.5170841217041 23.5424175262451 23.6074161529541 23.6297492980957 23.628999710083 23.6559162139893 23.6575832366943
23.1561660766602 23.2291660308838 23.3099994659424 23.2465000152588 23.2278327941895 23.2866668701172 23.2280826568604 23.1464157104492 23.1292495727539 23.0909996032715 23.1165828704834 23.1594161987305 23.2299156188965 23.3149166107178 23.3181667327881 23.4144172668457 23.4237499237061 23.4365005493164 23.412166595459 23.4125843048096 23.4583339691162 23.5273323059082 23.5450000762939 23.5762500762939 23.589916229248 23.568416595459 23.5761661529541 23.6293334960938 23.648416519165 23.7084159851074 23.820499420166 23.9208335876465 23.9202499389648 23.8802490234375 23.7888336181641 23.7469997406006 23.7324161529541 23.7080841064453 23.6851673126221 23.6453342437744 23.6479167938232 23.6434173583984 23.6744995117188 23.6610832214355 23.6407508850098 23.6093330383301 23.5979156494141 23.5694999694824 23.6280822753906 23.6450824737549 23.6574993133545 23.6805839538574 23.7007503509521
23.1186676025391 23.1086673736572 22.960750579834 23.0104160308838 23.1101665496826 23.1224994659424 23.1751670837402 23.1068344116211 22.9846668243408 22.910249710083 22.9579162597656 23.0384159088135 23.1800003051758 23.2522506713867 23.2901668548584 23.361083984375 23.4325828552246 23.4664993286133 23.4745826721191 23.3673343658447 23.4444160461426 23.5160827636719 23.5289993286133 23.5710830688477 23.6233329772949 23.6361675262451 23.6140842437744 23.6323337554932 23.6805839538574 23.7485008239746 23.7860832214355 23.9665832519531 23.9932498931885 23.9433326721191 23.9069175720215 23.845666885376 23.8170833587646 23.7621669769287 23.7504997253418 23.7154998779297 23.7289161682129 23.7562503814697 23.7606658935547 23.7050838470459 23.6654167175293 23.6932506561279 23.6809158325195 23.6866664886475 23.6627502441406 23.6151676177979 23.6659164428711 23.6964988708496 23.7116661071777
23.0145835876465 22.921667098999 23.076416015625 23.1424160003662 23.1639995574951 23.0716667175293 22.9947490692139 22.9680824279785 22.9116668701172 22.792667388916 22.7789173126221 22.9107494354248 23.0920829772949 23.2036666870117 23.2837505340576 23.3549175262451 23.3692493438721 23.4159164428711 23.4596672058105 23.4114170074463 23.4962501525879 23.5482501983643 23.5768337249756 23.5779991149902 23.6749992370605 23.7217502593994 23.6626663208008 23.6534156799316 23.7735824584961 23.808500289917 23.8285827636719 23.9079990386963 24.0110836029053 24.0273342132568 23.9859161376953 24.0072498321533 23.9792499542236 23.8980827331543 23.8407497406006 23.8029174804688 23.8106670379639 23.7727508544922 23.7503337860107 23.7783336639404 23.6980838775635 23.8059158325195 23.7724170684814 23.7218322753906 23.6700000762939 23.619499206543 23.6538333892822 23.6823329925537 23.6858329772949
23.2154159545898 23.048999786377 23.1612510681152 23.1977500915527 23.175500869751 23.0974178314209 23.052583694458 22.9967498779297 22.929500579834 22.83424949646 22.7868328094482 22.9219169616699 23.0900840759277 23.1630001068115 23.2405834197998 23.333667755127 23.3199996948242 23.3131675720215 23.4483337402344 23.4974994659424 23.5160827636719 23.5890827178955 23.6079158782959 23.6726665496826 23.7432498931885 23.7929172515869 23.7778339385986 23.7948322296143 23.8765830993652 23.9255828857422 23.9755840301514 23.9564170837402 24.0271663665771 24.0920829772949 24.0883331298828 24.0707492828369 24.0676670074463 24.0655002593994 24.0235004425049 23.9528331756592 23.8586673736572 23.7975826263428 23.7782497406006 23.7905826568604 23.7294998168945 23.8439998626709 23.8054161071777 23.7096672058105 23.7059173583984 23.6857490539551 23.6911659240723 23.6925010681152 23.6827507019043
22.9972496032715 23.0709171295166 23.2101669311523 23.2668323516846 23.2621669769287 23.185583114624 23.0847492218018 23.0035839080811 22.9855003356934 22.954833984375 22.9411659240723 23.0518341064453 23.1710834503174 23.16575050354 23.1844997406006 23.2771663665771 23.3900833129883 23.4171657562256 23.5170841217041 23.5380001068115 23.5616664886475 23.6316661834717 23.7479991912842 23.7955837249756 23.8339996337891 23.8888339996338 23.9302501678467 23.9878330230713 23.9908332824707 23.9429168701172 23.8965835571289 23.8945827484131 23.9896659851074 23.9833335876465 24.0602493286133 24.1546669006348 24.193000793457 24.1982498168945 24.1901664733887 24.0654163360596 23.9776668548584 23.9008331298828 23.8008327484131 23.7651672363281 23.8159999847412 23.8185005187988 23.7629165649414 23.7098331451416 23.6856670379639 23.7053337097168 23.7157497406006 23.7124176025391 23.7037506103516
23.1704998016357 23.1197490692139 23.1870002746582 23.2426662445068 23.2730827331543 23.2588329315186 23.2056655883789 23.0833339691162 23.051082611084 23.0326671600342 23.0792503356934 23.1929168701172 23.2836666107178 23.3042507171631 23.2595825195312 23.3989162445068 23.4153327941895 23.4280834197998 23.4979991912842 23.5227508544922 23.5822505950928 23.7280826568604 23.773416519165 23.8518333435059 23.9192504882812 23.9769172668457 24.0540828704834 24.1218338012695 24.1220836639404 24.0240001678467 23.9908332824707 23.9840831756592 24.0136661529541 23.9920825958252 24.035083770752 24.1915836334229 24.2829170227051 24.3130836486816 24.2699165344238 24.1576671600342 24.0362510681152 23.9618339538574 23.8549156188965 23.9085006713867 23.8519172668457 23.8237495422363 23.8155841827393 23.7582492828369 23.7616672515869 23.7450008392334 23.7487506866455 23.7520008087158 23.75
23.3245010375977 23.2657508850098 23.2150001525879 23.1333332061768 23.2266674041748 23.3610000610352 23.3582496643066 23.2924156188965 23.2438335418701 23.2558326721191 23.3060836791992 23.3430004119873 23.3803329467773 23.4164161682129 23.2755832672119 23.42799949646 23.527250289917 23.5750827789307 23.5849990844727 23.591667175293 23.6806659698486 23.8194999694824 23.7845001220703 23.861499786377 23.9233341217041 23.9836673736572 24.0808334350586 24.1121673583984 24.1178340911865 24.0564994812012 24.0151672363281 24.0008335113525 24.0240001678467 24.0354175567627 24.1447505950928 24.2129993438721 24.301082611084 24.331916809082 24.3193321228027 24.2374992370605 24.1196670532227 23.9984169006348 23.9937496185303 23.9574165344238 23.878833770752 23.8427505493164 23.8278331756592 23.8353328704834 23.8403339385986 23.8297500610352 23.8094158172607 23.7886657714844 23.7936668395996
23.2989177703857 23.291166305542 23.2859992980957 23.213249206543 23.2350006103516 23.3173332214355 23.3094158172607 23.3430824279785 23.3880825042725 23.4128341674805 23.4670009613037 23.4890842437744 23.5063343048096 23.4030838012695 23.3641662597656 23.6107501983643 23.6909160614014 23.7245826721191 23.7485008239746 23.7806663513184 23.8400001525879 23.9046669006348 23.9133338928223 23.873083114624 23.8985843658447 23.9651660919189 24.0441665649414 24.1156673431396 24.0808334350586 24.0462493896484 24.0240001678467 23.9813327789307 24.0294990539551 24.0481662750244 24.0655002593994 24.2284164428711 24.2783336639404 24.3021659851074 24.2968330383301 24.2586669921875 24.1744155883789 24.0945835113525 24.0524997711182 24.0028343200684 23.9704170227051 23.9156665802002 23.8964157104492 23.9126663208008 23.905834197998 23.8838329315186 23.8232498168945 23.8244171142578 23.8263339996338
23.1670837402344 23.3841667175293 23.3835830688477 23.2009162902832 23.1016654968262 23.2332496643066 23.3329162597656 23.33424949646 23.4521656036377 23.4897499084473 23.5804176330566 23.622917175293 23.591667175293 23.4869174957275 23.5599174499512 23.7063331604004 23.7287502288818 23.775333404541 23.8009166717529 23.8263339996338 23.896333694458 23.9863338470459 24.0047492980957 23.9629154205322 23.9525833129883 23.9715824127197 24.0469989776611 24.1127510070801 24.1284999847412 24.103666305542 24.0782508850098 24.0058326721191 23.9820003509521 24.0120830535889 24.0364990234375 24.111499786377 24.2724170684814 24.2887496948242 24.2455825805664 24.2249164581299 24.1905002593994 24.1707496643066 24.0780010223389 24.0045833587646 23.9375839233398 23.8790836334229 23.8568325042725 23.8388328552246 23.8898334503174 23.8538341522217 23.8556671142578 23.832332611084 23.8237495422363
23.1221675872803 23.3882503509521 23.2929172515869 23.1399173736572 23.2543334960938 23.2196674346924 23.3284168243408 23.4440002441406 23.541166305542 23.6004161834717 23.7059993743896 23.6695003509521 23.5190010070801 23.6111660003662 23.6669998168945 23.7110004425049 23.7828330993652 23.7902507781982 23.8702507019043 23.8952503204346 24.0150833129883 24.0415000915527 24.0414161682129 24.0399169921875 24.0256671905518 24.0044174194336 24.0552501678467 24.0886669158936 24.1417503356934 24.1094169616699 24.0621662139893 24.0824165344238 24.0056667327881 24.0145835876465 24.0732498168945 24.0884990692139 24.2303333282471 24.2495002746582 24.208833694458 24.2080001831055 24.21875 24.1784992218018 24.0422496795654 23.9329166412354 23.9234161376953 23.8766670227051 23.8739166259766 23.8972511291504 23.9386672973633 23.9316673278809 23.9031658172607 23.8787498474121 23.8719158172607
23.3321666717529 23.3285827636719 23.3463325500488 23.2678337097168 23.2709159851074 23.2006664276123 23.2604999542236 23.3994159698486 23.5650844573975 23.7157497406006 23.8171672821045 23.7111663818359 23.5999164581299 23.7150001525879 23.7487506866455 23.74391746521 23.7708339691162 23.8010005950928 23.8745002746582 23.9516658782959 24.039249420166 24.1041660308838 24.0961666107178 24.0934162139893 24.0990829467773 24.1133327484131 24.062915802002 24.1048336029053 24.1268329620361 24.1303329467773 24.0912494659424 24.1137504577637 24.0623340606689 24.0358333587646 24.0696659088135 24.0801658630371 24.1569156646729 24.2198333740234 24.2158336639404 24.1943340301514 24.1845836639404 24.1601657867432 24.0964164733887 24.0170001983643 24.0142498016357 23.9888324737549 23.9955825805664 24.0314998626709 24.07200050354 24.0821666717529 24.0519161224365 23.9684162139893 23.8925838470459
23.4698333740234 23.4408340454102 23.4590835571289 23.3296661376953 23.2935829162598 23.2950000762939 23.3228340148926 23.3575839996338 23.5140838623047 23.8228340148926 23.8546676635742 23.6595001220703 23.6261672973633 23.7499160766602 23.8125 23.8150005340576 23.8010005950928 23.8290004730225 23.8845825195312 24.0132503509521 24.0694160461426 24.1022491455078 24.1117496490479 24.1513328552246 24.19358253479 24.208667755127 24.1999168395996 24.1561660766602 24.1515827178955 24.1425838470459 24.1151676177979 24.1140003204346 24.1380004882812 24.0709171295166 24.0487499237061 24.091667175293 24.1000003814697 24.1320838928223 24.1459159851074 24.138916015625 24.1321678161621 24.1523342132568 24.1526660919189 24.0888328552246 24.036750793457 24.0922508239746 24.1492500305176 24.1935005187988 24.2323341369629 24.1860828399658 24.0749168395996 23.9444999694824 23.8678340911865
23.5260829925537 23.484582901001 23.4536666870117 23.4186668395996 23.4016666412354 23.39674949646 23.4314155578613 23.5072498321533 23.5923328399658 23.7788333892822 23.8739166259766 23.7071666717529 23.7222499847412 23.8004989624023 23.8645839691162 23.8763332366943 23.8765830993652 23.8653335571289 23.9069995880127 24.0062503814697 24.1244163513184 24.1607494354248 24.1827507019043 24.1926670074463 24.2383327484131 24.2891674041748 24.257833480835 24.2027492523193 24.1879177093506 24.1711654663086 24.1720008850098 24.1391658782959 24.1084156036377 24.1307506561279 24.1027507781982 24.076000213623 24.056999206543 24.0459995269775 24.0685005187988 24.0994167327881 24.1232509613037 24.1788330078125 24.2178325653076 24.185583114624 24.1715831756592 24.253833770752 24.3067493438721 24.3614177703857 24.337833404541 24.2340831756592 24.1220836639404 23.9521656036377 23.7790832519531
23.4351654052734 23.4748344421387 23.5195827484131 23.4976673126221 23.4802494049072 23.5199165344238 23.6094989776611 23.6949996948242 23.7940006256104 23.8740005493164 23.9489994049072 23.7981662750244 23.8293323516846 23.8724994659424 23.9052505493164 23.8702507019043 23.9559173583984 23.9650840759277 23.9770832061768 24.0866661071777 24.1513328552246 24.2248344421387 24.2012500762939 24.2163333892822 24.2626667022705 24.3150005340576 24.238166809082 24.19700050354 24.1771659851074 24.1655006408691 24.1573333740234 24.1175003051758 24.113166809082 24.09375 24.1098327636719 24.0939998626709 24.0549163818359 24.0193328857422 24.0062503814697 24.0503330230713 24.0903339385986 24.1377506256104 24.1966667175293 24.230167388916 24.3001670837402 24.3380832672119 24.3460006713867 24.3846664428711 24.3310832977295 24.2084159851074 24.0041656494141 23.7228336334229 23.4458332061768
23.5175838470459 23.5378341674805 23.5461673736572 23.5298328399658 23.4897499084473 23.507833480835 23.5885009765625 23.689416885376 23.8808326721191 23.956916809082 24.0803337097168 23.9604167938232 23.8842506408691 23.8681659698486 23.9120006561279 23.9230842590332 24.0133323669434 24.0938339233398 24.0846672058105 24.1494159698486 24.2231674194336 24.2828330993652 24.2937507629395 24.2304172515869 24.2483329772949 24.301082611084 24.2643337249756 24.1979999542236 24.1806659698486 24.1666660308838 24.1595840454102 24.105583190918 24.070333480835 24.0539169311523 24.030834197998 23.9969177246094 23.9360008239746 23.9010829925537 23.8845825195312 23.9002494812012 23.9768333435059 24.0578327178955 24.1485824584961 24.2256660461426 24.2645835876465 24.3286666870117 24.3595008850098 24.3114166259766 24.1610832214355 23.9528331756592 23.65016746521 23.3235836029053 22.9984169006348
23.577917098999 23.5665836334229 23.5639171600342 23.5750827789307 23.6176662445068 23.6837501525879 23.6923332214355 23.7210006713867 23.8179168701172 23.9817504882812 24.0279998779297 23.9901657104492 23.9396667480469 23.9258327484131 23.9830837249756 24.0026664733887 24.0480842590332 24.1572494506836 24.2399997711182 24.2374992370605 24.2656669616699 24.3041667938232 24.2906665802002 24.279333114624 24.265832901001 24.2525005340576 24.2560005187988 24.2372493743896 24.2050838470459 24.1811676025391 24.1357498168945 24.1010837554932 24.0844993591309 24.0670833587646 24.0281658172607 23.9700832366943 23.8714160919189 23.8057498931885 23.7814159393311 23.7987499237061 23.8200836181641 23.9365005493164 24.050500869751 24.152250289917 24.1660003662109 24.2415008544922 24.250415802002 24.1469993591309 23.8935832977295 23.5725002288818 23.2175827026367 22.8571662902832 22.6529159545898
23.7087497711182 23.7262496948242 23.7159996032715 23.7081661224365 23.7207489013672 23.7626667022705 23.8139171600342 23.7927494049072 23.8143329620361 23.9233341217041 24.0322494506836 24.0768337249756 24.0141658782959 24.0065002441406 24.0296669006348 24.0810832977295 24.1403331756592 24.1458339691162 24.1762504577637 24.3264999389648 24.3819160461426 24.3606662750244 24.3032493591309 24.3050842285156 24.2415828704834 24.2156677246094 24.210750579834 24.1893329620361 24.1705837249756 24.1166667938232 24.1275844573975 24.1117496490479 24.123498916626 24.0889167785645 24.0270004272461 23.9340839385986 23.7925834655762 23.7447509765625 23.7366676330566 23.752082824707 23.7724170684814 23.8276672363281 23.9429168701172 24.0484161376953 24.05299949646 24.0670833587646 23.9935836791992 23.7978343963623 23.4583339691162 23.1033325195312 22.7710838317871 22.6284160614014 -3.4e+38
23.824499130249 23.8561668395996 23.8404998779297 23.8472499847412 23.8609161376953 23.8808326721191 23.898832321167 23.9038333892822 23.9039993286133 23.949333190918 24.0200824737549 24.2032489776611 24.1580829620361 24.1077499389648 24.1352500915527 24.1713333129883 24.1644992828369 24.1881675720215 24.2356662750244 24.3002490997314 24.3426666259766 24.3295841217041 24.253833770752 24.2444171905518 24.2240009307861 24.2027492523193 24.1783332824707 24.1727504730225 24.156665802002 24.1289157867432 24.1236667633057 24.1319160461426 24.1293334960938 24.0923328399658 24.0313339233398 23.9144172668457 23.8255004882812 23.7243328094482 23.7053337097168 23.7159175872803 23.7385005950928 23.7525825500488 23.824499130249 23.894250869751 23.8887500762939 23.8134174346924 23.6485843658447 23.3282508850098 22.9777488708496 22.6456661224365 22.5965843200684 -3.4e+38 -3.4e+38
23.8932495117188 23.9095821380615 23.9287509918213 23.9309997558594 23.9347496032715 23.9254169464111 23.9779167175293 23.8861656188965 23.9549160003662 23.95924949646 24.0310821533203 24.2253341674805 24.2795829772949 24.2386665344238 24.1765842437744 24.205415725708 24.2568340301514 24.2722511291504 24.2905006408691 24.304666519165 24.2885837554932 24.2771663665771 24.2748336791992 24.253999710083 24.2053337097168 24.1830005645752 24.1786670684814 24.1633338928223 24.1479167938232 24.1235828399658 24.0927505493164 24.1070003509521 24.0955009460449 24.0679168701172 24.0150833129883 23.937084197998 23.8509159088135 23.7592506408691 23.7169170379639 23.6901664733887 23.6599178314209 23.7011661529541 23.7670001983643 23.7903327941895 23.6998329162598 23.5673332214355 23.2857494354248 22.9307498931885 22.5923328399658 22.5021667480469 -3.4e+38 -3.4e+38 -3.4e+38
