layers/avg_1930_tmax0.asc
NCOLS 292 
NROWS 291 
XLLCORNER -87.6458333327872 
YLLCORNER 24.4791666666667 
CELLSIZE 0.0416666666669039 
NODATA_value -3.4e+38 
[rows 192 to 215 of 291, columns 106 to 158 of 292]
-3.4e+38 -3.4e+38 -3.4e+38 -3.4e+38 -3.4e+38 -3.4e+38 -3.4e+38 -3.4e+38 -3.4e+38 -3.4e+38 -3.4e+38 -3.4e+38 -3.4e+38 -3.4e+38 27.0034999847412 26.994499206543 27.1363334655762 27.3634166717529 27.5195827484131 27.7742500305176 27.8040008544922 27.7285842895508 27.594165802002 27.371000289917 27.2189178466797 27.1876659393311 27.1487503051758 27.1255836486816 27.1068344116211 27.0898342132568 27.0517501831055 27.0732498168945 27.0653343200684 27.0702495574951 27.0689163208008 27.105167388916 27.1039161682129 27.1117496490479 27.0991668701172 27.083667755127 27.0828323364258 27.0598335266113 27.0104999542236 26.9794998168945 26.982250213623 26.9851665496826 26.9565830230713 26.9107494354248 26.8832492828369 26.8831672668457 26.9500007629395 27.003999710083 26.9759159088135
-3.4e+38 -3.4e+38 -3.4e+38 -3.4e+38 -3.4e+38 -3.4e+38 -3.4e+38 -3.4e+38 -3.4e+38 -3.4e+38 -3.4e+38 -3.4e+38 -3.4e+38 -3.4e+38 27.0048332214355 27.0022506713867 27.1264171600342 27.3457489013672 27.4379177093506 27.4371681213379 27.6292495727539 27.5667495727539 27.482250213623 27.3211669921875 27.1497497558594 27.1202507019043 27.0877494812012 27.0629997253418 27.0330009460449 27.041332244873 27.0424995422363 27.0526676177979 27.0915832519531 27.0848331451416 27.0785827636719 27.0614166259766 27.0437507629395 27.0530834197998 27.0567493438721 27.0301666259766 27.033332824707 26.9974174499512 26.9603328704834 26.9437503814697 26.9130001068115 26.911750793457 26.8843326568604 26.8554172515869 26.8902492523193 26.9040832519531 26.96266746521 26.9964160919189 27.0106678009033
-3.4e+38 -3.4e+38 -3.4e+38 -3.4e+38 -3.4e+38 -3.4e+38 -3.4e+38 -3.4e+38 -3.4e+38 -3.4e+38 -3.4e+38 -3.4e+38 -3.4e+38 -3.4e+38 26.9804992675781 26.9494171142578 27.0725002288818 27.2152500152588 27.2119998931885 27.2507495880127 27.4600830078125 27.5538330078125 27.4673328399658 27.2737503051758 27.1115837097168 27.0661659240723 27.0315837860107 27.0218334197998 27.011833190918 27.0220832824707 27.0319175720215 27.056999206543 27.1295833587646 27.1351661682129 27.0922508239746 27.0475845336914 26.9927501678467 27.0097503662109 26.9946670532227 26.9972496032715 26.9736671447754 26.94091796875 26.9093322753906 26.8978328704834 26.8856658935547 26.8461666107178 26.7946662902832 26.7962493896484 26.8310832977295 26.9045009613037 26.9553337097168 27.0104999542236 27.0334167480469
-3.4e+38 -3.4e+38 -3.4e+38 -3.4e+38 -3.4e+38 -3.4e+38 -3.4e+38 -3.4e+38 -3.4e+38 -3.4e+38 -3.4e+38 -3.4e+38 -3.4e+38 26.8452491760254 27.015998840332 26.9251670837402 27.0268325805664 27.0609169006348 27.0777492523193 27.0648326873779 27.1916656494141 27.3160839080811 27.3051662445068 27.234001159668 27.1202507019043 27.0222511291504 27.0448322296143 27.0855827331543 27.0984172821045 27.0731658935547 27.0566673278809 27.1129169464111 27.1323337554932 27.1332492828369 27.1042499542236 27.0690841674805 27.0446662902832 27.0429172515869 27.0135841369629 27.0080833435059 26.9771671295166 26.9209995269775 26.8549175262451 26.8306655883789 26.7996673583984 26.7934989929199 26.7494163513184 26.7403335571289 26.777250289917 26.8645839691162 26.9230003356934 26.9740829467773 27.0329170227051
-3.4e+38 -3.4e+38 -3.4e+38 -3.4e+38 -3.4e+38 -3.4e+38 -3.4e+38 -3.4e+38 -3.4e+38 -3.4e+38 -3.4e+38 -3.4e+38 -3.4e+38 26.9312496185303 26.9293327331543 26.8057498931885 26.8726673126221 26.923999786377 26.9033336639404 26.900333404541 27.0157489776611 27.0226669311523 27.1307506561279 27.1582489013672 27.0394172668457 26.9685001373291 27.0084171295166 27.0690002441406 27.1009998321533 27.1350841522217 27.144416809082 27.1871662139893 27.191333770752 27.1569995880127 27.1073341369629 27.0760841369629 27.0635833740234 27.0778331756592 27.0410003662109 27.0273323059082 26.9605007171631 26.8610000610352 26.789665222168 26.7278327941895 26.724666595459 26.7250843048096 26.7229156494141 26.7272491455078 26.7724170684814 26.808500289917 26.8705005645752 26.9241676330566 26.9759159088135
-3.4e+38 -3.4e+38 -3.4e+38 -3.4e+38 -3.4e+38 -3.4e+38 -3.4e+38 -3.4e+38 -3.4e+38 -3.4e+38 -3.4e+38 -3.4e+38 26.6264991760254 26.962833404541 26.8250007629395 26.7390003204346 26.8159999847412 26.869083404541 26.8394165039062 26.8296661376953 26.9063339233398 26.8514995574951 26.8473339080811 26.8016662597656 26.8529167175293 26.8764991760254 26.9625835418701 27.0748329162598 27.1167507171631 27.1239166259766 27.1824169158936 27.2491664886475 27.2386665344238 27.2032508850098 27.181583404541 27.1117496490479 27.08766746521 27.0635833740234 27.0336666107178 27.0085010528564 26.9338321685791 26.8443336486816 26.7842502593994 26.6759166717529 26.6555824279785 26.668083190918 26.6655006408691 26.6949157714844 26.7315826416016 26.7666664123535 26.8106670379639 26.8716659545898 26.9378337860107
-3.4e+38 -3.4e+38 -3.4e+38 -3.4e+38 -3.4e+38 -3.4e+38 -3.4e+38 -3.4e+38 -3.4e+38 -3.4e+38 -3.4e+38 -3.4e+38 26.9322490692139 26.9541664123535 26.7584991455078 26.7471675872803 26.8429164886475 26.9082489013672 26.851749420166 26.8279991149902 26.8439998626709 26.7119178771973 26.5429172515869 26.5740833282471 26.648416519165 26.7935009002686 26.9718341827393 27.0639991760254 27.1537494659424 27.1924171447754 27.2435836791992 27.3425827026367 27.3612499237061 27.351749420166 27.2959175109863 27.2299995422363 27.1687507629395 27.0974159240723 27.0729179382324 27.0282497406006 26.9492492675781 26.857250213623 26.7424163818359 26.6587505340576 26.6739158630371 26.7000827789307 26.6723327636719 26.674165725708 26.67799949646 26.7312507629395 26.794750213623 26.8550834655762 26.9270000457764
-3.4e+38 -3.4e+38 -3.4e+38 -3.4e+38 -3.4e+38 -3.4e+38 -3.4e+38 -3.4e+38 -3.4e+38 -3.4e+38 -3.4e+38 -3.4e+38 27.1016674041748 26.9855003356934 26.7800006866455 26.7928333282471 26.8736667633057 26.9408340454102 26.9324989318848 26.8561668395996 26.8543338775635 26.7640838623047 26.6008338928223 26.670166015625 26.7726669311523 26.8806667327881 26.9615001678467 27.0726661682129 27.1563339233398 27.2263336181641 27.3291664123535 27.4196662902832 27.4389171600342 27.4868335723877 27.454833984375 27.4269161224365 27.363166809082 27.2457504272461 27.1641674041748 27.1101665496826 27.0238342285156 26.9310836791992 26.773416519165 26.7065010070801 26.7378330230713 26.7483329772949 26.6981658935547 26.6500835418701 26.6927490234375 26.7464160919189 26.826000213623 26.8648338317871 26.9486656188965
-3.4e+38 -3.4e+38 -3.4e+38 -3.4e+38 -3.4e+38 -3.4e+38 -3.4e+38 -3.4e+38 -3.4e+38 -3.4e+38 -3.4e+38 27.1919994354248 27.273250579834 27.0260829925537 26.8419170379639 26.8389167785645 26.9086666107178 26.9705829620361 26.9965000152588 26.9488334655762 26.9310836791992 26.8704166412354 26.7491664886475 26.7701663970947 26.8969993591309 26.9071674346924 26.9923343658447 27.0959167480469 27.1979999542236 27.2937507629395 27.4191665649414 27.4806671142578 27.5062503814697 27.5420837402344 27.5470008850098 27.5002498626709 27.4825839996338 27.4209175109863 27.2716674804688 27.1769161224365 27.0773334503174 26.9973335266113 26.8964157104492 26.841833114624 26.7981662750244 26.7574996948242 26.6614990234375 26.6540832519531 26.7451667785645 26.8377494812012 26.8912506103516 26.9449996948242 27.0067501068115
-3.4e+38 -3.4e+38 -3.4e+38 -3.4e+38 -3.4e+38 -3.4e+38 -3.4e+38 -3.4e+38 -3.4e+38 -3.4e+38 27.1938323974609 27.52174949646 27.4645004272461 27.1607494354248 26.9575843811035 26.9270000457764 26.9699993133545 27.0074996948242 27.0626659393311 27.0144996643066 26.9501667022705 26.9156665802002 26.8521671295166 26.8750839233398 26.9853324890137 27.0036659240723 27.0345840454102 27.1429996490479 27.2502498626709 27.3502502441406 27.4615840911865 27.546667098999 27.5909996032715 27.6215000152588 27.650333404541 27.6471672058105 27.6259994506836 27.5680828094482 27.4722499847412 27.3374176025391 27.1759986877441 27.0739994049072 26.9935836791992 26.9458332061768 26.8965835571289 26.8369998931885 26.7736663818359 26.7808322906494 26.8587493896484 26.9410839080811 26.9584999084473 27.0048332214355 27.0725841522217
-3.4e+38 -3.4e+38 -3.4e+38 -3.4e+38 -3.4e+38 -3.4e+38 -3.4e+38 -3.4e+38 -3.4e+38 27.1546669006348 27.5033340454102 27.7758331298828 27.5511665344238 27.2439994812012 27.0301666259766 27.0178337097168 27.0524997711182 27.0993328094482 27.1060829162598 27.0771675109863 27.0240840911865 27.0365829467773 26.9682502746582 26.9586658477783 27.0076675415039 27.1063327789307 27.1394157409668 27.216833114624 27.326416015625 27.4709167480469 27.5307502746582 27.5738334655762 27.6154174804688 27.6945838928223 27.7408332824707 27.7401657104492 27.732666015625 27.7054176330566 27.6095008850098 27.4440002441406 27.3167495727539 27.2165832519531 27.13450050354 27.0593338012695 26.9970836639404 26.9670009613037 26.9557495117188 26.9507503509521 26.9949169158936 27.0340824127197 27.0443344116211 27.0734157562256 27.1301670074463
-3.4e+38 -3.4e+38 -3.4e+38 -3.4e+38 -3.4e+38 -3.4e+38 -3.4e+38 -3.4e+38 -3.4e+38 27.1915836334229 27.5608329772949 27.7773323059082 27.5267505645752 27.2201671600342 27.0275840759277 27.0330829620361 27.0444164276123 27.0666675567627 27.1409168243408 27.0875835418701 27.0839157104492 27.0731658935547 27.0222492218018 26.994083404541 27.0681667327881 27.1704998016357 27.2161674499512 27.2603340148926 27.3806667327881 27.5614166259766 27.6019172668457 27.6140003204346 27.6526660919189 27.7184162139893 27.7903327941895 27.8297500610352 27.8242492675781 27.7656669616699 27.7239170074463 27.5480823516846 27.4009170532227 27.3350009918213 27.2583332061768 27.1866664886475 27.1628341674805 27.1175842285156 27.0973339080811 27.0774173736572 27.088249206543 27.0946674346924 27.1030826568604 27.1224994659424 27.2094173431396
-3.4e+38 -3.4e+38 -3.4e+38 -3.4e+38 -3.4e+38 -3.4e+38 -3.4e+38 -3.4e+38 -3.4e+38 27.0740013122559 27.3975830078125 27.5757503509521 27.355583190918 27.0299167633057 26.8824996948242 26.9534168243408 26.9645004272461 27.0211658477783 27.0654163360596 27.0815830230713 27.0639991760254 27.0733337402344 27.0478324890137 27.0373344421387 27.0890007019043 27.1611671447754 27.2373332977295 27.2980842590332 27.3794174194336 27.5345840454102 27.6178321838379 27.6590003967285 27.6757507324219 27.7094173431396 27.8134994506836 27.8871669769287 27.8802509307861 27.79075050354 27.7721672058105 27.5951671600342 27.4778327941895 27.4356670379639 27.3227500915527 27.2968330383301 27.2869167327881 27.2239170074463 27.2020835876465 27.1695003509521 27.1570835113525 27.1675834655762 27.1619167327881 27.1800003051758 27.267333984375
-3.4e+38 -3.4e+38 -3.4e+38 -3.4e+38 -3.4e+38 -3.4e+38 -3.4e+38 -3.4e+38 -3.4e+38 26.9182510375977 27.1749992370605 27.2660827636719 27.0782508850098 26.9330825805664 26.8434162139893 26.8252506256104 26.8959159851074 26.9951667785645 27.0364170074463 27.1245002746582 27.105749130249 27.1264991760254 27.1604156494141 27.0877494812012 27.1334991455078 27.1888332366943 27.2508335113525 27.365083694458 27.410083770752 27.5069999694824 27.564416885376 27.6694164276123 27.6812496185303 27.7131671905518 27.7544174194336 27.8001670837402 27.8078327178955 27.7611656188965 27.7707500457764 27.6521663665771 27.5436668395996 27.511999130249 27.3874168395996 27.3450832366943 27.3523330688477 27.3175830841064 27.2821674346924 27.2515830993652 27.2353324890137 27.2220001220703 27.2185001373291 27.2749996185303 27.3724994659424
-3.4e+38 -3.4e+38 -3.4e+38 -3.4e+38 -3.4e+38 -3.4e+38 -3.4e+38 -3.4e+38 -3.4e+38 -3.4e+38 27.0311660766602 27.0453338623047 26.8842506408691 26.9308338165283 27.0178337097168 26.9656658172607 26.9098339080811 26.9299163818359 26.9861660003662 27.1425838470459 27.1228332519531 27.1429996490479 27.2199993133545 27.1244163513184 27.2024993896484 27.2219161987305 27.2402496337891 27.3369159698486 27.4378337860107 27.5273323059082 27.58766746521 27.6554164886475 27.7005844116211 27.738000869751 27.7397499084473 27.7417507171631 27.7583332061768 27.7563343048096 27.7250843048096 27.7288341522217 27.6010837554932 27.5947494506836 27.4584999084473 27.3986663818359 27.3910827636719 27.3918323516846 27.3501663208008 27.3262500762939 27.2987499237061 27.3008327484131 27.3297500610352 27.3603343963623 27.4131660461426
-3.4e+38 -3.4e+38 -3.4e+38 -3.4e+38 -3.4e+38 -3.4e+38 -3.4e+38 -3.4e+38 -3.4e+38 26.7358341217041 27.0827503204346 27.0114994049072 26.9534168243408 26.9856662750244 27.0340824127197 26.9744167327881 26.9096660614014 26.8644161224365 26.8465003967285 26.9406661987305 27.0398330688477 27.1585826873779 27.1806659698486 27.1918334960938 27.169750213623 27.1578330993652 27.208667755127 27.3230838775635 27.4227504730225 27.5402488708496 27.6318321228027 27.6720008850098 27.7475833892822 27.7864170074463 27.7756671905518 27.7622489929199 27.7823333740234 27.7754173278809 27.7604999542236 27.7390842437744 27.7268333435059 27.6476669311523 27.5393333435059 27.4775829315186 27.4377498626709 27.3924160003662 27.3811664581299 27.3655834197998 27.3463325500488 27.3834171295166 27.4080829620361 27.4152488708496 27.4636669158936
-3.4e+38 -3.4e+38 -3.4e+38 -3.4e+38 -3.4e+38 -3.4e+38 -3.4e+38 -3.4e+38 -3.4e+38 26.7785835266113 27.1770839691162 27.0926666259766 27.0495834350586 27.0744171142578 26.9895000457764 26.8950824737549 26.8613338470459 26.8530826568604 26.7690849304199 26.8552494049072 26.9324169158936 27.0519161224365 27.1455001831055 27.2616672515869 27.1996669769287 27.1727504730225 27.2640838623047 27.392333984375 27.4685001373291 27.5523338317871 27.6464996337891 27.7185001373291 27.7568340301514 27.802583694458 27.7924175262451 27.7941665649414 27.80641746521 27.7983322143555 27.761833190918 27.7575836181641 27.7369174957275 27.7247505187988 27.6691665649414 27.5731658935547 27.4843330383301 27.4166660308838 27.3985004425049 27.4159164428711 27.4397506713867 27.492000579834 27.4763336181641 27.478666305542 27.5240840911865
-3.4e+38 -3.4e+38 -3.4e+38 -3.4e+38 -3.4e+38 -3.4e+38 -3.4e+38 -3.4e+38 -3.4e+38 26.9989166259766 27.1907501220703 27.1784172058105 27.1609992980957 27.1785831451416 27.1671657562256 26.9720001220703 26.867166519165 26.8738327026367 26.8205833435059 26.8085823059082 26.9159164428711 26.9591674804688 27.1042499542236 27.175666809082 27.1346664428711 27.2080841064453 27.294750213623 27.4459171295166 27.5040836334229 27.5637493133545 27.6455841064453 27.724666595459 27.7748336791992 27.7962493896484 27.7938327789307 27.777250289917 27.8094997406006 27.832332611084 27.8101673126221 27.79075050354 27.7611656188965 27.7340831756592 27.713249206543 27.6181659698486 27.5287494659424 27.4965839385986 27.4916667938232 27.5179996490479 27.5606670379639 27.5646667480469 27.5342502593994 27.5567493438721 27.5707492828369
-3.4e+38 -3.4e+38 -3.4e+38 -3.4e+38 -3.4e+38 -3.4e+38 -3.4e+38 -3.4e+38 -3.4e+38 -3.4e+38 27.1208324432373 27.230167388916 27.3037509918213 27.3233337402344 27.2459163665771 26.9901657104492 -3.4e+38 26.8865833282471 26.9060840606689 26.853832244873 26.8829154968262 27.0128326416016 27.2032489776611 27.2169170379639 27.2644996643066 27.3524990081787 27.3696670532227 27.4861660003662 27.558666229248 27.5955829620361 27.644832611084 27.6979160308838 27.7383327484131 27.7766666412354 27.775333404541 27.7595825195312 27.8102493286133 27.8538341522217 27.8680839538574 27.8196659088135 27.8037490844727 27.7645835876465 27.7004165649414 27.6139163970947 27.6107501983643 27.5830841064453 27.5829162597656 27.5775833129883 27.6141662597656 27.6352500915527 27.6157493591309 27.6434993743896 27.6720008850098
-3.4e+38 -3.4e+38 -3.4e+38 -3.4e+38 -3.4e+38 -3.4e+38 -3.4e+38 -3.4e+38 -3.4e+38 -3.4e+38 -3.4e+38 27.097583770752 27.3107490539551 27.3845825195312 27.2338333129883 -3.4e+38 -3.4e+38 -3.4e+38 -3.4e+38 26.9111671447754 26.886417388916 27.083833694458 27.297082901001 27.3190841674805 27.3473339080811 27.3556671142578 27.4219169616699 27.5089168548584 27.564416885376 27.5995006561279 27.6450004577637 27.6883335113525 27.7123336791992 27.7405834197998 27.7900829315186 27.7950820922852 27.8038330078125 27.8464164733887 27.8520832061768 27.8518333435059 27.8559989929199 27.7777500152588 27.6958332061768 27.627082824707 27.6305828094482 27.6006660461426 27.6062507629395 27.5932502746582 27.6388339996338 27.667667388916 27.7150001525879 27.7177505493164 27.7210006713867
-3.4e+38 -3.4e+38 -3.4e+38 -3.4e+38 -3.4e+38 -3.4e+38 -3.4e+38 -3.4e+38 -3.4e+38 -3.4e+38 -3.4e+38 26.7278327941895 27.1189994812012 27.2870826721191 27.0634174346924 -3.4e+38 -3.4e+38 -3.4e+38 -3.4e+38 26.9301662445068 26.9580841064453 27.1195831298828 27.2993335723877 27.3613338470459 27.3861675262451 27.3784160614014 27.4547500610352 27.4460830688477 27.5095825195312 27.5562496185303 27.6163330078125 27.6654167175293 27.6952495574951 27.7376670837402 27.7492504119873 27.793083190918 27.7925834655762 27.8368339538574 27.8420829772949 27.8819160461426 27.8565826416016 27.8057498931885 27.7343330383301 27.6792507171631 27.6526660919189 27.6518325805664 27.6286659240723 27.657751083374 27.7089157104492 27.7801666259766 27.785249710083 27.7835826873779 27.7863330841064
-3.4e+38 -3.4e+38 -3.4e+38 -3.4e+38 -3.4e+38 -3.4e+38 -3.4e+38 -3.4e+38 -3.4e+38 -3.4e+38 -3.4e+38 -3.4e+38 26.6431655883789 26.9156665802002 -3.4e+38 -3.4e+38 -3.4e+38 26.9844169616699 26.9397506713867 26.9334163665771 26.9903335571289 27.1516666412354 27.2835006713867 27.2810840606689 27.382833480835 27.4179992675781 27.4663333892822 27.4158325195312 27.4895839691162 27.551082611084 27.6117496490479 27.6709995269775 27.6864166259766 27.722583770752 27.7708339691162 27.798999786377 27.8129997253418 27.8083324432373 27.8111667633057 27.8374176025391 27.8575000762939 27.8709163665771 27.8303337097168 27.7978324890137 27.7557487487793 27.7201671600342 27.6954174041748 27.7455825805664 27.8052501678467 27.8299160003662 27.8433322906494 27.8274993896484 27.82200050354
-3.4e+38 -3.4e+38 -3.4e+38 -3.4e+38 -3.4e+38 -3.4e+38 -3.4e+38 -3.4e+38 -3.4e+38 -3.4e+38 -3.4e+38 -3.4e+38 26.2330837249756 -3.4e+38 -3.4e+38 -3.4e+38 -3.4e+38 26.974250793457 26.972583770752 26.9496669769287 27.0251655578613 27.1396656036377 27.2655830383301 27.3170833587646 27.4095001220703 27.4165000915527 27.4265003204346 27.4448337554932 27.5160827636719 27.5774173736572 27.6059989929199 27.6609172821045 27.69358253479 27.7255840301514 27.7847499847412 27.7784996032715 27.7835006713867 27.8100833892822 27.8194160461426 27.8735828399658 27.9221668243408 27.9304161071777 27.9188327789307 27.8993339538574 27.8700828552246 27.8124160766602 27.7903327941895 27.8027496337891 27.8684997558594 27.8891677856445 27.8870830535889 27.8560829162598 27.8592491149902
-3.4e+38 -3.4e+38 -3.4e+38 -3.4e+38 -3.4e+38 -3.4e+38 -3.4e+38 -3.4e+38 -3.4e+38 -3.4e+38 -3.4e+38 -3.4e+38 25.9428329467773 -3.4e+38 -3.4e+38 -3.4e+38 26.8729991912842 27.013500213623 27.0370006561279 27.0287494659424 27.198917388916 27.2714176177979 27.3794174194336 27.3759994506836 27.3721656799316 27.3836669921875 27.4279174804688 27.4545822143555 27.5208339691162 27.6002502441406 27.6299991607666 27.6780834197998 27.7270832061768 27.7699165344238 27.8120002746582 27.7984161376953 27.8171672821045 27.8535003662109 27.94358253479 27.9692497253418 27.9512500762939 27.9729995727539 27.9733333587646 27.933500289917 27.9555835723877 27.9395008087158 27.8962497711182 27.851167678833 27.9037494659424 27.9219169616699 27.9230842590332 27.9104995727539 27.8960838317871
