layers/avg_2014_tmin0.asc
NCOLS 292 
NROWS 291 
XLLCORNER -87.6458333327872 
YLLCORNER 24.4791666666667 
CELLSIZE 0.0416666666669039 
NODATA_value -3.4e+38 
[rows 96 to 119 of 291, columns 106 to 158 of 292]
10.7933330535889 10.7283334732056 10.7008333206177 10.6266670227051 10.6483335494995 10.6666669845581 10.6033334732056 10.6675004959106 10.710000038147 10.7349996566772 10.8491668701172 10.8716669082642 10.8858337402344 10.9025001525879 10.9383335113525 10.9750003814697 11.0025005340576 11.2316665649414 11.5425004959106 11.5533332824707 11.6599998474121 11.6083335876465 11.6758337020874 11.6416664123535 11.6366662979126 11.4641666412354 11.522500038147 11.4891662597656 11.3858337402344 11.408332824707 11.477499961853 11.4316663742065 11.5716667175293 11.6566667556763 11.5991668701172 11.7308330535889 11.7391662597656 11.8500003814697 12.039999961853 12.1774997711182 12.2783336639404 12.2224998474121 12.085000038147 12.0483331680298 12.0158338546753 11.9049997329712 11.8249998092651 11.7916669845581 11.75 11.694167137146 11.6983337402344 11.6466665267944 11.6949996948242
10.8108329772949 10.7766666412354 10.7616662979126 10.7116670608521 10.6925001144409 10.6875 10.647500038147 10.7116661071777 10.7250003814697 10.7683334350586 10.8991670608521 10.9716663360596 10.9925003051758 10.9541664123535 11.0241670608521 11.1099996566772 11.1816663742065 11.3166666030884 11.5699996948242 11.5616664886475 11.6999998092651 11.7325000762939 11.6824998855591 11.7683334350586 11.8058338165283 11.6666669845581 11.7608337402344 11.7458333969116 11.6258335113525 11.6125001907349 11.5725002288818 11.5974998474121 11.6416664123535 11.6558332443237 11.6091661453247 11.6533336639404 11.8733329772949 12.0908336639404 12.1433334350586 12.1925001144409 12.2349996566772 12.1891670227051 12.0991668701172 12.0208330154419 11.9224996566772 11.8541669845581 11.9316663742065 11.953332901001 11.9341669082642 11.8958330154419 11.9283332824707 11.9391670227051 11.9433336257935
10.8874998092651 10.805832862854 10.8000001907349 10.7750005722046 10.7591667175293 10.6891670227051 10.8000001907349 10.7691669464111 10.7533330917358 10.8341665267944 10.9499998092651 11.0375003814697 11.0641670227051 11.0649995803833 11.1241664886475 11.2299995422363 11.4016666412354 11.4508333206177 11.5349998474121 11.6949996948242 11.7491664886475 11.7375001907349 11.7600002288818 11.7541666030884 11.8916664123535 11.819167137146 11.8225002288818 11.9433336257935 11.7974996566772 11.8450002670288 11.8000001907349 11.8058338165283 11.7941665649414 11.8408336639404 11.8383331298828 11.7075004577637 11.7574996948242 11.9133338928223 12.0341663360596 12.1791667938232 12.2691669464111 12.1625003814697 12.1499996185303 12.1116666793823 12.0408334732056 12.0333337783813 12.0074996948242 12.0383329391479 12.0941667556763 12.1141672134399 12.0866670608521 12.1491661071777 12.1899995803833
10.9650001525879 10.9283332824707 10.9366664886475 10.8741664886475 10.8033332824707 10.8133335113525 10.8291664123535 10.805832862854 10.8716669082642 11.029167175293 11.0974998474121 11.1075000762939 11.1774997711182 11.1999998092651 11.220832824707 11.3816661834717 11.4141664505005 11.414999961853 11.4966669082642 11.6400003433228 11.7316665649414 11.8500003814697 11.8958330154419 11.8891668319702 11.9516668319702 12.0433330535889 12.0033330917358 12.0600004196167 12.0241670608521 11.9858331680298 12.0249996185303 11.9449996948242 11.8991670608521 11.9075002670288 11.7891664505005 11.8758335113525 11.9849996566772 12.0058326721191 12.0733337402344 12.1383333206177 12.3166666030884 12.194167137146 12.1374998092651 12.1599998474121 12.1433334350586 12.1066665649414 12.1291666030884 12.1041660308838 12.227499961853 12.335000038147 12.4058332443237 12.4058332443237 12.4449996948242
11.0500001907349 11.0450000762939 11.0500001907349 10.9666662216187 10.9316663742065 10.9766664505005 10.9716663360596 10.9616670608521 10.9791669845581 11.0950002670288 11.2233333587646 11.2449998855591 11.3341665267944 11.3649997711182 11.3983335494995 11.3899993896484 11.5216665267944 11.6291666030884 11.6599998474121 11.7200002670288 11.7691669464111 11.881667137146 11.9733333587646 12.0983333587646 12.0500001907349 12.147500038147 12.1274995803833 12.078332901001 12.2058334350586 12.1558332443237 12.0458335876465 12.0366668701172 11.9958333969116 11.977499961853 11.9433336257935 11.9366664886475 12.0150003433228 12.0950002670288 12.0991668701172 12.2074995040894 12.3800001144409 12.3433332443237 12.2391662597656 12.2491664886475 12.2858333587646 12.3666667938232 12.4183340072632 12.3450002670288 12.4691667556763 12.5791664123535 12.6058330535889 12.5983333587646 12.6324996948242
11.1158332824707 11.1774997711182 11.2258329391479 11.1791667938232 11.1858329772949 11.2258329391479 11.1616668701172 11.0691661834717 11.0991668701172 11.1658334732056 11.2666664123535 11.4525003433228 11.4825000762939 11.5749998092651 11.5725002288818 11.5500001907349 11.5474996566772 11.6850004196167 11.8416662216187 11.908332824707 11.8958339691162 11.9758338928223 12.1708335876465 12.2366666793823 12.1491670608521 12.0958337783813 12.2308330535889 12.2174997329712 12.243332862854 12.1791667938232 12.0824995040894 12.0041666030884 12.0200004577637 12.0075006484985 12.0808334350586 12.0600004196167 12.1300001144409 12.1483335494995 12.1324996948242 12.1633338928223 12.296667098999 12.4300003051758 12.3999996185303 12.4241666793823 12.4591665267944 12.5483331680298 12.5816669464111 12.5866670608521 12.6616668701172 12.7425003051758 12.7349996566772 12.7291669845581 12.7641668319702
11.2008333206177 11.2358331680298 11.3199996948242 11.2858333587646 11.3699998855591 11.3508329391479 11.2383337020874 11.2491664886475 11.2325000762939 11.2958335876465 11.4541664123535 11.5941667556763 11.5924997329712 11.6566667556763 11.6975002288818 11.6999998092651 11.7866668701172 11.8566665649414 11.9916667938232 12.0574998855591 12.1075000762939 12.0866670608521 12.1458330154419 12.220832824707 12.0991668701172 12.1108331680298 12.2158336639404 12.2425003051758 12.2624998092651 12.1975002288818 12.1741666793823 12.1158332824707 12.1341667175293 12.1925001144409 12.1358337402344 12.1258335113525 12.1758337020874 12.2108335494995 12.1566667556763 12.1766672134399 12.2533330917358 12.3483333587646 12.5508337020874 12.5716667175293 12.5841665267944 12.6199998855591 12.7083330154419 12.7766666412354 12.8766670227051 12.9449996948242 12.8991670608521 12.8883333206177 12.9058332443237
11.4458332061768 11.3616666793823 11.4799995422363 11.5358333587646 11.5391664505005 11.4183330535889 11.3116664886475 11.3483333587646 11.3916664123535 11.4674997329712 11.5583333969116 11.5874996185303 11.6408338546753 11.6424999237061 11.7191667556763 11.8408336639404 11.8608331680298 11.944167137146 12.0491666793823 12.1458330154419 12.2300004959106 12.2150001525879 12.1816663742065 12.2033338546753 12.1608333587646 12.1458330154419 12.1491670608521 12.2891664505005 12.3633337020874 12.3466663360596 12.2791662216187 12.1366662979126 12.131667137146 12.1899995803833 12.1449995040894 12.1116666793823 12.2433338165283 12.3474998474121 12.319167137146 12.3100004196167 12.3000001907349 12.4433336257935 12.6149997711182 12.6599998474121 12.7133331298828 12.7425003051758 12.7991666793823 12.8616666793823 12.9741668701172 13.1733331680298 13.1291666030884 13.0441665649414 13.0383329391479
11.7325000762939 11.6833333969116 11.654167175293 11.6966667175293 11.6808338165283 11.5583333969116 11.506667137146 11.5366668701172 11.5658330917358 11.609167098999 11.6141662597656 11.6433334350586 11.6599998474121 11.6875 11.7533330917358 11.8575000762939 11.9608335494995 12.033332824707 12.1599998474121 12.272500038147 12.3199996948242 12.3141670227051 12.2241668701172 12.203332901001 12.1691665649414 12.1700000762939 12.2550001144409 12.3033332824707 12.289999961853 12.2925004959106 12.2600002288818 12.0733337402344 12.0900001525879 12.1400003433228 12.1975002288818 12.2133331298828 12.3616666793823 12.4174995422363 12.368332862854 12.3450002670288 12.414999961853 12.5633335113525 12.6466665267944 12.7624998092651 12.7758331298828 12.8283338546753 12.9099998474121 13.0074996948242 13.1116666793823 13.2533330917358 13.3016662597656 13.2316665649414 13.1666660308838
11.9183330535889 11.8708333969116 11.7966661453247 11.8066663742065 11.7708330154419 11.6450004577637 11.5766668319702 11.5416669845581 11.5766668319702 11.5833330154419 11.6875 11.710000038147 11.7200002670288 11.7491664886475 11.7733335494995 11.8633337020874 11.9966669082642 12.0883331298828 12.2108335494995 12.3291664123535 12.4183330535889 12.3766660690308 12.2216663360596 12.1941661834717 12.194167137146 12.2733335494995 12.2716665267944 12.2858333587646 12.2441663742065 12.194167137146 12.2241668701172 12.1525001525879 12.1091661453247 12.1216659545898 12.1774997711182 12.2183332443237 12.3308334350586 12.3966665267944 12.4291667938232 12.4750003814697 12.5933332443237 12.6850004196167 12.7425003051758 12.8316669464111 12.8725004196167 12.9258337020874 13.0349998474121 13.1508331298828 13.2683334350586 13.3850002288818 13.4224996566772 13.3891668319702 13.4075002670288
12.0050001144409 11.9441661834717 11.8000001907349 11.8166666030884 11.8074998855591 11.6591663360596 11.5983333587646 11.5841665267944 11.5608329772949 11.5291662216187 11.6350002288818 11.6816663742065 11.7558336257935 11.7775001525879 11.7991666793823 11.8941669464111 11.993332862854 12.085000038147 12.1833333969116 12.2825002670288 12.3625001907349 12.3324995040894 12.3483333587646 12.3408336639404 12.3091669082642 12.3058338165283 12.2733325958252 12.2391662597656 12.2075004577637 12.1666669845581 12.1824998855591 12.1549997329712 12.1283330917358 12.1700000762939 12.2533330917358 12.3099994659424 12.404167175293 12.4691667556763 12.5316667556763 12.5991668701172 12.7150001525879 12.7691669464111 12.7533330917358 12.8491668701172 12.9375 13.0266666412354 13.1958332061768 13.3166666030884 13.408332824707 13.4933338165283 13.4966669082642 13.5083332061768 13.5150003433228
11.8900003433228 11.9350004196167 11.8424997329712 11.7616662979126 11.7541666030884 11.7574996948242 11.6591663360596 11.5583333969116 11.6849994659424 11.6800003051758 11.5633335113525 11.6274995803833 11.7925004959106 11.8358335494995 11.897500038147 11.9058332443237 12.0749998092651 12.1508331298828 12.2483339309692 12.2041664123535 12.3083333969116 12.289999961853 12.359167098999 12.4099998474121 12.3199996948242 12.2883329391479 12.2708330154419 12.2983331680298 12.2866668701172 12.2424993515015 12.2108335494995 12.2516670227051 12.2591667175293 12.2574996948242 12.3500003814697 12.4483337402344 12.5249996185303 12.5583333969116 12.6166667938232 12.6466665267944 12.7150001525879 12.75 12.7941665649414 12.9049997329712 12.9650001525879 13.0799999237061 13.2183332443237 13.3483333587646 13.5283336639404 13.5249996185303 13.4749994277954 13.4641666412354 13.5116662979126
11.7475004196167 11.8391666412354 11.9491662979126 11.9400005340576 11.890832901001 11.8508329391479 11.7783336639404 11.7124996185303 11.6016664505005 11.654167175293 11.7291669845581 11.8783330917358 11.8199996948242 11.9233331680298 11.8166666030884 11.8858337402344 12.2583332061768 12.2749996185303 12.1899995803833 12.0666666030884 12.1275005340576 12.3108329772949 12.2583332061768 12.3450002670288 12.3483333587646 12.3641672134399 12.3083333969116 12.3950004577637 12.3549995422363 12.296667098999 12.25 12.1991662979126 12.2266664505005 12.289999961853 12.4083337783813 12.5241670608521 12.5958337783813 12.6674995422363 12.6833333969116 12.7375001907349 12.7458333969116 12.7591667175293 12.8283338546753 12.9341669082642 12.9949998855591 13.0366668701172 13.1491670608521 13.2716665267944 13.4333333969116 13.4724998474121 13.4408330917358 13.4091663360596 13.4741668701172
11.6324996948242 11.7558336257935 11.9258337020874 11.9833335876465 11.9566669464111 11.9133329391479 11.8691663742065 11.7674999237061 11.6499996185303 11.7508335113525 11.703332901001 11.8458337783813 11.7358331680298 11.8900003433228 11.7241668701172 11.8258333206177 12.1499996185303 12.0808334350586 12.0758333206177 12.1224994659424 12.0124998092651 12.2166662216187 12.2741670608521 12.3199996948242 12.3841667175293 12.4316663742065 12.3433332443237 12.3599996566772 12.3808336257935 12.3433332443237 12.335000038147 12.3441667556763 12.3458337783813 12.3850002288818 12.5033330917358 12.5933332443237 12.6216669082642 12.6683330535889 12.7708330154419 12.8016662597656 12.7641668319702 12.7858333587646 12.9158334732056 12.9533338546753 12.9741668701172 12.9883337020874 13.1066665649414 13.2216663360596 13.3158330917358 13.3633337020874 13.4525003433228 13.515832901001 13.5741662979126
11.5933332443237 11.7249994277954 11.8400001525879 11.8541669845581 11.9324998855591 11.9183330535889 11.7924995422363 11.8024997711182 11.8566665649414 11.8899993896484 11.8641662597656 11.7550001144409 11.7624998092651 11.9666662216187 11.8408336639404 11.7458333969116 11.9016666412354 11.9891672134399 11.9700002670288 11.9541664123535 12.1358337402344 12.1899995803833 12.3116664886475 12.3649997711182 12.3608331680298 12.3908338546753 12.3850002288818 12.3491668701172 12.375 12.3583335876465 12.404167175293 12.4383335113525 12.4091663360596 12.444167137146 12.5474996566772 12.6366662979126 12.6675004959106 12.6933336257935 12.7325000762939 12.8000001907349 12.8083333969116 12.8850002288818 12.9158334732056 12.8900003433228 12.8874998092651 12.9633331298828 13.0433330535889 13.1708335876465 13.2666664123535 13.3016672134399 13.4233331680298 13.5600004196167 13.7449998855591
11.5 11.7183332443237 11.9300003051758 11.8649997711182 11.8325004577637 12.0275001525879 12.0874996185303 12.0858335494995 11.9799995422363 11.868332862854 11.7891664505005 11.7691669464111 11.7958335876465 11.9258337020874 11.8299999237061 11.8100004196167 11.6733331680298 11.7183332443237 11.7550001144409 11.908332824707 12.0749998092651 12.1433334350586 12.3100004196167 12.3841667175293 12.3858337402344 12.3933334350586 12.3808336257935 12.3033332824707 12.3541669845581 12.3658332824707 12.4066667556763 12.4475002288818 12.4066667556763 12.4625005722046 12.522500038147 12.618332862854 12.7058334350586 12.8000001907349 12.8341665267944 12.8041667938232 12.8374996185303 12.8541669845581 12.8199996948242 12.8133335113525 12.7933330535889 12.8516664505005 12.970832824707 13.0874996185303 13.2166662216187 13.2616662979126 13.4308338165283 13.5716667175293 13.8199996948242
11.4183330535889 11.6308336257935 11.897500038147 12.0299997329712 12.0108327865601 11.9700002670288 11.9541664123535 12.0191669464111 11.8791666030884 11.9833335876465 11.9408330917358 11.8474998474121 11.841667175293 11.835000038147 11.9641666412354 12.0574998855591 11.9508333206177 12.1075000762939 11.8649997711182 11.9458332061768 12.0100002288818 12.0133333206177 12.0083332061768 12.2183332443237 12.3983335494995 12.4041662216187 12.3924999237061 12.3966665267944 12.421667098999 12.3841667175293 12.3783330917358 12.4241666793823 12.444167137146 12.4566669464111 12.5299997329712 12.6183338165283 12.7025003433228 12.7891664505005 12.8675003051758 12.7799997329712 12.8083333969116 12.7583332061768 12.7058334350586 12.7066669464111 12.727499961853 12.7758331298828 12.8441667556763 12.953332901001 13.1041660308838 13.3058338165283 13.4825000762939 13.7016668319702 14.1116666793823
11.5508337020874 11.5216665267944 11.7525005340576 11.8958330154419 11.9541664123535 11.9899997711182 11.9416666030884 11.8941669464111 11.9191665649414 11.8800001144409 11.7808332443237 11.7399997711182 11.9041662216187 12.2466669082642 12.4875001907349 12.2624998092651 12.2958335876465 12.1716661453247 11.9608335494995 11.9099998474121 11.7716665267944 11.8158330917358 11.9549999237061 12.0391664505005 12.1641664505005 12.2733335494995 12.4308338165283 12.5 12.4583330154419 12.4250001907349 12.3924999237061 12.3900003433228 12.3808336257935 12.4300003051758 12.5416669845581 12.6350002288818 12.7191667556763 12.8374996185303 12.8950004577637 12.8083333969116 12.7683334350586 12.6800003051758 12.6033334732056 12.5699996948242 12.5699996948242 12.6499996185303 12.7916669845581 12.9099998474121 13.1300001144409 13.3991670608521 13.6391668319702 14.0150003433228 14.3783330917358
11.7125005722046 11.6225004196167 11.5358333587646 11.7633333206177 11.9808330535889 11.9508333206177 11.9758329391479 11.9133338928223 11.859167098999 11.8116664886475 11.8566665649414 12.0908336639404 12.3533334732056 12.4416666030884 12.4283332824707 12.3575000762939 12.3366661071777 12.2866668701172 12.1700000762939 11.9633331298828 11.7925004959106 11.8225002288818 11.9499998092651 12.0133333206177 12.0341663360596 12.1783332824707 12.2916669845581 12.4016666412354 12.4958333969116 12.4375 12.4258337020874 12.4033336639404 12.397500038147 12.4241666793823 12.470832824707 12.6191663742065 12.7083330154419 12.8249998092651 12.9208335876465 12.8033332824707 12.5658330917358 12.4825000762939 12.4375 12.4074993133545 12.4566669464111 12.5541667938232 12.6983337402344 12.8999996185303 13.1783332824707 13.4233331680298 13.8400001525879 14.1841669082642 14.4700002670288
11.8733329772949 11.9650001525879 11.8000001907349 11.8858337402344 11.8883333206177 11.8374996185303 11.7991666793823 11.7891664505005 11.8241662979126 11.9633331298828 12.1933336257935 12.3766660690308 12.3583335876465 12.3150005340576 12.3100004196167 12.3241662979126 12.3191661834717 12.3050003051758 12.2325000762939 12.1483335494995 12.0508337020874 12.0316667556763 12.0649995803833 12.085000038147 12.1175003051758 12.1741666793823 12.243332862854 12.2875003814697 12.3199996948242 12.4291667938232 12.4266672134399 12.4316663742065 12.4274997711182 12.4499998092651 12.5091667175293 12.5291662216187 12.6658334732056 12.7550001144409 12.7849998474121 12.7449998855591 12.4899997711182 12.3125 12.2741670608521 12.3341665267944 12.4408330917358 12.5408334732056 12.703332901001 12.9166660308838 13.1958332061768 13.6291666030884 13.9633331298828 14.3266668319702 -3.4e+38
12.2841663360596 12.1275005340576 12.022500038147 11.9991664886475 11.9724998474121 11.8675003051758 11.8241662979126 11.8324995040894 11.9008331298828 12.0533332824707 12.2533330917358 12.3233337402344 12.3408336639404 12.3741664886475 12.3433332443237 12.3774995803833 12.3333330154419 12.3275003433228 12.3374996185303 12.3883333206177 12.3666667938232 12.2550001144409 12.1958332061768 12.1424999237061 12.1300001144409 12.1975002288818 12.2466669082642 12.2375001907349 12.25 12.2891664505005 12.3733329772949 12.5133333206177 12.5308332443237 12.5191669464111 12.4958333969116 12.4825000762939 12.5091667175293 12.5749998092651 12.6208333969116 12.6175003051758 12.4575004577637 12.3391666412354 12.2508335113525 12.3216667175293 12.4616661071777 12.6233329772949 12.8058338165283 13.1125001907349 13.4866666793823 13.9108333587646 14.2624998092651 -3.4e+38 -3.4e+38
12.6724996566772 12.4541664123535 12.3499994277954 12.2150001525879 12.0325002670288 11.9641666412354 11.8783330917358 11.7983331680298 11.8841667175293 12.0500001907349 12.147500038147 12.2441663742065 12.3800001144409 12.4075002670288 12.4066667556763 12.4099998474121 12.4125003814697 12.4174995422363 12.4625005722046 12.6275005340576 12.5841665267944 12.4383335113525 12.3541669845581 12.3066663742065 12.2425003051758 12.1841669082642 12.180832862854 12.2150001525879 12.2475004196167 12.3116664886475 12.3566665649414 12.4141664505005 12.5600004196167 12.5808334350586 12.5908327102661 12.5408334732056 12.4766664505005 12.4883327484131 12.5416660308838 12.5791664123535 12.5199995040894 12.4624996185303 12.4125003814697 12.3800001144409 12.4991664886475 12.6633338928223 12.9483327865601 13.2833337783813 13.7716665267944 14.1966667175293 -3.4e+38 -3.4e+38 -3.4e+38
12.5958337783813 12.4808330535889 12.4408330917358 12.3291664123535 12.2125005722046 12.0708332061768 11.9316663742065 11.9049997329712 11.9624996185303 12.0349998474121 12.1724996566772 12.3199996948242 12.4125003814697 12.4583330154419 12.430832862854 12.4391670227051 12.4291667938232 12.4133329391479 12.4491662979126 12.5150003433228 12.5500001907349 12.414999961853 12.3216667175293 12.289999961853 12.2624998092651 12.2674999237061 12.2733335494995 12.2691669464111 12.2749996185303 12.2849998474121 12.375 12.4033336639404 12.3741664886475 12.5241670608521 12.591667175293 12.6066665649414 12.5333337783813 12.4691667556763 12.4733333587646 12.5024995803833 12.5425004959106 12.5174999237061 12.4583330154419 12.4708337783813 12.5633335113525 12.7741670608521 13.1141662597656 13.5008335113525 13.9433336257935 14.3041667938232 -3.4e+38 -3.4e+38 -3.4e+38
12.5191669464111 12.4683332443237 12.414999961853 12.3391666412354 12.2616662979126 12.1700000762939 12.0974998474121 12.0616664886475 12.1058330535889 12.1800003051758 12.3099994659424 12.3908338546753 12.453332901001 12.4825000762939 12.4683332443237 12.4658336639404 12.4583330154419 12.4383335113525 12.4499998092651 12.4624996185303 12.4433336257935 12.4266662597656 12.3433332443237 12.3016662597656 12.2591667175293 12.2924995422363 12.3175001144409 12.368332862854 12.3191661834717 12.2941665649414 12.3191661834717 12.3249998092651 12.3933334350586 12.4341669082642 12.5358333587646 12.5833339691162 12.5483331680298 12.5241670608521 12.5008335113525 12.4633331298828 12.4691667556763 12.4766674041748 12.5308332443237 12.5716667175293 12.6791667938232 12.9224996566772 13.2583332061768 13.6824998855591 14.0758333206177 14.3824996948242 -3.4e+38 -3.4e+38 -3.4e+38
