layers/avg_1930_tmean0.asc
NCOLS 292 
NROWS 291 
XLLCORNER -87.6458333327872 
YLLCORNER 24.4791666666667 
CELLSIZE 0.0416666666669039 
NODATA_value -3.4e+38 
[rows 24 to 47 of 291, columns 212 to 264 of 292]
15.7697496414185 15.8182506561279 15.8787088394165 15.9124584197998 15.919750213623 15.9137496948242 15.8928747177124 15.9280414581299 15.9476251602173 15.922833442688 15.9337501525879 15.983416557312 15.9808330535889 16.0305004119873 16.1002502441406 16.1621246337891 16.0814990997314 16.0641250610352 16.2754573822021 16.3749160766602 16.3956661224365 16.4229583740234 16.4902076721191 16.5407085418701 16.5528755187988 16.4734172821045 16.4436664581299 16.4990825653076 16.531665802002 16.5174999237061 16.5282497406006 16.455041885376 16.414249420166 16.4018325805664 16.4148330688477 16.476375579834 16.5189990997314 16.5812492370605 16.662166595459 16.6995830535889 16.7330417633057 16.7267093658447 16.6810836791992 16.6367492675781 16.5675411224365 16.5235824584961 16.4857501983643 16.4547920227051 16.4397087097168 16.4410839080811 16.5102500915527 16.5460834503174 16.5510005950928
15.7950830459595 15.8611249923706 15.9102916717529 15.9213333129883 15.9286670684814 15.9239587783813 15.9197912216187 15.9623336791992 16.0161247253418 15.9959163665771 15.9998331069946 16.0170841217041 16.0175838470459 16.0772914886475 16.1576251983643 16.2235012054443 16.2162075042725 16.263500213623 16.4082508087158 16.4102916717529 16.4222927093506 16.4947090148926 16.5252494812012 16.5504589080811 16.5570411682129 16.5971660614014 16.5210418701172 16.5604591369629 16.5812911987305 16.5743751525879 16.6117916107178 16.5792922973633 16.5112495422363 16.4686260223389 16.4907093048096 16.494083404541 16.539041519165 16.5982494354248 16.6692085266113 16.7120418548584 16.8133754730225 16.8808326721191 16.8299179077148 16.7322082519531 16.6895008087158 16.6529579162598 16.6129169464111 16.5984992980957 16.6195411682129 16.6578330993652 16.6941242218018 16.6682910919189 16.6439170837402
15.8999586105347 15.9219999313354 15.9789161682129 15.9515838623047 15.9752922058105 15.9446668624878 15.941499710083 16.007791519165 16.0809173583984 16.0005416870117 16.0698337554932 16.0479164123535 16.0528335571289 16.1119575500488 16.2276248931885 16.3483753204346 16.3782081604004 16.44700050354 16.4776248931885 16.5178337097168 16.5825004577637 16.5744171142578 16.6177921295166 16.6086673736572 16.640625 16.6599998474121 16.6340408325195 16.6084156036377 16.6437911987305 16.6449165344238 16.6911659240723 16.7037506103516 16.6119995117188 16.588249206543 16.5561676025391 16.5892086029053 16.6418743133545 16.6940422058105 16.7386245727539 16.7783737182617 16.8413753509521 16.8910827636719 16.898624420166 16.8913326263428 16.8417491912842 16.804874420166 16.7629585266113 16.7614994049072 16.7689590454102 16.7875003814697 16.7285823822021 16.685209274292 16.6240825653076
16.1239166259766 16.1332492828369 16.1218338012695 16.1170425415039 16.0919589996338 16.0898742675781 16.0532913208008 16.0889587402344 16.1713752746582 16.1266250610352 16.1198749542236 16.1580009460449 16.1830825805664 16.2389583587646 16.3127918243408 16.4032077789307 16.5613746643066 16.6733341217041 16.6968746185303 16.6830425262451 16.6730823516846 16.68137550354 16.691333770752 16.6981658935547 16.6352500915527 16.6475410461426 16.7036666870117 16.7380828857422 16.7907905578613 16.8246669769287 16.8436241149902 16.8495006561279 16.8012504577637 16.7602500915527 16.7453327178955 16.7634582519531 16.7941665649414 16.8012504577637 16.8177509307861 16.8379592895508 16.8558330535889 16.8864574432373 16.873291015625 16.882999420166 16.8466243743896 16.8929576873779 16.841625213623 16.8287506103516 16.8108329772949 16.8434581756592 16.7896671295166 16.6862506866455 16.6472091674805
16.3188743591309 16.320291519165 16.2902507781982 16.2584991455078 16.2320423126221 16.1437911987305 16.1692085266113 16.3098335266113 16.2884578704834 16.2449169158936 16.2925415039062 16.3215408325195 16.371374130249 16.4241256713867 16.4970836639404 16.5840835571289 16.6364994049072 16.7121257781982 16.794584274292 16.8597507476807 16.8224582672119 16.7917499542236 16.7603759765625 16.7251243591309 16.7262077331543 16.7655830383301 16.7700824737549 16.7637500762939 16.865291595459 16.9547500610352 17.0362091064453 17.0524158477783 17.0120410919189 16.9126243591309 16.9088325500488 16.8864994049072 16.8824996948242 16.8604164123535 16.9015827178955 16.8803329467773 16.8850841522217 16.9245414733887 16.918083190918 16.8996257781982 16.9279594421387 16.9162921905518 16.9069995880127 16.8840827941895 16.8339996337891 16.7961673736572 16.7417507171631 16.744291305542 16.7447090148926
16.3975830078125 16.4008331298828 16.3859157562256 16.3402500152588 16.3085422515869 16.3084583282471 16.3676662445068 16.3928756713867 16.2969589233398 16.3446254730225 16.3561248779297 16.4290828704834 16.537166595459 16.5969161987305 16.6942501068115 16.7397499084473 16.7961654663086 16.9059581756592 16.9874172210693 16.9531669616699 16.9200420379639 16.8710422515869 16.847957611084 16.845874786377 16.8356666564941 16.8208332061768 16.8535823822021 16.90625 16.9978332519531 17.077709197998 17.0728340148926 17.0885410308838 17.1418323516846 17.0778751373291 17.0206260681152 16.9776248931885 16.9537086486816 16.9846248626709 16.9634590148926 16.9331245422363 16.9421672821045 16.9614162445068 16.9418334960938 16.9261245727539 16.9532909393311 16.9636669158936 16.9676666259766 16.9559593200684 16.9281253814697 16.8863754272461 16.8364162445068 16.867208480835 16.8497924804688
16.5233325958252 16.4781246185303 16.5204162597656 16.5200824737549 16.5022087097168 16.4987926483154 16.4909591674805 16.4896240234375 16.4374580383301 16.4570407867432 16.4791240692139 16.4851665496826 16.4505004882812 16.5065841674805 16.6235408782959 16.6563758850098 16.7129993438721 16.7223739624023 16.9653339385986 17.0335426330566 17.0168342590332 16.923791885376 16.8888339996338 16.8664169311523 16.874792098999 16.8869590759277 16.9160423278809 16.9744167327881 17.0516242980957 17.1377925872803 17.2022075653076 17.1817092895508 17.2049999237061 17.1146659851074 17.0678329467773 17.0465831756592 17.0275840759277 17.0267505645752 17.0310001373291 17.0080833435059 17.0060424804688 17.0486660003662 17.0177917480469 17.0512504577637 17.0926246643066 17.1195411682129 17.1116256713867 17.0513324737549 16.9867076873779 16.9360408782959 16.9398746490479 16.9424171447754 16.9902076721191
16.4762077331543 16.5069160461426 16.5888328552246 16.6045837402344 16.5959167480469 16.5699157714844 16.5909175872803 16.6000003814697 16.5408325195312 16.5207500457764 16.5308742523193 16.4581260681152 16.4309997558594 16.5077075958252 16.5746669769287 16.6237087249756 16.7639579772949 16.7810001373291 16.7795009613037 16.8050003051758 16.9989166259766 17.0412921905518 16.9278335571289 16.8669166564941 16.8710422515869 16.9019165039062 16.9739990234375 17.0294170379639 17.1187915802002 17.2049579620361 17.2412490844727 17.2608337402344 17.1677093505859 17.0765419006348 17.0098762512207 17.0241661071777 17.0862922668457 17.0678749084473 17.0619163513184 17.144832611084 17.1175422668457 17.0851669311523 17.1662082672119 17.2007923126221 17.2038745880127 17.2079582214355 17.2287502288818 17.181999206543 17.1379165649414 17.0981674194336 17.0117492675781 16.9972915649414 17.0572490692139
16.5831241607666 16.6122493743896 16.6469173431396 16.6001663208008 16.5927925109863 16.6362495422363 16.6702079772949 16.6310424804688 16.5898342132568 16.5034999847412 16.4556655883789 16.4794178009033 16.4875831604004 16.5271663665771 16.5517082214355 16.6199588775635 16.7314586639404 16.7602081298828 16.7506256103516 16.7577095031738 16.8582916259766 16.925874710083 16.9000835418701 16.8657913208008 16.8646659851074 16.8946666717529 16.9485416412354 17.0200424194336 17.0837917327881 17.1867504119873 17.2155418395996 17.1769161224365 17.0923748016357 17.0408744812012 17.0087089538574 17.007625579834 17.0432090759277 17.0890827178955 17.1795425415039 17.2101249694824 17.2434577941895 17.2642078399658 17.277042388916 17.2578754425049 17.2861671447754 17.2849998474121 17.3134994506836 17.2959995269775 17.2649173736572 17.218334197998 17.158166885376 17.0687503814697 17.0824584960938
16.7189159393311 16.7845840454102 16.6738338470459 16.6413745880127 16.6360416412354 16.6735420227051 16.7282085418701 16.7240829467773 16.7150840759277 16.6025409698486 16.5412921905518 16.5342922210693 16.5171241760254 16.560375213623 16.601957321167 16.6240825653076 16.6628742218018 16.7104167938232 16.7376251220703 16.7745838165283 16.7969169616699 16.8355007171631 16.8495826721191 16.8409175872803 16.8312911987305 16.8174991607666 16.8632507324219 16.9054584503174 16.9822082519531 17.0604591369629 17.0495414733887 17.0395832061768 16.9770832061768 16.95920753479 17.0065422058105 17.0364170074463 17.0962505340576 17.1061668395996 17.1183757781982 17.2425003051758 17.3547916412354 17.3324165344238 17.2782077789307 17.3364162445068 17.3360004425049 17.4017925262451 17.402416229248 17.3539581298828 17.3134155273438 17.2722492218018 17.2243328094482 17.1307907104492 17.1441249847412
16.7970008850098 16.8155422210693 16.7526245117188 16.7223739624023 16.6968326568604 16.7380409240723 16.7264995574951 16.7563743591309 16.7363338470459 16.6929168701172 16.6064167022705 16.5588340759277 16.5634994506836 16.5911254882812 16.6393337249756 16.6528339385986 16.6983757019043 16.7128753662109 16.7490825653076 16.8041248321533 16.8094997406006 16.7878341674805 16.7975826263428 16.8257923126221 16.8098754882812 16.8022918701172 16.8282909393311 16.877124786377 16.8553333282471 16.9206676483154 16.9654998779297 16.9821662902832 16.9545001983643 16.9632911682129 17.0276660919189 17.0577507019043 17.1111259460449 17.1145839691162 17.1753749847412 17.2800827026367 17.2816257476807 17.3114166259766 17.3117084503174 17.3228340148926 17.3618755340576 17.3905410766602 17.3957920074463 17.36545753479 17.3168754577637 17.2861251831055 17.2238750457764 17.1547508239746 17.1781673431396
16.7859573364258 16.7781257629395 16.7825412750244 16.7551670074463 16.7350006103516 16.7647914886475 16.7565422058105 16.750207901001 16.7285423278809 16.6977081298828 16.6641254425049 16.5931243896484 16.6006240844727 16.6209583282471 16.6100425720215 16.6461658477783 16.705207824707 16.7195415496826 16.7613754272461 16.7870426177979 16.7851257324219 16.7439994812012 16.7449588775635 16.7773742675781 16.7688331604004 16.7507076263428 16.7767925262451 16.8049583435059 16.8125419616699 16.8289165496826 16.8748741149902 16.9002494812012 16.9700412750244 17.0516242980957 17.0639991760254 17.0846672058105 17.0788326263428 17.1234588623047 17.2087497711182 17.2026672363281 17.1645832061768 17.2158756256104 17.2458744049072 17.2887077331543 17.3237075805664 17.3504581451416 17.3563747406006 17.3554172515869 17.3068752288818 17.2565841674805 17.179874420166 17.1694583892822 17.1909999847412
16.7837924957275 16.7975006103516 16.8067092895508 16.8045825958252 16.8104991912842 16.8151245117188 16.8354167938232 16.8443756103516 16.7762088775635 16.7677917480469 16.7192077636719 16.6769580841064 16.6218338012695 16.640625 16.6564998626709 16.6555843353271 16.7142925262451 16.7630825042725 16.7362499237061 16.7156257629395 16.7331676483154 16.6797504425049 16.6897506713867 16.7024593353271 16.723165512085 16.732458114624 16.7622489929199 16.7844161987305 16.7969169616699 16.8202075958252 16.8242492675781 16.9342079162598 16.9896259307861 17.0622501373291 17.0789585113525 17.0380420684814 17.0620002746582 17.1381244659424 17.1731243133545 17.1842498779297 17.1862907409668 17.2233753204346 17.24387550354 17.2824172973633 17.2750415802002 17.2786674499512 17.3311672210693 17.3562507629395 17.3131675720215 17.2520408630371 17.1946239471436 17.1909580230713 17.1807079315186
16.8353748321533 16.8246669769287 16.8298759460449 16.824333190918 16.7978744506836 16.8190002441406 16.845874786377 16.8509998321533 16.800666809082 16.7935428619385 16.7287921905518 16.7437915802002 16.6956672668457 16.6876239776611 16.6834163665771 16.69362449646 16.7287082672119 16.732666015625 16.7057495117188 16.6955413818359 16.6624164581299 16.6040000915527 16.5844593048096 16.6255836486816 16.7026653289795 16.705249786377 16.7130832672119 16.740083694458 16.7486248016357 16.7655410766602 16.8078327178955 16.9165420532227 16.9597911834717 16.919584274292 16.9449996948242 17.0190410614014 17.119499206543 17.1348743438721 17.1567916870117 17.1550827026367 17.1930828094482 17.175666809082 17.2300834655762 17.2512493133545 17.2056255340576 17.2605838775635 17.340124130249 17.3560409545898 17.2887916564941 17.2379169464111 17.187292098999 17.1901664733887 17.1896667480469
16.8412094116211 16.8501663208008 16.8708744049072 16.8435840606689 16.8409996032715 16.8362083435059 16.8665008544922 16.8507499694824 16.7958335876465 16.7841663360596 16.7545413970947 16.7769584655762 16.7792091369629 16.7752075195312 16.7640838623047 16.7437496185303 16.7229995727539 16.7038326263428 16.6650829315186 16.6672496795654 16.6617088317871 16.6362915039062 16.5698757171631 16.577917098999 16.6442089080811 16.622875213623 16.6172924041748 16.6421241760254 16.6761665344238 16.6845417022705 16.7549991607666 16.832332611084 16.8203754425049 16.822416305542 16.888500213623 16.9767913818359 17.0286674499512 17.1368751525879 17.1347923278809 17.1455841064453 17.1857490539551 17.1818332672119 17.2074584960938 17.2284164428711 17.2055835723877 17.2124996185303 17.2756671905518 17.337833404541 17.2874584197998 17.2493743896484 17.2022495269775 17.1803741455078 17.2125415802002
16.8530406951904 16.8809585571289 16.8815841674805 16.8642501831055 16.8424587249756 16.8279590606689 16.8327922821045 16.7857913970947 16.7760829925537 16.804874420166 16.7980003356934 16.847375869751 16.8368339538574 16.8078746795654 16.7830009460449 16.7556247711182 16.734790802002 16.6938743591309 16.6397075653076 16.6331672668457 16.6186256408691 16.5883750915527 16.5339164733887 16.572582244873 16.632833480835 16.5857925415039 16.5690422058105 16.5550842285156 16.5924167633057 16.6284580230713 16.6997909545898 16.7263336181641 16.7692089080811 16.7777500152588 16.8757915496826 16.9405002593994 16.97825050354 17.0800838470459 17.1281261444092 17.1733341217041 17.176082611084 17.1947917938232 17.2132511138916 17.2525424957275 17.2887077331543 17.2805824279785 17.2906246185303 17.2962913513184 17.2948741912842 17.2750835418701 17.2362079620361 17.2282085418701 17.2415409088135
16.9471244812012 16.8976249694824 16.8643321990967 16.8579998016357 16.8277492523193 16.8003330230713 16.773458480835 16.808292388916 16.7978324890137 16.8230838775635 16.7872085571289 16.836124420166 16.8191661834717 16.7943325042725 16.7991256713867 16.7668743133545 16.7367076873779 16.7024173736572 16.6430416107178 16.6165828704834 16.5688343048096 16.5061664581299 16.5156669616699 16.543249130249 16.4949169158936 16.5422077178955 16.5472087860107 16.527250289917 16.5427093505859 16.5671253204346 16.6288757324219 16.6655826568604 16.7507915496826 16.7782917022705 16.8472499847412 16.917875289917 16.9869995117188 17.0290412902832 17.1073322296143 17.1169166564941 17.179874420166 17.2123336791992 17.2551670074463 17.277416229248 17.2906246185303 17.2938327789307 17.3118324279785 17.314208984375 17.3099594116211 17.2957496643066 17.2861671447754 17.2705001831055 17.2799587249756
16.9293327331543 16.8979167938232 16.8600406646729 16.8352088928223 16.8245830535889 16.7889156341553 16.8274173736572 16.8371257781982 16.8201675415039 16.7825832366943 16.7712078094482 16.7892074584961 16.7769165039062 16.7761249542236 16.7775421142578 16.7570419311523 16.7298336029053 16.6939163208008 16.6403331756592 16.5867500305176 16.5656242370605 16.5471248626709 16.5289573669434 16.5133743286133 16.4749164581299 16.5074577331543 16.5100841522217 16.5294170379639 16.5356254577637 16.5250415802002 16.603874206543 16.642541885376 16.7420425415039 16.7908344268799 16.8348751068115 16.9203758239746 16.9456253051758 16.9799575805664 17.0530414581299 17.0795001983643 17.1469993591309 17.191499710083 17.2515411376953 17.2849159240723 17.2874164581299 17.29075050354 17.3126239776611 17.31862449646 17.3284168243408 17.3117504119873 17.3015003204346 17.3159580230713 17.3353748321533
16.903959274292 16.8646659851074 16.8428325653076 16.8372077941895 16.8271656036377 16.8140830993652 16.8521671295166 16.7895412445068 16.7842082977295 16.7943344116211 16.7647094726562 16.7798328399658 16.7611255645752 16.7720413208008 16.765832901001 16.7584171295166 16.7375411987305 16.6774578094482 16.6313323974609 16.6495838165283 16.6260833740234 16.5869159698486 16.5504169464111 16.4855003356934 16.4905414581299 16.4993324279785 16.5218334197998 16.5338325500488 16.5030002593994 16.5002918243408 16.5689582824707 16.7093753814697 16.7719593048096 16.7657489776611 16.8434581756592 16.9401245117188 16.9500827789307 16.9463329315186 16.9969177246094 17.0382080078125 17.0869579315186 17.1612911224365 17.2426261901855 17.2877502441406 17.2863330841064 17.3040828704834 17.3175411224365 17.3320007324219 17.3746242523193 17.3819160461426 17.3741664886475 17.396167755127 17.4030838012695
16.8497924804688 16.8082504272461 16.8038749694824 16.8171253204346 16.8091659545898 16.797290802002 16.8448333740234 16.8258323669434 16.7826671600342 16.7829990386963 16.7861251831055 16.7691249847412 16.7826251983643 16.7826251983643 16.7976245880127 16.7823753356934 16.7458324432373 16.6977500915527 16.6717090606689 16.6917915344238 16.675666809082 16.6217079162598 16.5839157104492 16.4812507629395 16.4970836639404 16.4986248016357 16.5117073059082 16.506290435791 16.5162925720215 16.5304164886475 16.5988750457764 16.6894588470459 16.8138751983643 16.8017921447754 16.8402080535889 16.9137077331543 16.9648761749268 16.9385414123535 16.9855422973633 17.0547504425049 17.0883750915527 17.1877918243408 17.2604579925537 17.2994174957275 17.2863750457764 17.3056259155273 17.3249588012695 17.3516674041748 17.4146251678467 17.4535007476807 17.4307079315186 17.4726257324219 17.4740009307861
16.8183326721191 16.7924995422363 16.814416885376 16.83766746521 16.8215408325195 16.8040828704834 16.8479995727539 16.8450832366943 16.8449172973633 16.8005409240723 16.7981243133545 16.8155002593994 16.7755832672119 16.8012084960938 16.8140830993652 16.8142929077148 16.8004589080811 16.7689590454102 16.773458480835 16.7399158477783 16.7349586486816 16.7059173583984 16.6335830688477 16.5784168243408 16.5534992218018 16.535249710083 16.5209999084473 16.5115833282471 16.5219593048096 16.5768337249756 16.6797504425049 16.7252502441406 16.8339996337891 16.9045829772949 16.8974170684814 16.9450416564941 16.9741668701172 17.0020008087158 17.0592498779297 17.1048336029053 17.1087913513184 17.2169990539551 17.2895412445068 17.3367080688477 17.3246250152588 17.3625831604004 17.407958984375 17.4303340911865 17.4738330841064 17.535457611084 17.5347080230713 17.5688743591309 17.5736255645752
16.9467506408691 16.9486675262451 16.8781242370605 16.857873916626 16.8859157562256 16.886833190918 16.9314994812012 16.8967914581299 16.9097919464111 16.8694591522217 16.8320407867432 16.8402080535889 16.8352909088135 16.8129997253418 16.8333339691162 16.8600425720215 16.8541259765625 16.8219165802002 16.8339996337891 16.8393745422363 16.818416595459 16.800666809082 16.7644176483154 16.6889991760254 16.6455841064453 16.5910415649414 16.55299949646 16.5554580688477 16.5540828704834 16.6107501983643 16.6964988708496 16.7900009155273 16.898832321167 16.980541229248 16.9817924499512 17.0088748931885 17.0327491760254 17.0561676025391 17.1179161071777 17.146541595459 17.1402492523193 17.1804161071777 17.2571659088135 17.3157920837402 17.3423328399658 17.4156665802002 17.4478340148926 17.4932079315186 17.5207500457764 17.5336246490479 17.5526657104492 17.5637092590332 17.57200050354
16.9582080841064 16.9952926635742 16.9958343505859 16.9189167022705 16.9287090301514 16.96262550354 16.9842491149902 16.9526252746582 16.9397926330566 16.9345417022705 16.90016746521 16.863208770752 16.8723335266113 16.8625411987305 16.8564167022705 16.894416809082 16.9048748016357 16.8745002746582 16.8727912902832 16.8687496185303 16.861291885376 16.835916519165 16.8027076721191 16.7642498016357 16.7039585113525 16.6532497406006 16.613374710083 16.6123332977295 16.6141662597656 16.673957824707 16.7614593505859 16.839750289917 16.9486675262451 17.0035419464111 17.0289993286133 17.1074161529541 17.1096668243408 17.0764999389648 17.1104583740234 17.0768756866455 17.1030426025391 17.2087078094482 17.2874164581299 17.3169174194336 -3.4e+38 -3.4e+38 -3.4e+38 -3.4e+38 -3.4e+38 -3.4e+38 -3.4e+38 -3.4e+38 -3.4e+38
16.9487495422363 16.9958744049072 17.0083332061768 17.007791519165 17.0089168548584 16.9653339385986 16.9832496643066 16.9675407409668 16.9520416259766 16.955041885376 16.9613342285156 16.9495010375977 16.9103755950928 16.8525829315186 16.8763332366943 16.9225826263428 16.9545421600342 16.9308338165283 16.8969173431396 16.8761672973633 16.8732509613037 16.8457908630371 16.8335418701172 16.804708480835 16.7335834503174 16.648458480835 16.6215000152588 16.6290836334229 16.6816253662109 16.7660827636719 16.861083984375 16.9565010070801 17.0257911682129 17.0591659545898 17.066333770752 17.1431655883789 17.0991668701172 17.040958404541 16.9846248626709 17.0209579467773 -3.4e+38 -3.4e+38 -3.4e+38 -3.4e+38 -3.4e+38 -3.4e+38 -3.4e+38 -3.4e+38 -3.4e+38 -3.4e+38 -3.4e+38 -3.4e+38 -3.4e+38
