layers/ppt11.asc
NCOLS 292 
NROWS 291 
XLLCORNER -87.6458333327872 
YLLCORNER 24.4791666666667 
CELLSIZE 0.0416666666669039 
NODATA_value -3.4e+38 
[rows 144 to 167 of 291, columns 108 to 161 of 292]
1059.38000488281 1004.66998291016 997.72998046875 1008.47003173828 1006.69000244141 1015.95001220703 1026.0400390625 1008.82000732422 985.640014648438 984.309997558594 983.589965820312 989.190002441406 987.330017089844 1010.47998046875 1036.26000976562 1050.86999511719 1085.88000488281 1130.43005371094 1158.13000488281 1179.59997558594 1201.5400390625 1206.60998535156 1210.30004882812 1211.56005859375 1224.51000976562 1239.25 1225.76000976562 1195.65002441406 1187.2099609375 1238.09997558594 1245.48999023438 1249.32006835938 1170.63000488281 1135.2099609375 1148.27001953125 1104.2099609375 1073.66003417969 1037.63000488281 1011.08996582031 963.669982910156 859.840026855469 -3.4e+38 -3.4e+38 -3.4e+38 -3.4e+38 -3.4e+38 -3.4e+38 -3.4e+38 -3.4e+38 -3.4e+38 -3.4e+38 -3.4e+38 -3.4e+38 -3.4e+38
1047.40002441406 1015.01000976562 1018.51000976562 1025.07995605469 1045.5 1039.21997070312 1035.91003417969 1027.17004394531 1007.96002197266 1004.39001464844 992.159973144531 1016.47003173828 1018.84997558594 1008.77001953125 1007.29998779297 1023.77001953125 1045.96997070312 1080.22998046875 1109.28002929688 1136.48999023438 1138.30004882812 1145.28002929688 1151.0400390625 1147.09997558594 1171.79992675781 1171.22998046875 1144.07995605469 1141.17004394531 1151 1193.90002441406 1216.47998046875 1240.93994140625 1229.36999511719 1196.89001464844 1162.97998046875 1070.66003417969 1049.73999023438 1043.22998046875 1006.95001220703 931.640014648438 842.489990234375 -3.4e+38 -3.4e+38 -3.4e+38 -3.4e+38 -3.4e+38 -3.4e+38 -3.4e+38 -3.4e+38 -3.4e+38 -3.4e+38 -3.4e+38 -3.4e+38 -3.4e+38
1022.17999267578 1032.27001953125 1045.26000976562 1056.18994140625 1060.68005371094 1048.60998535156 1042.2900390625 1031.68005371094 1012.32995605469 1011.26000976562 1020.59997558594 1055.85998535156 1061.89001464844 1037.41003417969 1035.78002929688 1057.66003417969 1075.98999023438 1075.34997558594 1082.98999023438 1082.21997070312 1075.35998535156 1082.44995117188 1095.58996582031 1105.13000488281 1122.11999511719 1087.7099609375 1085.91003417969 1102.23999023438 1118.52001953125 1148.26000976562 1157.47998046875 1209.63000488281 1170.23999023438 1162.43005371094 1272.39001464844 1083.63000488281 1050.69995117188 1048.47998046875 1034.94995117188 983.030029296875 891.539978027344 -3.4e+38 -3.4e+38 -3.4e+38 -3.4e+38 -3.4e+38 -3.4e+38 -3.4e+38 -3.4e+38 -3.4e+38 -3.4e+38 -3.4e+38 -3.4e+38 -3.4e+38
1024.43994140625 1081.76000976562 1097.14001464844 1073.33996582031 1067.28002929688 1048 1032.59997558594 1010.60998535156 1027.39001464844 1035.26000976562 1042.0400390625 1069.11999511719 1089.94995117188 1095.27001953125 1106.32995605469 1135.35998535156 1145.81005859375 1124.39001464844 1121.97998046875 1138.2900390625 1138.10998535156 1122.80004882812 1124.68994140625 1137.15002441406 1140.84997558594 1121.89001464844 1128.5400390625 1153.94995117188 1190.84997558594 1210.03002929688 1229.14001464844 1224.25 1183.98999023438 1156.53002929688 1226.07995605469 1046.91003417969 1009.55999755859 1021.33001708984 1051.91003417969 1067.55004882812 1021.21002197266 868.02001953125 -3.4e+38 -3.4e+38 -3.4e+38 -3.4e+38 -3.4e+38 -3.4e+38 -3.4e+38 -3.4e+38 -3.4e+38 -3.4e+38 -3.4e+38 -3.4e+38
1089.71997070312 1162.86999511719 1165.2099609375 1125.28002929688 1119.57995605469 1097.90002441406 1064.5 1034.51000976562 1053.88000488281 1047.96997070312 1045.86999511719 1054.67004394531 1074.7900390625 1125.60998535156 1154.56994628906 1171.41003417969 1212.18994140625 1199.93005371094 1182.78002929688 1227.22998046875 1262.7099609375 1232.86999511719 1191.35998535156 1203.81994628906 1224.56994628906 1198.64001464844 1147.7099609375 1189.19995117188 1218.07995605469 1237.82006835938 1221.72998046875 1207.27001953125 1201.59997558594 1153.64001464844 1125.28002929688 1063.90002441406 1030.43005371094 1029.63000488281 1072.88000488281 1118.5400390625 1106.63000488281 958.179992675781 -3.4e+38 -3.4e+38 -3.4e+38 -3.4e+38 -3.4e+38 -3.4e+38 -3.4e+38 -3.4e+38 -3.4e+38 -3.4e+38 -3.4e+38 -3.4e+38
1177.61999511719 1219.63000488281 1208.07006835938 1167.85998535156 1157.13000488281 1154.36999511719 1125.06994628906 1102.07995605469 1080.66003417969 1037.71997070312 1037.67004394531 1050.86999511719 1064.35998535156 1116.44006347656 1164.28002929688 1215.55004882812 1276.77001953125 1259.17993164062 1222.42993164062 1274.18994140625 1315.22998046875 1264.47998046875 1212.56005859375 1205.60998535156 1227.2900390625 1208.06994628906 1165.40002441406 1186.31005859375 1167.06994628906 1155.03002929688 1177.34997558594 1187.44006347656 1140.91003417969 1098.77001953125 1082.40002441406 1104.19995117188 1054.92004394531 1055.51000976562 1143.36999511719 1181.51000976562 1157.41003417969 1034.60998535156 -3.4e+38 -3.4e+38 -3.4e+38 -3.4e+38 -3.4e+38 -3.4e+38 -3.4e+38 -3.4e+38 -3.4e+38 -3.4e+38 -3.4e+38 -3.4e+38
1183.80004882812 1179.86999511719 1175.60998535156 1216.40002441406 1210.0400390625 1200.2900390625 1174.10998535156 1148.60998535156 1095.68005371094 1050.83996582031 1055.17993164062 1092.5 1093.46997070312 1129.32995605469 1200.38000488281 1295.78002929688 1334.07995605469 1287.98999023438 1251.77001953125 1276.42004394531 1273.88000488281 1212.26000976562 1180.84997558594 1183.22998046875 1179.7900390625 1188.97998046875 1178.21997070312 1136.35998535156 1108.27001953125 1123.57995605469 1138.94006347656 1128.32995605469 1111.35998535156 1102.52001953125 1085.22998046875 1118.82995605469 1054.51000976562 1026.86999511719 1130.42004394531 1183.65002441406 1200.42993164062 1123.91003417969 -3.4e+38 -3.4e+38 -3.4e+38 -3.4e+38 -3.4e+38 -3.4e+38 -3.4e+38 -3.4e+38 -3.4e+38 -3.4e+38 -3.4e+38 -3.4e+38
1168.44006347656 1150.4599609375 1154.90002441406 1228.66003417969 1245.55004882812 1204.63000488281 1170.72998046875 1158.76000976562 1121.05004882812 1086.18994140625 1102.43005371094 1147.81005859375 1157.0400390625 1192.55004882812 1256.05004882812 1347.7099609375 1377.48999023438 1352.33996582031 1338.2099609375 1335.93994140625 1303.7900390625 1245.66003417969 1238.33996582031 1236.07006835938 1167.18994140625 1155.35998535156 1163.2099609375 1153.67004394531 1139.42993164062 1142.80993652344 1098.52001953125 1091.76000976562 1124.10998535156 1127.71997070312 1090.93005371094 1074.10998535156 1028.7099609375 1014.66998291016 1070.46997070312 1106.81005859375 1164.41003417969 1215.58996582031 -3.4e+38 -3.4e+38 -3.4e+38 -3.4e+38 -3.4e+38 -3.4e+38 -3.4e+38 -3.4e+38 -3.4e+38 -3.4e+38 -3.4e+38 -3.4e+38
1163.98999023438 1153.5 1158.84997558594 1212.67993164062 1267.31005859375 1235.92993164062 1162.56005859375 1155.44995117188 1155.06994628906 1145.61999511719 1191.17004394531 1203.72998046875 1202.06994628906 1242.76000976562 1300.93994140625 1359.36999511719 1406.76000976562 1463.07995605469 1464.09997558594 1422.69995117188 1340.58996582031 1259.08996582031 1246.30993652344 1210.23999023438 1139.60998535156 1126.07006835938 1190.30004882812 1240.91003417969 1200.2099609375 1132.27001953125 1107.27001953125 1095.92004394531 1088.67004394531 1091.81994628906 1036.68005371094 1009.27001953125 1019.11999511719 1045.2900390625 1049.40002441406 1061.2099609375 1126.34997558594 1211.72998046875 1092.48999023438 -3.4e+38 -3.4e+38 -3.4e+38 -3.4e+38 -3.4e+38 -3.4e+38 -3.4e+38 -3.4e+38 -3.4e+38 -3.4e+38 -3.4e+38
1180.84997558594 1146.55004882812 1146.57995605469 1181.17004394531 1223.35998535156 1215.28002929688 1167 1154.52001953125 1160.13000488281 1182.07995605469 1233.18005371094 1252.57995605469 1239.78002929688 1288.81994628906 1365.27001953125 1387.26000976562 1409.91003417969 1458.86999511719 1476.66003417969 1450.9599609375 1319.68005371094 1185.70007324219 1129.33996582031 1129.40002441406 1139.33996582031 1194.51000976562 1305.80993652344 1313.72998046875 1223.7900390625 1132.06005859375 1147.33996582031 1120.9599609375 1070.65002441406 1094.61999511719 1048.03002929688 1028.34997558594 1017.80999755859 1026.09997558594 1010.71002197266 999.869995117188 1063.78002929688 1181.53002929688 1049.68994140625 -3.4e+38 -3.4e+38 -3.4e+38 -3.4e+38 -3.4e+38 -3.4e+38 -3.4e+38 -3.4e+38 -3.4e+38 -3.4e+38 -3.4e+38
1173.77001953125 1131.45007324219 1121.41003417969 1140.02001953125 1149.92004394531 1158.30004882812 1170.23999023438 1174.5 1221.22998046875 1207.68005371094 1211.69995117188 1253.08996582031 1247.31994628906 1307.55004882812 1406.58996582031 1409.38000488281 1381.23999023438 1370.06005859375 1382.88000488281 1373.39001464844 1297.27001953125 1195.07995605469 1130.56005859375 1168.75 1206.11999511719 1274.03002929688 1340.43994140625 1288.2900390625 1207.55004882812 1139.83996582031 1148.61999511719 1118.17004394531 1080.94006347656 1121.91003417969 1111.60998535156 1075.57995605469 996.72998046875 982.679992675781 960.72998046875 955.52001953125 1023.47998046875 1120.61999511719 1072.65002441406 -3.4e+38 -3.4e+38 -3.4e+38 -3.4e+38 -3.4e+38 -3.4e+38 -3.4e+38 -3.4e+38 -3.4e+38 -3.4e+38 -3.4e+38
1180.28002929688 1164.23999023438 1142.90002441406 1134.5400390625 1130.35998535156 1163.47998046875 1208.55004882812 1254.58996582031 1336.05004882812 1271.91003417969 1224.26000976562 1221.42993164062 1201.06994628906 1252.18005371094 1347.63000488281 1365.13000488281 1332.18994140625 1303.85998535156 1285.41003417969 1266.07995605469 1303.02001953125 1287.669921875 1230.05004882812 1226.97998046875 1233.9599609375 1245.43005371094 1273.31005859375 1208.5400390625 1163.7900390625 1149.02001953125 1165.65002441406 1114.59997558594 1097.59997558594 1113.96997070312 1114.90002441406 1076.01000976562 982.570007324219 961.599975585938 1001.22003173828 1006.11999511719 1039.82995605469 1078.03002929688 1057.77001953125 -3.4e+38 -3.4e+38 -3.4e+38 -3.4e+38 -3.4e+38 -3.4e+38 -3.4e+38 -3.4e+38 -3.4e+38 -3.4e+38 -3.4e+38
1232.30004882812 1231.14001464844 1192.31994628906 1163.58996582031 1181.0400390625 1215.35998535156 1238.53002929688 1290.01000976562 1328.4599609375 1282.42993164062 1225.56994628906 1199.48999023438 1179.33996582031 1195.97998046875 1265.07995605469 1315.48999023438 1297.27001953125 1270.65002441406 1246.22998046875 1248.92993164062 1358.68005371094 1384.11999511719 1279 1213.32995605469 1209.57995605469 1200.85998535156 1211.97998046875 1207.57995605469 1193.05004882812 1223.82995605469 1204 1149.23999023438 1155.5400390625 1138.7099609375 1103.56994628906 1048.23999023438 992.169982910156 953.760009765625 1035.30004882812 1071.78002929688 1101.52001953125 1129.73999023438 1058.97998046875 917.599975585938 -3.4e+38 -3.4e+38 -3.4e+38 -3.4e+38 -3.4e+38 -3.4e+38 -3.4e+38 -3.4e+38 -3.4e+38 -3.4e+38
1195.88000488281 1210.73999023438 1195.9599609375 1180.81005859375 1213.33996582031 1221.26000976562 1189.7900390625 1197.85998535156 1227.03002929688 1228.85998535156 1215.30993652344 1206.43994140625 1198.15002441406 1219.17993164062 1240.69995117188 1241.16003417969 1251.5 1296.94995117188 1323.35998535156 1331.60998535156 1424.67004394531 1449 1343.76000976562 1280.52001953125 1266.16003417969 1204.11999511719 1199.46997070312 1234.82995605469 1225.61999511719 1264.81005859375 1226.88000488281 1174.22998046875 1165.38000488281 1127.83996582031 1079.06005859375 1038.78002929688 990.719970703125 941.660034179688 1003.92999267578 1091.71997070312 1153.25 1213.07995605469 1153.89001464844 999.339965820312 -3.4e+38 -3.4e+38 -3.4e+38 -3.4e+38 -3.4e+38 -3.4e+38 -3.4e+38 -3.4e+38 -3.4e+38 -3.4e+38
1160.05004882812 1170.67004394531 1193.5 1177.82006835938 1165.90002441406 1137.61999511719 1105.66003417969 1124.61999511719 1182.69995117188 1237.96997070312 1233.59997558594 1227.20007324219 1223.4599609375 1224.27001953125 1238.21997070312 1246.89001464844 1270.60998535156 1314.9599609375 1351.06994628906 1354.66003417969 1394.52001953125 1449.16003417969 1439.32006835938 1381.55993652344 1342.38000488281 1275.4599609375 1237.94995117188 1228.47998046875 1192.56994628906 1191.64001464844 1184.16003417969 1160.81005859375 1129.67004394531 1077.78002929688 1005.60998535156 980.080017089844 974.700012207031 940.779968261719 983.840026855469 1102.14001464844 1176.0400390625 1284.2099609375 1223.22998046875 1115.2900390625 -3.4e+38 -3.4e+38 -3.4e+38 -3.4e+38 -3.4e+38 -3.4e+38 -3.4e+38 -3.4e+38 -3.4e+38 -3.4e+38
1210.38000488281 1209.30993652344 1242.59997558594 1196.58996582031 1154.06994628906 1132.80004882812 1117.65002441406 1124.86999511719 1182.55004882812 1274.13000488281 1254.96997070312 1227.39001464844 1233.36999511719 1250.0400390625 1279.33996582031 1292.61999511719 1309.55004882812 1308.78002929688 1285.08996582031 1271.06994628906 1298.080078125 1375.58996582031 1450.06005859375 1408.78002929688 1370.31005859375 1313.94995117188 1255.81005859375 1218.11999511719 1189.86999511719 1161.17004394531 1136 1157.82995605469 1107.16003417969 1014.89001464844 974.969970703125 968.460021972656 987.380004882812 955.489990234375 967.390014648438 1095.69995117188 1221.57006835938 1252.52001953125 1175.64001464844 1084.77001953125 -3.4e+38 -3.4e+38 -3.4e+38 -3.4e+38 -3.4e+38 -3.4e+38 -3.4e+38 -3.4e+38 -3.4e+38 -3.4e+38
1272.94006347656 1223.68994140625 1256.11999511719 1196.07006835938 1169.81005859375 1162.86999511719 1146.29992675781 1160.17004394531 1214.42004394531 1260.23999023438 1242.63000488281 1242.97998046875 1292.21997070312 1298.88000488281 1286.46997070312 1303.48999023438 1306.92004394531 1267.17004394531 1207.07995605469 1180.4599609375 1213.28002929688 1263.5 1327.27001953125 1379.36999511719 1338.5 1241.55993652344 1185.11999511719 1182.86999511719 1196.080078125 1160.4599609375 1144.60998535156 1156.33996582031 1098.18994140625 1008.04998779297 984.960021972656 1027.65002441406 1081.72998046875 1031.10998535156 980.349975585938 1104.43005371094 1247.92004394531 1241.28002929688 1166.03002929688 1092.5400390625 1046.25 -3.4e+38 -3.4e+38 -3.4e+38 -3.4e+38 -3.4e+38 -3.4e+38 -3.4e+38 -3.4e+38 -3.4e+38
1243.84997558594 1179.94995117188 1174.7900390625 1156.68005371094 1162.93005371094 1195.13000488281 1189.64001464844 1215.97998046875 1274.52001953125 1263.09997558594 1226.85998535156 1240.09997558594 1281.5 1300.58996582031 1295.05004882812 1257.71997070312 1223.77001953125 1186.90002441406 1133.64001464844 1119.28002929688 1130.92004394531 1126.03002929688 1145.64001464844 1211.90002441406 1166.16003417969 1071.97998046875 1082.97998046875 1163.75 1205.27001953125 1152.71997070312 1128.89001464844 1165.73999023438 1120.95007324219 1072.30004882812 1029.30004882812 1056.51000976562 1114.35998535156 1084.78002929688 1029.61999511719 1150.43005371094 1257.55004882812 1226.30004882812 1177.30993652344 1097.57995605469 1045.69995117188 -3.4e+38 -3.4e+38 -3.4e+38 -3.4e+38 -3.4e+38 -3.4e+38 -3.4e+38 -3.4e+38 -3.4e+38
1146.11999511719 1145.0400390625 1181.19995117188 1194.69006347656 1220.81994628906 1286.64001464844 1256.78002929688 1227.35998535156 1248.17004394531 1229.06005859375 1189.40002441406 1216.44995117188 1280.60998535156 1270.9599609375 1259.22998046875 1232.16003417969 1191.31005859375 1135.05004882812 1099.96997070312 1090.14001464844 1080.93005371094 1026.64001464844 1003.69000244141 1044.09997558594 1035.28002929688 995.980041503906 1015.14001464844 1073.0400390625 1112.46997070312 1131.03002929688 1122.83996582031 1169.15002441406 1098.40002441406 1027.01000976562 1040.58996582031 1086.83996582031 1089.94006347656 1119.46997070312 1093.17004394531 1223.07995605469 1327 1264.90002441406 1201.02001953125 1110.86999511719 1024.69995117188 -3.4e+38 -3.4e+38 -3.4e+38 -3.4e+38 -3.4e+38 -3.4e+38 -3.4e+38 -3.4e+38 -3.4e+38
1137.64001464844 1176.91003417969 1219.06994628906 1221.56994628906 1237.34997558594 1262.52001953125 1231.11999511719 1205.06994628906 1195.30004882812 1218.9599609375 1244.9599609375 1254.77001953125 1256.05004882812 1236.56994628906 1222.01000976562 1181.13000488281 1143.53002929688 1115.69995117188 1099.03002929688 1097.63000488281 1069.77001953125 1004.29998779297 929.970031738281 934.25 948.919982910156 943.549987792969 970.789978027344 1020.30999755859 1056.80004882812 1078.17004394531 1121.11999511719 1147.64001464844 1036.84997558594 982.429992675781 1036.7099609375 1078.36999511719 1110.16003417969 1110.51000976562 1075.56005859375 1170.17004394531 1283.9599609375 1294.09997558594 1231.61999511719 1143.16003417969 1052.48999023438 -3.4e+38 -3.4e+38 -3.4e+38 -3.4e+38 -3.4e+38 -3.4e+38 -3.4e+38 -3.4e+38 -3.4e+38
1138.65002441406 1183.43994140625 1232.94995117188 1248.15002441406 1251.35998535156 1250.04992675781 1228.23999023438 1236.72998046875 1256.03002929688 1279.47998046875 1287.52001953125 1306.11999511719 1314.51000976562 1288.86999511719 1217.94006347656 1143.66003417969 1123.05004882812 1119.92004394531 1101.31994628906 1094.82995605469 1061.10998535156 1016.60998535156 946.260009765625 926.470031738281 944.239990234375 985.640014648438 1005.34002685547 986.200012207031 1016.07000732422 1053.82995605469 1102.43994140625 1169.60998535156 1074.65002441406 1011.53997802734 1062.83996582031 1135.81994628906 1180.18994140625 1179.75 1116.80993652344 1136.48999023438 1312.91003417969 1324.39001464844 1294.53002929688 1164.82995605469 1068.73999023438 1016.86999511719 -3.4e+38 -3.4e+38 -3.4e+38 -3.4e+38 -3.4e+38 -3.4e+38 -3.4e+38 -3.4e+38
1127.36999511719 1179.25 1265.2099609375 1289.98999023438 1274.13000488281 1267.88000488281 1252.98999023438 1263.25 1301.32995605469 1356.38000488281 1345.19995117188 1373.78002929688 1400.57995605469 1321.35998535156 1198.94995117188 1133.31005859375 1134.21997070312 1124.64001464844 1046.82995605469 1024.19006347656 1031.83996582031 1045.09997558594 1026.18994140625 972.429992675781 1008.33001708984 1096.86999511719 1063.7099609375 977.849975585938 978.960021972656 1005.07000732422 1115.59997558594 1159.96997070312 1034.57995605469 1022.85998535156 1070.60998535156 1140.17004394531 1181.84997558594 1231.80004882812 1190.26000976562 1132.15002441406 1231.40002441406 1305.57995605469 1326.08996582031 1207.13000488281 1072.0400390625 996.469970703125 -3.4e+38 -3.4e+38 -3.4e+38 -3.4e+38 -3.4e+38 -3.4e+38 -3.4e+38 -3.4e+38
1172.93005371094 1209.68005371094 1269.21997070312 1287.41003417969 1259.89001464844 1263.51000976562 1283.05004882812 1307.93005371094 1325.0400390625 1326.46997070312 1324.35998535156 1369.63000488281 1375.55004882812 1307.52001953125 1240.93005371094 1180.2099609375 1122.27001953125 1078.4599609375 993.390014648438 978.469970703125 1012.61999511719 1033.48999023438 1029.7900390625 1000.09997558594 1034.42993164062 1114.05004882812 1074.15002441406 1026.19995117188 1015.85998535156 1093.66003417969 1216.72998046875 1190.68005371094 1017.60998535156 1030.9599609375 1055.30004882812 1140.03002929688 1175.31005859375 1282.97998046875 1257.67004394531 1139.91003417969 1193.78002929688 1276.89001464844 1336.83996582031 1258.47998046875 1114.67004394531 1022.46002197266 -3.4e+38 -3.4e+38 -3.4e+38 -3.4e+38 -3.4e+38 -3.4e+38 -3.4e+38 -3.4e+38
1230.39001464844 1243.58996582031 1264.67004394531 1244.02001953125 1206.51000976562 1222.53002929688 1296.55004882812 1329.88000488281 1344.38000488281 1298.80004882812 1256.92004394531 1264.05004882812 1266.77001953125 1245.68994140625 1241.10998535156 1155.56994628906 1012.41998291016 932.429992675781 916.320007324219 942.75 974.599975585938 1006.69000244141 1024.08996582031 1036.57995605469 1034.88000488281 1043.9599609375 1073.73999023438 1024.19006347656 1038.67004394531 1162.40002441406 1227.44006347656 1156.10998535156 1034.30004882812 1042.88000488281 1076.90002441406 1140.10998535156 1177.18994140625 1219.82995605469 1245.97998046875 1130.56994628906 1187.47998046875 1333.86999511719 1340.83996582031 1302.13000488281 1215.16003417969 1104.27001953125 1051.42004394531 -3.4e+38 -3.4e+38 -3.4e+38 -3.4e+38 -3.4e+38 -3.4e+38 -3.4e+38
