layers/ppt11.asc
NCOLS 292 
NROWS 291 
XLLCORNER -87.6458333327872 
YLLCORNER 24.4791666666667 
CELLSIZE 0.0416666666669039 
NODATA_value -3.4e+38 
[rows 24 to 47 of 291, columns 54 to 107 of 292]
-3.4e+38 -3.4e+38 -3.4e+38 -3.4e+38 -3.4e+38 -3.4e+38 -3.4e+38 -3.4e+38 -3.4e+38 -3.4e+38 -3.4e+38 -3.4e+38 -3.4e+38 -3.4e+38 -3.4e+38 -3.4e+38 -3.4e+38 -3.4e+38 -3.4e+38 -3.4e+38 -3.4e+38 -3.4e+38 -3.4e+38 -3.4e+38 -3.4e+38 -3.4e+38 -3.4e+38 -3.4e+38 -3.4e+38 -3.4e+38 -3.4e+38 -3.4e+38 -3.4e+38 -3.4e+38 -3.4e+38 -3.4e+38 -3.4e+38 -3.4e+38 -3.4e+38 -3.4e+38 -3.4e+38 -3.4e+38 -3.4e+38 -3.4e+38 -3.4e+38 -3.4e+38 2199.96997070312 1956.32995605469 1816.41003417969 1662.77001953125 1680.23999023438 1683.73999023438 1790.73999023438 1862.90002441406
-3.4e+38 -3.4e+38 -3.4e+38 -3.4e+38 -3.4e+38 -3.4e+38 -3.4e+38 -3.4e+38 -3.4e+38 -3.4e+38 -3.4e+38 -3.4e+38 -3.4e+38 -3.4e+38 -3.4e+38 -3.4e+38 -3.4e+38 -3.4e+38 -3.4e+38 -3.4e+38 -3.4e+38 -3.4e+38 -3.4e+38 -3.4e+38 -3.4e+38 -3.4e+38 -3.4e+38 -3.4e+38 -3.4e+38 -3.4e+38 -3.4e+38 -3.4e+38 -3.4e+38 -3.4e+38 -3.4e+38 -3.4e+38 -3.4e+38 -3.4e+38 1904.30993652344 1928.69995117188 1974.7099609375 1933.52001953125 1942.17004394531 2036.83996582031 2085.26000976562 2151.42993164062 1985.80004882812 1764.25 1770.09997558594 1623.56005859375 1550.9599609375 1609.36999511719 1681.65002441406 1719.80004882812
-3.4e+38 -3.4e+38 -3.4e+38 -3.4e+38 -3.4e+38 -3.4e+38 -3.4e+38 -3.4e+38 -3.4e+38 -3.4e+38 -3.4e+38 -3.4e+38 -3.4e+38 -3.4e+38 -3.4e+38 -3.4e+38 -3.4e+38 -3.4e+38 -3.4e+38 -3.4e+38 -3.4e+38 -3.4e+38 -3.4e+38 -3.4e+38 -3.4e+38 -3.4e+38 -3.4e+38 -3.4e+38 -3.4e+38 -3.4e+38 -3.4e+38 -3.4e+38 -3.4e+38 -3.4e+38 -3.4e+38 -3.4e+38 1730.60998535156 1800.08996582031 1765.06994628906 1708.35998535156 1734.03002929688 1816.7099609375 1882.21997070312 1768.69995117188 1720.65002441406 1774.42004394531 1687.83996582031 1525.89001464844 1541.93005371094 1498.84997558594 1506.02001953125 1607.7900390625 1662.13000488281 1756.86999511719
-3.4e+38 -3.4e+38 -3.4e+38 -3.4e+38 -3.4e+38 -3.4e+38 -3.4e+38 -3.4e+38 -3.4e+38 -3.4e+38 -3.4e+38 -3.4e+38 -3.4e+38 -3.4e+38 -3.4e+38 -3.4e+38 -3.4e+38 -3.4e+38 -3.4e+38 -3.4e+38 -3.4e+38 -3.4e+38 -3.4e+38 -3.4e+38 -3.4e+38 -3.4e+38 -3.4e+38 -3.4e+38 -3.4e+38 -3.4e+38 -3.4e+38 -3.4e+38 -3.4e+38 -3.4e+38 -3.4e+38 1484.51000976562 1497.51000976562 1566.36999511719 1585.63000488281 1551.2900390625 1542.30004882812 1615.67004394531 1609.42993164062 1488.67004394531 1437.80004882812 1402.86999511719 1402.90002441406 1371.28002929688 1346.55993652344 1348.19006347656 1393.61999511719 1438.57995605469 1452.80004882812 1551.36999511719
-3.4e+38 -3.4e+38 -3.4e+38 -3.4e+38 -3.4e+38 -3.4e+38 -3.4e+38 -3.4e+38 -3.4e+38 -3.4e+38 -3.4e+38 -3.4e+38 -3.4e+38 -3.4e+38 -3.4e+38 -3.4e+38 -3.4e+38 -3.4e+38 -3.4e+38 -3.4e+38 -3.4e+38 -3.4e+38 -3.4e+38 -3.4e+38 -3.4e+38 -3.4e+38 -3.4e+38 -3.4e+38 -3.4e+38 -3.4e+38 -3.4e+38 -3.4e+38 -3.4e+38 1836.96997070312 1765.68994140625 1623.56994628906 1517.33996582031 1607.7900390625 1720.41003417969 1588.2099609375 1447.42004394531 1407.73999023438 1367.69995117188 1312.5400390625 1260.9599609375 1228.92004394531 1245.57006835938 1337.91003417969 1339.30993652344 1281.55004882812 1275.43005371094 1281.07995605469 1330.9599609375 1371.23999023438
-3.4e+38 -3.4e+38 -3.4e+38 -3.4e+38 -3.4e+38 -3.4e+38 -3.4e+38 -3.4e+38 -3.4e+38 -3.4e+38 -3.4e+38 -3.4e+38 -3.4e+38 -3.4e+38 -3.4e+38 -3.4e+38 -3.4e+38 -3.4e+38 -3.4e+38 -3.4e+38 -3.4e+38 -3.4e+38 -3.4e+38 -3.4e+38 -3.4e+38 -3.4e+38 -3.4e+38 -3.4e+38 -3.4e+38 -3.4e+38 -3.4e+38 -3.4e+38 -3.4e+38 2044.41003417969 1981.33996582031 1751.07006835938 1583.02001953125 1638.56994628906 1774.84997558594 1781.35998535156 1688.84997558594 1616.52001953125 1486.15002441406 1396.40002441406 1296.86999511719 1229.56005859375 1242.2900390625 1335.86999511719 1374.78002929688 1321.73999023438 1240.7900390625 1219.15002441406 1282.19995117188 1273.43994140625
-3.4e+38 -3.4e+38 -3.4e+38 -3.4e+38 -3.4e+38 -3.4e+38 -3.4e+38 -3.4e+38 -3.4e+38 -3.4e+38 -3.4e+38 -3.4e+38 -3.4e+38 -3.4e+38 -3.4e+38 -3.4e+38 -3.4e+38 -3.4e+38 -3.4e+38 -3.4e+38 -3.4e+38 -3.4e+38 -3.4e+38 -3.4e+38 -3.4e+38 -3.4e+38 -3.4e+38 -3.4e+38 -3.4e+38 -3.4e+38 -3.4e+38 -3.4e+38 -3.4e+38 2140.26000976562 2019.97998046875 1799.28002929688 1631.35998535156 1621.58996582031 1680.7900390625 1744.5400390625 1804.2099609375 1799.46997070312 1658.7900390625 1550.35998535156 1451.15002441406 1328.94006347656 1311.41003417969 1325.67004394531 1372.08996582031 1389.81005859375 1346.69006347656 1259.93994140625 1226.08996582031 1210.07995605469
-3.4e+38 -3.4e+38 -3.4e+38 -3.4e+38 -3.4e+38 -3.4e+38 -3.4e+38 -3.4e+38 -3.4e+38 -3.4e+38 -3.4e+38 -3.4e+38 -3.4e+38 -3.4e+38 -3.4e+38 -3.4e+38 -3.4e+38 -3.4e+38 -3.4e+38 -3.4e+38 -3.4e+38 -3.4e+38 -3.4e+38 -3.4e+38 -3.4e+38 -3.4e+38 -3.4e+38 -3.4e+38 -3.4e+38 -3.4e+38 -3.4e+38 -3.4e+38 -3.4e+38 2282.77001953125 2145.96997070312 1886.30004882812 1735.580078125 1729.01000976562 1719.56994628906 1761.58996582031 1803.57995605469 1709.02001953125 1677.60998535156 1681.61999511719 1551.38000488281 1358.90002441406 1290.77001953125 1271.88000488281 1271.88000488281 1363.42993164062 1406.28002929688 1325.44995117188 1252.9599609375 1205.98999023438
-3.4e+38 -3.4e+38 -3.4e+38 -3.4e+38 -3.4e+38 -3.4e+38 -3.4e+38 -3.4e+38 -3.4e+38 -3.4e+38 -3.4e+38 -3.4e+38 -3.4e+38 -3.4e+38 -3.4e+38 -3.4e+38 -3.4e+38 -3.4e+38 -3.4e+38 -3.4e+38 -3.4e+38 -3.4e+38 -3.4e+38 -3.4e+38 -3.4e+38 -3.4e+38 -3.4e+38 1594.06005859375 1644.67004394531 -3.4e+38 -3.4e+38 1998.03002929688 2142.080078125 2285.10986328125 2175.580078125 1936.05004882812 1788.89001464844 1739.26000976562 1750.61999511719 1734.51000976562 1672.56994628906 1596.78002929688 1585.97998046875 1654.16003417969 1571.4599609375 1418.14001464844 1294.80993652344 1254.73999023438 1270.35998535156 1345.91003417969 1383.80004882812 1366.39001464844 1327.67004394531 1332.64001464844
-3.4e+38 -3.4e+38 -3.4e+38 -3.4e+38 -3.4e+38 -3.4e+38 -3.4e+38 -3.4e+38 -3.4e+38 -3.4e+38 -3.4e+38 -3.4e+38 -3.4e+38 -3.4e+38 -3.4e+38 -3.4e+38 -3.4e+38 -3.4e+38 -3.4e+38 -3.4e+38 -3.4e+38 -3.4e+38 -3.4e+38 -3.4e+38 -3.4e+38 -3.4e+38 -3.4e+38 1480.18005371094 1543.30004882812 1639.81005859375 1717.94995117188 1868.07995605469 1970.69995117188 2009.07006835938 1980.97998046875 1810.18005371094 1679.5 1584.7900390625 1575.94006347656 1602.25 1622.93005371094 1591.55993652344 1619.16003417969 1688.57006835938 1592.28002929688 1437.75 1397.38000488281 1379 1337.25 1309.68994140625 1309.77001953125 1343.48999023438 1396.89001464844 1384.89001464844
-3.4e+38 -3.4e+38 -3.4e+38 -3.4e+38 -3.4e+38 -3.4e+38 -3.4e+38 -3.4e+38 -3.4e+38 -3.4e+38 -3.4e+38 -3.4e+38 -3.4e+38 -3.4e+38 -3.4e+38 -3.4e+38 -3.4e+38 -3.4e+38 -3.4e+38 -3.4e+38 -3.4e+38 -3.4e+38 -3.4e+38 -3.4e+38 -3.4e+38 -3.4e+38 1465.09997558594 1450.92004394531 1441.10998535156 1439.18005371094 1559.54992675781 1675.72998046875 1705.93005371094 1757.68005371094 1731.04992675781 1581.39001464844 1544.39001464844 1564.63000488281 1603.48999023438 1644.81005859375 1648.32995605469 1614.43994140625 1681.5 1783.13000488281 1657.88000488281 1464.67004394531 1402.14001464844 1380.06994628906 1372.91003417969 1334.43994140625 1330.17004394531 1397.5400390625 1488.97998046875 1536.88000488281
-3.4e+38 -3.4e+38 -3.4e+38 -3.4e+38 -3.4e+38 -3.4e+38 -3.4e+38 -3.4e+38 -3.4e+38 -3.4e+38 -3.4e+38 -3.4e+38 -3.4e+38 -3.4e+38 -3.4e+38 -3.4e+38 -3.4e+38 -3.4e+38 -3.4e+38 -3.4e+38 -3.4e+38 -3.4e+38 -3.4e+38 -3.4e+38 -3.4e+38 -3.4e+38 1447.60998535156 1459.64001464844 1459.82995605469 1448.63000488281 1471.16003417969 1518.53002929688 1574.86999511719 1549.77001953125 1450.81994628906 1445.28002929688 1513.55993652344 1530.19995117188 1576.66003417969 1636.05004882812 1571.06005859375 1536.55993652344 1590.06994628906 1747.92004394531 1830.419921875 1719.19006347656 1585.35009765625 1451.90002441406 1420.27001953125 1429.19006347656 1392.21997070312 1506.36999511719 1690.42004394531 1767.5
-3.4e+38 -3.4e+38 -3.4e+38 -3.4e+38 -3.4e+38 -3.4e+38 -3.4e+38 -3.4e+38 -3.4e+38 -3.4e+38 -3.4e+38 -3.4e+38 -3.4e+38 -3.4e+38 -3.4e+38 -3.4e+38 -3.4e+38 -3.4e+38 -3.4e+38 -3.4e+38 -3.4e+38 -3.4e+38 -3.4e+38 -3.4e+38 -3.4e+38 -3.4e+38 1421.43005371094 1454.85998535156 1449.14001464844 1441.41003417969 1465.2099609375 1477.51000976562 1474.2900390625 1398.17004394531 1314.96997070312 1301.36999511719 1332.25 1359.41003417969 1400.78002929688 1399.13000488281 1369.09997558594 1408.84997558594 1541.47998046875 1756.61999511719 1958.4599609375 1967.13000488281 1822.10998535156 1643.48999023438 1526.80993652344 1534.72998046875 1577 1694.68994140625 1922.91003417969 2029.11999511719
-3.4e+38 -3.4e+38 -3.4e+38 -3.4e+38 -3.4e+38 -3.4e+38 -3.4e+38 -3.4e+38 -3.4e+38 -3.4e+38 -3.4e+38 -3.4e+38 -3.4e+38 -3.4e+38 -3.4e+38 -3.4e+38 -3.4e+38 -3.4e+38 -3.4e+38 -3.4e+38 -3.4e+38 -3.4e+38 -3.4e+38 -3.4e+38 -3.4e+38 -3.4e+38 1350.46997070312 1376.63000488281 1373.03002929688 1401.41003417969 1427.68005371094 1418.39001464844 1376.94006347656 1284.2099609375 1220.76000976562 1235.16003417969 1248.03002929688 1279.92993164062 1286.22998046875 1268.60998535156 1306.85998535156 1338.4599609375 1483.14001464844 1780.64001464844 2000.19995117188 2101.69995117188 1963.60998535156 1786.38000488281 1632.71997070312 1665.89001464844 1828.52001953125 1898.93994140625 2005.4599609375 2039.36999511719
-3.4e+38 -3.4e+38 -3.4e+38 -3.4e+38 -3.4e+38 -3.4e+38 -3.4e+38 -3.4e+38 -3.4e+38 -3.4e+38 -3.4e+38 -3.4e+38 -3.4e+38 -3.4e+38 -3.4e+38 -3.4e+38 -3.4e+38 -3.4e+38 -3.4e+38 -3.4e+38 -3.4e+38 -3.4e+38 -3.4e+38 -3.4e+38 -3.4e+38 -3.4e+38 1268.57995605469 1262.10998535156 1273.16003417969 1300.40002441406 1344.34997558594 1337.06994628906 1315.61999511719 1285.47998046875 1224.85998535156 1178.98999023438 1174.31994628906 1187.44995117188 1197.51000976562 1209.65002441406 1339.63000488281 1461.76000976562 1593.60998535156 1775.69995117188 1930.33996582031 2055.36987304688 1933.4599609375 1784.669921875 1639.7099609375 1739 1883.66003417969 1838.36999511719 1845.16003417969 1912.06994628906
1621.65002441406 1607.57995605469 1641.13000488281 1685.17004394531 1720.40002441406 1734.30993652344 1726.07006835938 1706.89001464844 1682.80993652344 1653.82995605469 1661.15002441406 1721.55004882812 1709.06994628906 1642.09997558594 1586.5 1544.73999023438 1551.21997070312 1563.11999511719 1576.5 1653.26000976562 1726.0400390625 1681.60998535156 1541.39001464844 1464.34997558594 1405.7099609375 1310.93994140625 1240.89001464844 1224.59997558594 1210.5400390625 1221.15002441406 1256.29992675781 1265.40002441406 1259.81005859375 1268.17004394531 1252.91003417969 1234 1171.90002441406 1213.51000976562 1232.76000976562 1290.03002929688 1496.32995605469 1616.97998046875 1673.67004394531 1724 1731.41003417969 1821.2900390625 1826.14001464844 1748.52001953125 1709.27001953125 1789.92004394531 1827.59008789062 1755.01000976562 1740.73999023438 1817.35998535156
1597.41003417969 1607.25 1658.61999511719 1686.44995117188 1723.92993164062 1752.91003417969 1737.15002441406 1662.33996582031 1635.68005371094 1663.080078125 1675.34008789062 1674.19995117188 1644.63000488281 1591.25 1555.51000976562 1537.18005371094 1572.69006347656 1622.27001953125 1705.78002929688 1873.91003417969 1909.33996582031 1796.14001464844 1592.18005371094 1483 1402.26000976562 1304.7900390625 1250.30004882812 1228.26000976562 1195.69995117188 1181.08996582031 1197.22998046875 1205.07995605469 1208.26000976562 1231.42004394531 1273.82995605469 1271.9599609375 1147.30004882812 1249.76000976562 1389.65002441406 1405.2900390625 1530.25 1618.42004394531 1683.40002441406 1693.96997070312 1602.47998046875 1624.85998535156 1723.76000976562 1751.82995605469 1779.69995117188 1797.60998535156 1726.22998046875 1656.5400390625 1633.30993652344 1684.26000976562
1581 1604.03002929688 1639.40002441406 1658.5 1680.76000976562 1718.2099609375 1687.58996582031 1604.7099609375 1601.54992675781 1654.75 1649.0400390625 1595.48999023438 1536.25 1502.66003417969 1506.98999023438 1518.28002929688 1568.06005859375 1673.7900390625 1808.33996582031 1944.67004394531 2007.25 1932.23999023438 1785.56994628906 1583.20007324219 1399.67004394531 1302.14001464844 1261.830078125 1241.36999511719 1193.77001953125 1168.88000488281 1174.66003417969 1184.16003417969 1225.28002929688 1271.10998535156 1325.43005371094 1292.30993652344 1182.43994140625 1250.9599609375 1418.2099609375 1471.44995117188 1627.23999023438 1762.64001464844 1811.80004882812 1678.16003417969 1588.58996582031 1640.53002929688 1682.57995605469 1674.31994628906 1709.18994140625 1700.28002929688 1620.25 1540 1541.44006347656 1585.08996582031
1587.05004882812 1609.0400390625 1631.5 1626.40991210938 1613.44995117188 1611.05993652344 1579.44995117188 1543.2900390625 1569.14001464844 1610.90991210938 1604.33996582031 1547.60998535156 1469.02001953125 1436.4599609375 1462.44995117188 1474.46997070312 1505.33996582031 1592.4599609375 1751.07006835938 1838.57995605469 1821.2099609375 1867.14001464844 1770.11999511719 1585.76000976562 1356.7900390625 1310.44995117188 1303.23999023438 1313.25 1345.5 1351.66003417969 1303.01000976562 1305.92004394531 1367.56994628906 1400.63000488281 1434.69006347656 1389.21997070312 1273.44006347656 1281.43994140625 1507.76000976562 1656.96997070312 1787.2900390625 1891.39001464844 1885.40991210938 1714.83996582031 1645.67004394531 1689.72998046875 1666.64001464844 1627.2099609375 1615.93994140625 1575.96997070312 1526.28002929688 1484.93005371094 1502.76000976562 1537.73999023438
1599.82995605469 1591.75 1605 1601.31994628906 1583.5 1552.03002929688 1526.08996582031 1517.17004394531 1552.69995117188 1613.63000488281 1625.80993652344 1536.25 1443.55004882812 1429.35998535156 1450.68994140625 1461.58996582031 1504.26000976562 1562.9599609375 1628.41003417969 1625.64001464844 1635.34997558594 1638.81994628906 1527.0400390625 1377.43994140625 1321.56005859375 1376.46997070312 1401.18994140625 1450.31994628906 1567.02001953125 1534.69995117188 1524.05004882812 1541.11999511719 1574.91003417969 1583.03002929688 1625.66003417969 1544.92004394531 1486.68005371094 1587.67004394531 1761.26000976562 1905.88000488281 1981.35998535156 1930.89001464844 1811.83996582031 1735.28002929688 1715.5400390625 1731.22998046875 1699.89001464844 1618.07995605469 1563.19995117188 1478.16003417969 1446.05004882812 1460.51000976562 1481.44995117188 1512.30993652344
1653.43994140625 1641.14001464844 1626.0400390625 1624.46997070312 1600.85998535156 1570.65002441406 1563.08996582031 1569.57006835938 1591.52001953125 1609.0400390625 1575.57006835938 1480.94995117188 1424.77001953125 1443.80004882812 1455.85998535156 1467.59997558594 1532.55004882812 1565.13000488281 1566.91003417969 1542.48999023438 1543.57995605469 1473.66003417969 1373.02001953125 1332.78002929688 1430.68994140625 1541.64001464844 1541.08996582031 1550.61999511719 1613.57995605469 1568.5 1558.73999023438 1586.52001953125 1674.5400390625 1773.39001464844 1804.23999023438 1641.58996582031 1614.86999511719 1849.32995605469 1845.2099609375 1825.27001953125 1860.28002929688 1761.92004394531 1669.36999511719 1680.93994140625 1732 1698.43994140625 1647.40002441406 1558.02001953125 1461.10998535156 1399.18005371094 1401.23999023438 1404.14001464844 1396.08996582031 1394.58996582031
1771.79992675781 1698.46997070312 1646.5400390625 1651.78002929688 1658.76000976562 1651.90002441406 1619.16003417969 1622.28002929688 1618.36999511719 1591.84997558594 1537.75 1466.93005371094 1438.69995117188 1455.43994140625 1452.97998046875 1434.48999023438 1449.85998535156 1512.46997070312 1531.57006835938 1511.15002441406 1459.76000976562 1391.84997558594 1346.44995117188 1368.59997558594 1468.77001953125 1521.69995117188 1535.52001953125 1600.38000488281 1653.72998046875 1659.36999511719 1705.4599609375 1683.43994140625 1846.0400390625 2016.86999511719 1798.71997070312 1611.07995605469 1727.03002929688 1944.44995117188 1885.68005371094 1756.73999023438 1718.53002929688 1651.35998535156 1585.30004882812 1564.05004882812 1551.61999511719 1563.28991699219 1545.66003417969 1464.53002929688 1365.30004882812 1310.61999511719 1306.43005371094 1297.18005371094 1264.43005371094 1247.55004882812
1837.73999023438 1694.68994140625 1631.52001953125 1631.2900390625 1654.21997070312 1664.14001464844 1618.10998535156 1612.18005371094 1596.2099609375 1568.18005371094 1510.9599609375 1453.65002441406 1418.28002929688 1441.46997070312 1449.06994628906 1412.73999023438 1373.5 1406.63000488281 1442.80004882812 1436.92993164062 1362.08996582031 1320.17004394531 1339.13000488281 1373.9599609375 1402.78002929688 1404.32995605469 1472.40002441406 1622.9599609375 1735.75 1835.27001953125 1882.01000976562 1906.75 2045.34997558594 1962.21997070312 1806.63000488281 1595.65002441406 1636.91003417969 1797.65991210938 1810.67993164062 1719.94995117188 1645.88000488281 1534.80004882812 1504.81005859375 1476.16003417969 1436.17004394531 1419.2900390625 1415.81005859375 1385.96997070312 1315.08996582031 1253.32995605469 1185.52001953125 1142.85998535156 1128.66003417969 1135.96997070312
1787.86999511719 1666.05004882812 1627.16003417969 1614.61999511719 1595.60998535156 1581.11999511719 1589.10998535156 1595.06994628906 1571.03002929688 1515.48999023438 1453.68994140625 1429.46997070312 1401.2900390625 1403.52001953125 1412.94995117188 1369.31994628906 1275.97998046875 1245.36999511719 1328.9599609375 1397.97998046875 1385.90002441406 1367.64001464844 1367.96997070312 1386.81994628906 1396.14001464844 1394.43994140625 1446.69995117188 1548.0400390625 1710.67004394531 1784.17004394531 1722.47998046875 1705.55004882812 1791.02001953125 1662.19006347656 1631.35998535156 1575.80004882812 1601.63000488281 1647.85998535156 1647.80004882812 1637.78002929688 1582.60998535156 1446.14001464844 1405.26000976562 1386.90002441406 1381.71997070312 1379 1354.06005859375 1322.27001953125 1270.07995605469 1185.41003417969 1112.65002441406 1085.97998046875 1088.61999511719 1072.92004394531
