layers/ppt11.asc
NCOLS 292 
NROWS 291 
XLLCORNER -87.6458333327872 
YLLCORNER 24.4791666666667 
CELLSIZE 0.0416666666669039 
NODATA_value -3.4e+38 
[rows 24 to 47 of 291, columns 162 to 215 of 292]
1240.76000976562 1236.31994628906 1198.61999511719 1147.14001464844 1120.02001953125 1129.26000976562 1143.30004882812 1135.21997070312 1118.9599609375 1132.93005371094 1187.33996582031 1212.76000976562 1207.09997558594 1195.41003417969 1221.89001464844 1252.5400390625 1241.68994140625 1205.81005859375 1160.55004882812 1136.06005859375 1138.15002441406 1123.7099609375 1106.02001953125 1116.18994140625 1158.43005371094 1176.98999023438 1150.39001464844 1092.06994628906 1075.97998046875 1075.17004394531 1074.43994140625 1080.30004882812 1058.48999023438 1037.90002441406 1038.86999511719 1051.55004882812 1050.11999511719 1037.39001464844 1043.61999511719 1071.55004882812 1063.31005859375 1026.35998535156 984.179992675781 945.619995117188 929.5 954.429992675781 989.010009765625 981.380004882812 917.970031738281 854.390014648438 866.510009765625 918.010009765625 938.489990234375 929.140014648438
1286.2099609375 1246.43005371094 1162.59997558594 1107.84997558594 1099.03002929688 1105.919921875 1114 1101.19995117188 1102.0400390625 1130.75 1155.40002441406 1156.51000976562 1171.2099609375 1188.7900390625 1222.14001464844 1262.21997070312 1247.2099609375 1171.23999023438 1144.63000488281 1132.66003417969 1156.58996582031 1185.5400390625 1201.96997070312 1207.2099609375 1219.01000976562 1227.18005371094 1154.88000488281 1094.84997558594 1082.01000976562 1078.32006835938 1072.55004882812 1064.2099609375 1044.56994628906 1025.42004394531 1009.29998779297 988.390014648438 966.890014648438 955.460021972656 978.140014648438 1021.7099609375 1015.80999755859 981.039978027344 970.510009765625 947.97998046875 929.679992675781 941.150024414062 939.049987792969 911.22998046875 860.969970703125 842.820007324219 857.119995117188 888.409973144531 913.940002441406 919.75
1220.34997558594 1197.18005371094 1143.40002441406 1102.7900390625 1087.2900390625 1100.93005371094 1129.44995117188 1144.01000976562 1147.60998535156 1124.01000976562 1107.63000488281 1127.5400390625 1166.94995117188 1214.44006347656 1224.42004394531 1238 1224.23999023438 1174.27001953125 1160.0400390625 1143.72998046875 1139.4599609375 1179.10998535156 1209.40002441406 1193.92004394531 1182.65002441406 1166.28002929688 1130.09997558594 1090.36999511719 1051.83996582031 1054.31005859375 1075.17004394531 1059.68005371094 1026.08996582031 1002.40997314453 982.529968261719 959.239990234375 927.190002441406 911.849975585938 932.970031738281 964.75 951.059997558594 912.469970703125 892.830017089844 899.02001953125 917.859985351562 943.559997558594 937.940002441406 909.880004882812 880.190002441406 863.450012207031 871.910034179688 886.619995117188 893.659973144531 862.869995117188
1145.08996582031 1159.5 1144.39001464844 1124.75 1133.25 1175.01000976562 1151.57995605469 1145.76000976562 1151.10998535156 1117.84997558594 1132.76000976562 1192.80993652344 1198.68005371094 1186.66003417969 1204.93005371094 1240.5400390625 1250.80004882812 1203.65002441406 1190.60998535156 1153.73999023438 1118.25 1149.46997070312 1179.18005371094 1189.57995605469 1192.57006835938 1149.71997070312 1111.64001464844 1077.57995605469 1060.08996582031 1055.86999511719 1040.27001953125 1018.90002441406 984.799987792969 945.75 926.97998046875 902.47998046875 872.590026855469 867.200012207031 886.950012207031 909.0400390625 899.859985351562 860.039978027344 831.820007324219 854.429992675781 913.390014648438 951.070007324219 962.22998046875 934.080017089844 905.039978027344 874.27001953125 871.840026855469 864.820007324219 860.72998046875 847.869995117188
1167.81005859375 1180.38000488281 1185.52001953125 1178.63000488281 1195.42004394531 1222.69995117188 1139.73999023438 1082.31994628906 1100.66003417969 1135.9599609375 1186.67993164062 1233.85998535156 1213.71997070312 1199.85998535156 1198.69995117188 1221.02001953125 1262.21997070312 1253.15002441406 1200.97998046875 1147.72998046875 1142.89001464844 1187.13000488281 1217.22998046875 1264.9599609375 1231.96997070312 1157.71997070312 1100.46997070312 1067.4599609375 1075.71997070312 1105.02001953125 1068.13000488281 1011.92999267578 965.510009765625 928.539978027344 900.809997558594 857.330017089844 824.919982910156 816.960021972656 837.910034179688 890.200012207031 903.840026855469 880.049987792969 878.590026855469 916.320007324219 958.710021972656 980.190002441406 963.619995117188 925.900024414062 897.440002441406 874.239990234375 867.929992675781 879.039978027344 898.830017089844 877.039978027344
1202.19995117188 1221.0400390625 1238.07006835938 1241.11999511719 1241.9599609375 1261.2099609375 1216.96997070312 1139.61999511719 1118.66003417969 1157.93005371094 1192.61999511719 1200.02001953125 1147.68994140625 1169.52001953125 1234.61999511719 1268.71997070312 1334.53002929688 1284.88000488281 1204.85998535156 1181.10998535156 1212.65002441406 1236.52001953125 1235.76000976562 1230.97998046875 1213.06005859375 1169.17004394531 1126.69006347656 1096.06005859375 1109.44995117188 1119.44995117188 1095.85998535156 1048.30004882812 986.630004882812 936.150024414062 921.130004882812 888.789978027344 843.169982910156 831.820007324219 866.880004882812 915.409973144531 913.320007324219 903.950012207031 927.820007324219 950.9599609375 955.840026855469 966.510009765625 955.429992675781 927.169982910156 884.059997558594 868.669982910156 878.679992675781 886.440002441406 900.619995117188 885.589965820312
1218.59997558594 1247.43994140625 1264.2099609375 1254.57995605469 1256.2099609375 1260.89001464844 1235.36999511719 1181.71997070312 1166.09997558594 1201.61999511719 1191.01000976562 1135.96997070312 1085.86999511719 1194.03002929688 1265.66003417969 1299.4599609375 1305.52001953125 1273.72998046875 1232.7900390625 1237.81005859375 1289.09997558594 1289.66003417969 1251.01000976562 1231.51000976562 1234.90002441406 1208.52001953125 1157.60998535156 1086.44995117188 1059.36999511719 1029.06005859375 1016.13000488281 1043.64001464844 1051.34997558594 1023.32995605469 987.100036621094 935.669982910156 879.619995117188 862.919982910156 904.059997558594 939.900024414062 927.570007324219 914.470031738281 929.599975585938 950.719970703125 965.739990234375 1010.89001464844 1011.86999511719 951.529968261719 917.02001953125 889.119995117188 874.869995117188 875.5 901.090026855469 883.510009765625
1220.17993164062 1258.02001953125 1257.59997558594 1237.32995605469 1228 1224.08996582031 1203.34997558594 1182.07995605469 1209.46997070312 1243.33996582031 1183.64001464844 1128.9599609375 1082.52001953125 1106.18994140625 1175.53002929688 1251.03002929688 1245.73999023438 1274.40002441406 1313.7900390625 1328.78002929688 1367.55004882812 1379.92004394531 1331.18994140625 1283.72998046875 1276.57995605469 1234.16003417969 1156.18005371094 1085.26000976562 1035.56005859375 997.760009765625 982.450012207031 1013.46997070312 1070.43005371094 1077.66003417969 1026.69995117188 966.830017089844 920.840026855469 890.289978027344 907.589965820312 944.070007324219 954.340026855469 958.210021972656 983.030029296875 1006.53997802734 1012.02996826172 994.619995117188 946.609985351562 901.549987792969 890.580017089844 856.859985351562 848.320007324219 842.109985351562 839.640014648438 824.700012207031
1211.7099609375 1223.85998535156 1211.07006835938 1207.64001464844 1221 1227.13000488281 1201.7900390625 1152.30004882812 1142.5 1154.30004882812 1130.0400390625 1093.5 1058.22998046875 1075.64001464844 1190.42004394531 1258.36999511719 1274.11999511719 1304.55993652344 1355.77001953125 1388.18005371094 1409.27001953125 1388.2900390625 1301.2099609375 1222.23999023438 1180.01000976562 1168.64001464844 1163.27001953125 1127.23999023438 1052.63000488281 991.149963378906 967.489990234375 1006.66998291016 1064.08996582031 1061.85998535156 1018.90002441406 979.010009765625 925.390014648438 893.460021972656 923.219970703125 956.969970703125 974.130004882812 995.809997558594 1027.92004394531 1055.30004882812 1047.7099609375 983.669982910156 880.330017089844 845.719970703125 836.820007324219 832.059997558594 843.169982910156 826.02001953125 801.299987792969 800.380004882812
1229.19995117188 1180.22998046875 1178.46997070312 1200.59997558594 1217.36999511719 1213.32006835938 1194.44995117188 1147.55004882812 1104.38000488281 1096.22998046875 1078.5 1038.82006835938 1028.51000976562 1117.42004394531 1231.72998046875 1250.2099609375 1225.90002441406 1232.10998535156 1367.09997558594 1458.75 1427.18994140625 1318.11999511719 1225.56994628906 1153.31994628906 1098.43005371094 1121.52001953125 1146.13000488281 1109.08996582031 1012.79998779297 939.9599609375 931.099975585938 981.669982910156 1010.20001220703 999.109985351562 994.710021972656 985.529968261719 964.220031738281 970.52001953125 984.010009765625 990 995.429992675781 1008.38000488281 1072.84997558594 1074.92004394531 1035.85998535156 977.559997558594 904.260009765625 859.5 842.690002441406 853.780029296875 880.400024414062 855.519958496094 829.960021972656 829
1223.43005371094 1194.73999023438 1198.68994140625 1238.69006347656 1241.55004882812 1209.2099609375 1178.67004394531 1140.9599609375 1106.64001464844 1088.47998046875 1071.57995605469 1022.28002929688 1039.47998046875 1140.39001464844 1231.5400390625 1216.66003417969 1184.73999023438 1206.07006835938 1327.05004882812 1421.07995605469 1382.88000488281 1283.02001953125 1201.07006835938 1136.31005859375 1095.69995117188 1102.0400390625 1099.68005371094 1050.38000488281 952.440002441406 874.010009765625 870.890014648438 899.010009765625 926.150024414062 933.200012207031 935.590026855469 954.799987792969 994.510009765625 1006.76000976562 1005.36999511719 1029.17004394531 1068.91003417969 1100.67004394531 1102.02001953125 1030.30004882812 982.289978027344 959.429992675781 918.719970703125 881.72998046875 866.690002441406 863.52001953125 872.070007324219 862.400024414062 853.969970703125 864.900024414062
1191.7099609375 1252.34997558594 1281.28002929688 1272.5 1245.17004394531 1180.10998535156 1118.03002929688 1102 1096.64001464844 1110.44995117188 1141.35998535156 1120.25 1132.11999511719 1171.08996582031 1191.7099609375 1173.35998535156 1149.05993652344 1176.92004394531 1240.13000488281 1310.9599609375 1317.04992675781 1232.84997558594 1174.75 1132.95007324219 1085.21997070312 1070.68005371094 1025.7900390625 958.010009765625 892.239990234375 850 853.359985351562 873.590026855469 895.809997558594 925.219970703125 948.880004882812 970.940002441406 997.070007324219 1011.57000732422 1019.77001953125 1057.23999023438 1121.40002441406 1158.06005859375 1122.17004394531 1009.96997070312 947.97998046875 922.97998046875 911.440002441406 909.580017089844 909.75 883.159973144531 871.279968261719 870.849975585938 878.369995117188 884.830017089844
1178.63000488281 1226.86999511719 1240.5400390625 1230.25 1233.48999023438 1175.76000976562 1095.82995605469 1091.90002441406 1106.42004394531 1123.51000976562 1156.52001953125 1214.5400390625 1251.43005371094 1256.56005859375 1213.85998535156 1168.28002929688 1136.78002929688 1141.80004882812 1156.76000976562 1173.67993164062 1188.84997558594 1182.57995605469 1176.5400390625 1144.11999511719 1088.22998046875 1037.33996582031 989.299987792969 936.950012207031 906.510009765625 893.859985351562 893.809997558594 894.690002441406 919.880004882812 972.890014648438 1017.84002685547 1023.46997070312 1023.28997802734 1030.43005371094 1033 1057.43005371094 1120.92004394531 1174.32995605469 1143.03002929688 1041.84997558594 971.539978027344 920.989990234375 907.210021972656 934.029968261719 939.75 921.909973144531 906.75 916.380004882812 938.530029296875 919.359985351562
1143.30004882812 1168.03002929688 1199.02001953125 1222.51000976562 1229.41003417969 1179.42993164062 1116.5 1115.71997070312 1146.13000488281 1150.0400390625 1190.79992675781 1286.84997558594 1337.22998046875 1279.52001953125 1188.33996582031 1132.07995605469 1136.25 1137.33996582031 1115.85998535156 1115.919921875 1122.25 1140.47998046875 1161.31005859375 1125.53002929688 1068.27001953125 1004.21997070312 992.659973144531 988.950012207031 981.029968261719 963.559997558594 943.640014648438 936.400024414062 950.619995117188 976.47998046875 1010.19000244141 1029.92004394531 1034.61999511719 1047.39001464844 1068.76000976562 1090.06994628906 1128.76000976562 1140 1096.63000488281 1058.06994628906 1017.79998779297 992.589965820312 957.580017089844 951.659973144531 937.830017089844 925.849975585938 922 942.760009765625 949.119995117188 922.059997558594
1148.07995605469 1159.89001464844 1189.98999023438 1230.44995117188 1225.52001953125 1173.43994140625 1134.53002929688 1126.84997558594 1125.97998046875 1124.02001953125 1156.28002929688 1206.09997558594 1236.19995117188 1163.82006835938 1099.18994140625 1083.26000976562 1102.67004394531 1136.92004394531 1138.32995605469 1140.78002929688 1107.36999511719 1102.64001464844 1100.93005371094 1057.76000976562 1008.26000976562 975.5 1019.05999755859 1055.56994628906 1049.03002929688 1031.05004882812 996.440002441406 987.919982910156 969.989990234375 951.549987792969 982.609985351562 1023 1039.27001953125 1069.60998535156 1086.82006835938 1096.34997558594 1123 1082.5400390625 1021.98999023438 1020.54998779297 1043.69006347656 1047.30004882812 997.650024414062 957.559997558594 947.320007324219 919.710021972656 919.859985351562 928.039978027344 922.799987792969 905.369995117188
1184.68005371094 1180.4599609375 1202.36999511719 1244.16003417969 1245.76000976562 1214.7099609375 1168.53002929688 1120.94006347656 1078.9599609375 1079.94995117188 1089.81994628906 1113.71997070312 1126.05004882812 1090.19995117188 1062.65002441406 1061 1071.5400390625 1145.92004394531 1187.81994628906 1181.82995605469 1126.48999023438 1101.30004882812 1090.71997070312 1058.69995117188 1018.35998535156 992.210021972656 1036.7900390625 1067.10998535156 1085.48999023438 1082.0400390625 1060.52001953125 1038.81005859375 984.710021972656 936.2900390625 954.27001953125 1001.48999023438 1034.10998535156 1050.39001464844 1055.68994140625 1080.07995605469 1110.23999023438 1064.32006835938 1015.89001464844 1044.23999023438 1074.17004394531 1040.97998046875 986.380004882812 950.059997558594 925.97998046875 898.460021972656 891.440002441406 891.619995117188 893.549987792969 903.119995117188
1189.44995117188 1194.7099609375 1229.75 1253.89001464844 1248.98999023438 1225.91003417969 1161.38000488281 1090.34997558594 1066.69995117188 1065.47998046875 1052.60998535156 1074.93994140625 1081.63000488281 1086.5400390625 1068.35998535156 1077.89001464844 1098.36999511719 1154.93994140625 1184.38000488281 1179.17004394531 1137.16003417969 1117.78002929688 1101.43005371094 1067.2099609375 1053.03002929688 1052.60998535156 1078 1092.13000488281 1111.86999511719 1128.30004882812 1114.83996582031 1063.69006347656 992.22998046875 951.02001953125 971.440002441406 1016.86999511719 1049.22998046875 1055.06005859375 1050.16003417969 1080.61999511719 1105.30004882812 1080.05004882812 1057.16003417969 1081.06994628906 1055.44995117188 969.799987792969 919.369995117188 886.97998046875 862.059997558594 852.070007324219 860.890014648438 866.409973144531 875.359985351562 899.450012207031
1190.51000976562 1195.21997070312 1209.31005859375 1213.43005371094 1199.59997558594 1171.5400390625 1109.13000488281 1069.85998535156 1105.98999023438 1078.76000976562 1051.07006835938 1059.2900390625 1068.86999511719 1086.84997558594 1079.92004394531 1094.06005859375 1117.06994628906 1164.60998535156 1207.48999023438 1205.33996582031 1175.22998046875 1146.23999023438 1115.03002929688 1099.57995605469 1100.05993652344 1088.28002929688 1082.96997070312 1114.92993164062 1153.52001953125 1167.14001464844 1136.68994140625 1103.68005371094 1066.69995117188 1048.07006835938 1046.98999023438 1055.64001464844 1076.66003417969 1081.76000976562 1079.26000976562 1096.61999511719 1103.39001464844 1077.78002929688 1053.66003417969 1052.16003417969 1019.86999511719 934.299987792969 906.049987792969 884.390014648438 860.070007324219 847.97998046875 844.330017089844 871 867.660034179688 905.369995117188
1161.80993652344 1158.88000488281 1153.55004882812 1153.06005859375 1136.32995605469 1102.67004394531 1058.94995117188 1073.18994140625 1119.46997070312 1083.19995117188 1057.38000488281 1052.17004394531 1070.18994140625 1090.82995605469 1108.81994628906 1104.71997070312 1092.22998046875 1145.42004394531 1217.32006835938 1218.81994628906 1176.84997558594 1129.72998046875 1137.42004394531 1132.02001953125 1116.81005859375 1104.88000488281 1127.82995605469 1190.23999023438 1248.08996582031 1220.30004882812 1189.77001953125 1183.30004882812 1183.63000488281 1181.98999023438 1152.80004882812 1113.18994140625 1097.66003417969 1098.92004394531 1106.35998535156 1103.16003417969 1084.94995117188 1060.13000488281 1049.90002441406 1065.2900390625 1041.0400390625 970.669982910156 960.489990234375 942.840026855469 924.220031738281 887.650024414062 851.630004882812 870.789978027344 866.900024414062 894.700012207031
1121.76000976562 1085.80004882812 1078.22998046875 1081.17004394531 1063.90002441406 1028.69995117188 1011.84002685547 1063.11999511719 1111.48999023438 1095.01000976562 1068.80004882812 1052.14001464844 1063.98999023438 1097.23999023438 1121.03002929688 1116.07006835938 1097.88000488281 1116.59997558594 1188.35998535156 1163.65002441406 1103.71997070312 1093.28002929688 1122.31005859375 1104.5 1061.40002441406 1070.03002929688 1152.15002441406 1187.90002441406 1229.05004882812 1215.42004394531 1195.08996582031 1185.9599609375 1207.18005371094 1235.63000488281 1208.02001953125 1161.82995605469 1126.34997558594 1119.88000488281 1124.38000488281 1119.80004882812 1093.35998535156 1068.78002929688 1068.66003417969 1100.19006347656 1057.75 981.650024414062 964.269958496094 959.839965820312 939.130004882812 880.330017089844 829.880004882812 827.960021972656 844.220031738281 878.710021972656
1093 1048.64001464844 1037.72998046875 1029.93005371094 1011.58001708984 981.719970703125 1000.23999023438 1066.85998535156 1105.63000488281 1102.65002441406 1080.30004882812 1051.65002441406 1054.57995605469 1055.93994140625 1059.82995605469 1081.68994140625 1076.09997558594 1081.67993164062 1127.34997558594 1071.18005371094 1036.31994628906 1030.16003417969 1042.27001953125 1038.80004882812 1016.05999755859 1025 1099.94995117188 1111.2099609375 1117.69006347656 1150.10998535156 1158.33996582031 1148.07995605469 1169.94995117188 1178.85998535156 1157.16003417969 1149.88000488281 1165.85998535156 1182.43005371094 1198.7900390625 1181.43005371094 1125.83996582031 1102.51000976562 1094.53002929688 1098.84997558594 1050.41003417969 971.5 927.890014648438 946.890014648438 943.22998046875 874.640014648438 809.410034179688 801.929992675781 812.279968261719 852.089965820312
1089.41003417969 1056.31005859375 1051.06005859375 1027.67004394531 984.4599609375 971.969970703125 1047.81005859375 1084.52001953125 1071.97998046875 1081.92004394531 1065.03002929688 1035.80004882812 1024.57995605469 1001.23999023438 994.099975585938 1014.08001708984 1009.86999511719 992.969970703125 1010.57000732422 992.309997558594 982.950012207031 981.450012207031 971.440002441406 1014.71002197266 1038.86999511719 1025.19995117188 1045.69006347656 1055.38000488281 1097.66003417969 1135.03002929688 1142.42004394531 1134.16003417969 1124.13000488281 1085.59997558594 1059.28002929688 1113.34997558594 1210.44006347656 1256.59997558594 1262.55004882812 1226.46997070312 1170.33996582031 1145.88000488281 1124.82995605469 1105.96997070312 1073.17993164062 1012.71997070312 973.190002441406 965.380004882812 961.02001953125 893.840026855469 828.089965820312 793.589965820312 770.260009765625 811.27001953125
1094.03002929688 1071.52001953125 1053.82995605469 1015.10998535156 957.030029296875 973.010009765625 1057.14001464844 1071.83996582031 1045.85998535156 1050.35998535156 1039.35998535156 1017.45001220703 1011.16998291016 1021.01000976562 1006.59002685547 981.559997558594 988.900024414062 969.119995117188 943.130004882812 909.910034179688 915.049987792969 934.070007324219 947.900024414062 979.960021972656 1007.71002197266 1015.02996826172 1025.42004394531 1049.56005859375 1119.35998535156 1150.97998046875 1138.72998046875 1136.88000488281 1094.28002929688 1020.15997314453 990.419982910156 1073.30004882812 1186.78002929688 1236.97998046875 1220.64001464844 1183.81994628906 1145.78002929688 1149.88000488281 1149.52001953125 1127.88000488281 1094.39001464844 1046.10998535156 1021.82000732422 979.410034179688 943.049987792969 907.089965820312 868.239990234375 819.059997558594 794.710021972656 857.899963378906
1061.92004394531 1047.86999511719 1026.48999023438 965.390014648438 936.369995117188 984.700012207031 1005.13000488281 1005.76000976562 1009.76000976562 1014.98999023438 1013.95001220703 1016.75 1047.01000976562 1063.80993652344 1030.21997070312 982.450012207031 1003.40002441406 1002.04998779297 953.070007324219 904.190002441406 915.140014648438 939.75 960.669982910156 973 980.669982910156 978.390014648438 950.539978027344 999.179992675781 1077.35998535156 1078.35998535156 1056.64001464844 1078.13000488281 1040.5400390625 984.9599609375 993.580017089844 1051.53002929688 1123.38000488281 1160.2900390625 1151.03002929688 1119.57995605469 1089.18994140625 1105.10998535156 1137.72998046875 1144.18005371094 1105.92004394531 1090.82995605469 1071.32006835938 1017.35998535156 951.849975585938 938.130004882812 933.169982910156 884.910034179688 876.589965820312 927.369995117188
