layers/ppt11.asc
NCOLS 292 
NROWS 291 
XLLCORNER -87.6458333327872 
YLLCORNER 24.4791666666667 
CELLSIZE 0.0416666666669039 
NODATA_value -3.4e+38 
[rows 72 to 95 of 291, columns 54 to 107 of 292]
-3.4e+38 -3.4e+38 1263.57995605469 1269.82995605469 1254.21997070312 1223.56005859375 1217.53002929688 1236.90002441406 1226.23999023438 1177.43994140625 1111.46997070312 1115.57995605469 1140.70007324219 1147.39001464844 1129.18005371094 1117.13000488281 1075.91003417969 1033.75 1024.03002929688 1010.97998046875 981.97998046875 962.52001953125 977.510009765625 994.429992675781 1006.28997802734 991.090026855469 968.130004882812 950.640014648438 935.570007324219 952.400024414062 978.75 964.880004882812 990.140014648438 1014.88000488281 1001.36999511719 982.450012207031 978.97998046875 996.140014648438 993.679992675781 999.059997558594 1005.14001464844 999.850036621094 1006.85998535156 1020.42999267578 1035.75 1025.66003417969 999.760009765625 984.899963378906 957.580017089844 937.659973144531 924.869995117188 909.660034179688 907.039978027344 931.279968261719
-3.4e+38 -3.4e+38 1181.71997070312 1164.56994628906 1159.93005371094 1170.41003417969 1180.64001464844 1175.40002441406 1162.43005371094 1106.69006347656 1027.43005371094 1036.48999023438 1082.52001953125 1112.80993652344 1110.16003417969 1103.64001464844 1082.73999023438 1042.80004882812 1019.21002197266 993.47998046875 957.7900390625 945.289978027344 953.960021972656 968.789978027344 975.700012207031 966.869995117188 967.789978027344 956.799987792969 925.239990234375 933.219970703125 962.140014648438 940.109985351562 950.470031738281 964.679992675781 965.669982910156 967.719970703125 974.929992675781 983.030029296875 962.070007324219 956.47998046875 977.97998046875 1001.96002197266 1017.73999023438 1032.30993652344 1049.09997558594 1034.08996582031 1017.07000732422 999.739990234375 961.789978027344 943.77001953125 944.109985351562 943.390014648438 949.7900390625 956.710021972656
-3.4e+38 -3.4e+38 1094.80993652344 1076.31994628906 1087.30004882812 1123.26000976562 1152.78002929688 1140.90002441406 1115.82995605469 1074.63000488281 1040.14001464844 1058.23999023438 1068.46997070312 1074.40002441406 1081.35998535156 1090.67004394531 1087.32995605469 1038.03002929688 1009.20001220703 993.440002441406 963.809997558594 954.530029296875 953.989990234375 957.969970703125 963.969970703125 969.289978027344 978.859985351562 974.010009765625 967.340026855469 972.330017089844 989.140014648438 976.780029296875 960.609985351562 955.089965820312 971.640014648438 980.880004882812 982.529968261719 971.779968261719 949.469970703125 932.460021972656 954.900024414062 1002.57000732422 1036.22998046875 1052.27001953125 1052.88000488281 1028.98999023438 1009.28002929688 991.469970703125 950.849975585938 914.339965820312 911.820007324219 920.25 925.700012207031 933.25
-3.4e+38 -3.4e+38 1075 1060.82995605469 1084.97998046875 1109.88000488281 1135.32995605469 1128.63000488281 1095.5400390625 1060.91003417969 1039.97998046875 1048.80004882812 1052.47998046875 1069.55004882812 1072.46997070312 1070.23999023438 1062.41003417969 1022.45001220703 987.72998046875 988.260009765625 987.340026855469 995.970031738281 999.920043945312 992.049987792969 994.179992675781 994.390014648438 975.52001953125 953.630004882812 947.679992675781 969.960021972656 1007.77001953125 1041.09997558594 1006.08001708984 956.390014648438 961.339965820312 972.929992675781 963.469970703125 946.710021972656 928.719970703125 916.599975585938 945.739990234375 998.830017089844 1035.75 1053.80004882812 1035.58996582031 1000.46002197266 978.469970703125 950.660034179688 917.929992675781 894.630004882812 893.679992675781 883.150024414062 890.210021972656 888.580017089844
-3.4e+38 -3.4e+38 1080.52001953125 1087.2900390625 1112.81005859375 1120.28002929688 1118.52001953125 1099.07995605469 1073.02001953125 1046.44995117188 1029.5400390625 1047.07995605469 1061.59997558594 1099.01000976562 1106.46997070312 1069.30004882812 1044.33996582031 1031.43005371094 983.029968261719 1058.27001953125 1105.60998535156 1076.92004394531 1068.91003417969 1046.14001464844 1019.25 993.070007324219 959.940002441406 932.210021972656 937.109985351562 960.640014648438 987.97998046875 1013.32000732422 997.070007324219 955.72998046875 947.109985351562 937.820007324219 916.340026855469 916.369995117188 944.470031738281 967.52001953125 979.880004882812 993.510009765625 1012.84997558594 1014.01000976562 989.789978027344 986.849975585938 983.380004882812 967.239990234375 950.510009765625 939.599975585938 930.280029296875 916.559997558594 915.950012207031 878.580017089844
-3.4e+38 -3.4e+38 -3.4e+38 1142.81005859375 1168.7900390625 1139.86999511719 1107.51000976562 1095.65002441406 1084.19995117188 1063.36999511719 1057.61999511719 1062.57995605469 1060.52001953125 1089.67004394531 1084.41003417969 1045.34997558594 1029.7099609375 989.580017089844 979.989990234375 1124.81994628906 1150.46997070312 1089.88000488281 1075.18005371094 1053.14001464844 1016.95001220703 989.630004882812 950.779968261719 928.47998046875 938.080017089844 947.549987792969 948.309997558594 963.929992675781 975.489990234375 962 936.140014648438 898.779968261719 880.700012207031 901.390014648438 948.070007324219 990.799987792969 1005.39001464844 990.659973144531 973.559997558594 958.989990234375 943.47998046875 941.549987792969 951.219970703125 969.820007324219 987.450012207031 991.570007324219 978.400024414062 960.380004882812 928.780029296875 865.059997558594
-3.4e+38 -3.4e+38 -3.4e+38 1175.73999023438 1184.93005371094 1142.53002929688 1108.30993652344 1100.55993652344 1101.17993164062 1090.2099609375 1085.86999511719 1075.93005371094 1062.94995117188 1051.42993164062 1049.80004882812 1034.25 1022.64001464844 993.559997558594 1000.08001708984 1058.60998535156 1011.42999267578 993.27001953125 1027.7900390625 1038.94995117188 986.349975585938 979.27001953125 956.640014648438 941.359985351562 947.579956054688 938.070007324219 926.460021972656 949.429992675781 971.010009765625 955.330017089844 917.210021972656 868.140014648438 850.72998046875 874.789978027344 934.589965820312 1012.5 1042.78002929688 1002.23999023438 954.119995117188 927.970031738281 904.809997558594 901.429992675781 913.880004882812 944.119995117188 959.929992675781 960.75 950.619995117188 930.9599609375 889 833.380004882812
-3.4e+38 -3.4e+38 -3.4e+38 1151.52001953125 1148.16003417969 1118.41003417969 1074.85998535156 1060.42004394531 1064.69995117188 1056.10998535156 1047.43005371094 1045.94006347656 1070.61999511719 1069.0400390625 1059.32995605469 1044.57006835938 993.890014648438 978.570007324219 990.549987792969 1004.08001708984 945.469970703125 922.380004882812 953.179992675781 969.619995117188 943.179992675781 920.77001953125 928.200012207031 950.890014648438 943.989990234375 928.650024414062 927.010009765625 943.590026855469 956.780029296875 947.849975585938 916.190002441406 880.150024414062 854.650024414062 871.219970703125 941.299987792969 1021.35998535156 1043.61999511719 1010.29998779297 967.190002441406 934.769958496094 913.940002441406 904.119995117188 910.570007324219 928.47998046875 933.690002441406 923.649963378906 914.450012207031 908.739990234375 887.429992675781 851.089965820312
-3.4e+38 -3.4e+38 -3.4e+38 1119.08996582031 1091.76000976562 1067.21997070312 1040.98999023438 1031.93005371094 1029.11999511719 1015.25 1012.34997558594 1024.0400390625 1053.71997070312 1054.19995117188 1028.41003417969 1008.66003417969 968.049987792969 962.809997558594 969.099975585938 980.150024414062 957.409973144531 922.599975585938 905.799987792969 908.140014648438 899.839965820312 898.349975585938 917.070007324219 940.669982910156 934.940002441406 927.890014648438 937.2900390625 947.780029296875 958.440002441406 952.119995117188 934.969970703125 923.650024414062 910.630004882812 927.719970703125 989.400024414062 1038.67004394531 1044.85998535156 1010.84997558594 972 951.410034179688 939.820007324219 921.299987792969 918.419982910156 919.600036621094 929.869995117188 922.299987792969 903.099975585938 894.219970703125 882.460021972656 842.989990234375
-3.4e+38 -3.4e+38 -3.4e+38 1143.69995117188 1082.05004882812 1060.18005371094 1052.38000488281 1035.66003417969 1024.28002929688 1012.71997070312 1025.69995117188 1030.59997558594 1026.06005859375 1017.03997802734 971.119995117188 955.849975585938 964.97998046875 964.070007324219 952.580017089844 961.140014648438 953.119995117188 931.97998046875 896.579956054688 883.909973144531 888.289978027344 896.02001953125 914.989990234375 914.900024414062 907.719970703125 916.849975585938 936.970031738281 952.549987792969 955.359985351562 958.429992675781 962.669982910156 966.47998046875 973.890014648438 1003.45001220703 1038.05993652344 1063.68005371094 1059.77001953125 1011.75 976.940002441406 965.5400390625 968.070007324219 955.97998046875 949.219970703125 931.760009765625 923.780029296875 918.900024414062 897.179992675781 881.219970703125 853.529968261719 837.070007324219
-3.4e+38 -3.4e+38 -3.4e+38 -3.4e+38 1099.56994628906 1100.58996582031 1097.13000488281 1070.88000488281 1058.01000976562 1054.39001464844 1045.68994140625 1014.21002197266 986.239990234375 988.159973144531 966.739990234375 955.809997558594 961.510009765625 974.619995117188 966.52001953125 930.5 943.720031738281 935.169982910156 909.900024414062 911.679992675781 908.700012207031 914.529968261719 924.390014648438 903.130004882812 889.609985351562 912.659973144531 939.880004882812 948.559997558594 938.760009765625 959.679992675781 990.97998046875 1018.98999023438 1043.56005859375 1048.31005859375 1044.68994140625 1054.69995117188 1054.61999511719 1030.91003417969 1019.58001708984 1012.15997314453 1005.41003417969 990.850036621094 970.690002441406 936.630004882812 923.940002441406 923.590026855469 909.210021972656 879.609985351562 845.25 858.910034179688
-3.4e+38 -3.4e+38 -3.4e+38 -3.4e+38 1079.2099609375 1097.11999511719 1098.28002929688 1085.28002929688 1102.18994140625 1088.93005371094 1044.67004394531 976.900024414062 946.340026855469 971.839965820312 990.920043945312 970.809997558594 960.25 968.5 963.409973144531 935.779968261719 953.440002441406 934.580017089844 923.760009765625 945.549987792969 933.969970703125 926.970031738281 943.119995117188 925.570007324219 910.570007324219 924.97998046875 952.72998046875 961.559997558594 965.910034179688 997.850036621094 1038.169921875 1079.65002441406 1094.98999023438 1066.09997558594 1049.84997558594 1063.08996582031 1065.92004394531 1048.89001464844 1056.86999511719 1064.05993652344 1032.25 974.049987792969 914.72998046875 885.469970703125 896.190002441406 912.169982910156 892.119995117188 850.789978027344 830.830017089844 850.4599609375
-3.4e+38 -3.4e+38 -3.4e+38 -3.4e+38 1070.46997070312 1087.26000976562 1054.5 1048.86999511719 1094.89001464844 1083.80004882812 1020.04998779297 952.200012207031 935 958.5 1012.94000244141 993.52001953125 957.799987792969 946.25 961.130004882812 985.780029296875 1002.61999511719 970.530029296875 950.580017089844 960.75 953.789978027344 930.119995117188 935.970031738281 936.619995117188 939.109985351562 963.969970703125 991.049987792969 997.489990234375 1007.75 1041.41003417969 1093.44995117188 1114.58996582031 1086.52001953125 1050.81005859375 1044.53002929688 1054.86999511719 1054.48999023438 1038.40002441406 1050.51000976562 1065.52001953125 1028.14001464844 944.200012207031 885.630004882812 856.799987792969 872.640014648438 879.719970703125 848.589965820312 824.02001953125 806.890014648438 812.869995117188
-3.4e+38 -3.4e+38 -3.4e+38 -3.4e+38 1072.36999511719 1069.85998535156 1038.66003417969 1043.07995605469 1068.55004882812 1048.81994628906 980.2900390625 939.510009765625 961.02001953125 980.809997558594 1030.21997070312 1030.80993652344 973.47998046875 947.880004882812 1001.86004638672 1036.67004394531 1044.82995605469 1016.96002197266 993.309997558594 986.359985351562 990.919982910156 990.02001953125 953.450012207031 951.380004882812 993.890014648438 1027.48999023438 1036.61999511719 1031.18005371094 1025.46997070312 1039.58996582031 1076.07995605469 1069.27001953125 1022.59997558594 997.150024414062 1002.02996826172 1023.78997802734 1031.16003417969 1023.69000244141 1034.30004882812 1022.09997558594 991.059997558594 963.969970703125 902.140014648438 860.619995117188 879.27001953125 878.75 855.869995117188 848.200012207031 846.280029296875 835.559997558594
-3.4e+38 -3.4e+38 -3.4e+38 -3.4e+38 1004.35998535156 988.239990234375 1031.30004882812 1079.52001953125 1095.34997558594 1055.30993652344 985.030029296875 963.619995117188 972.119995117188 968.330017089844 990.789978027344 1038.86999511719 1021.13000488281 1019.95001220703 1056.42004394531 1049.10998535156 1047.15002441406 1018.40002441406 1008.98999023438 1017.26000976562 1024.85998535156 1053.61999511719 1018.64001464844 1004.42999267578 1030.31994628906 1036.47998046875 1036.78002929688 1026.53002929688 1007.25 1009.94000244141 1021.38000488281 1007.36999511719 964.700012207031 937.619995117188 956.52001953125 996.7900390625 1031.4599609375 1050.76000976562 1045.08996582031 1012.98999023438 991.450012207031 997.940002441406 938.97998046875 906.910034179688 930.349975585938 913.010009765625 884.820007324219 872.429992675781 879 882.330017089844
-3.4e+38 -3.4e+38 -3.4e+38 -3.4e+38 -3.4e+38 983.440002441406 1027.07995605469 1074.67004394531 1087.11999511719 1048.59997558594 997.559997558594 993.599975585938 989.52001953125 982.539978027344 998.789978027344 1064.7099609375 1052 1038.78002929688 1055.96997070312 1047.89001464844 1032.52001953125 1049.41003417969 1043.5400390625 1054.55993652344 1051.48999023438 1051.7900390625 1074.18994140625 1054.92004394531 1022.50994873047 1000.95001220703 997.720031738281 1000.96002197266 1005.08001708984 999.5 990.829956054688 985.840026855469 954.27001953125 952.530029296875 986.119995117188 1018.83001708984 1056.69995117188 1088.68005371094 1071.22998046875 1036.28002929688 1020.21002197266 1014.65997314453 974.799987792969 947.470031738281 975.809997558594 979.2900390625 929.0400390625 869.97998046875 869.299987792969 889.940002441406
-3.4e+38 -3.4e+38 -3.4e+38 -3.4e+38 -3.4e+38 980.210021972656 1007.83001708984 1012.72003173828 1024.42004394531 1037.97998046875 1059.84997558594 1052.2099609375 1070.83996582031 1064.15002441406 1070.80004882812 1114.23999023438 1096.35998535156 1074.57006835938 1072.06005859375 1063.15002441406 1061.34997558594 1076.35998535156 1055.43005371094 1056.89001464844 1066.52001953125 1059.06994628906 1073.21997070312 1060.07006835938 999.589965820312 950.070007324219 962.700012207031 985.25 980.450012207031 964.720031738281 967.940002441406 971.02001953125 959.760009765625 969.369995117188 1006.66998291016 1046.23999023438 1091.07995605469 1098.41003417969 1060.31005859375 991.659973144531 969.010009765625 963.679992675781 952.609985351562 969.549987792969 994 995.52001953125 937.679992675781 880.529968261719 864.220031738281 876.25
-3.4e+38 -3.4e+38 -3.4e+38 -3.4e+38 -3.4e+38 1032.09997558594 1035.19995117188 1017.48999023438 1031.64001464844 1106.36999511719 1161.31994628906 1122.76000976562 1119.36999511719 1112.90002441406 1155.83996582031 1166.0400390625 1164.32995605469 1168.16003417969 1150.40002441406 1122.89001464844 1091.40002441406 1043.61999511719 1038.21997070312 1039.2099609375 1056.89001464844 1069.60998535156 1065.2900390625 1043.32995605469 1002.79998779297 932.97998046875 956.059997558594 984.839965820312 954.549987792969 947.929992675781 965.210021972656 970.969970703125 982.880004882812 1015.91998291016 1050.2099609375 1089.25 1110.35998535156 1075.93005371094 1023.26000976562 979.580017089844 960.919982910156 948.130004882812 925.179992675781 918.760009765625 941.390014648438 939.710021972656 900.260009765625 889.210021972656 905.02001953125 899.359985351562
-3.4e+38 -3.4e+38 -3.4e+38 -3.4e+38 -3.4e+38 -3.4e+38 1090.43994140625 1104.01000976562 1131.21997070312 1180.52001953125 1191.57006835938 1184.83996582031 1206.57995605469 1179.71997070312 1185.91003417969 1186.42004394531 1183.5 1215.82006835938 1207.56994628906 1167.55004882812 1119.44995117188 1041.93005371094 1013.88000488281 1012.82000732422 1022.34002685547 1025.08996582031 1014.39001464844 991.369995117188 960.469970703125 966.52001953125 981.52001953125 958.760009765625 935.950012207031 951.159973144531 977.989990234375 990.099975585938 1012.41003417969 1058.51000976562 1100.77001953125 1112.43994140625 1105.81994628906 1060.51000976562 1051.88000488281 1023.25 1000.58001708984 972.159973144531 939.640014648438 897.410034179688 874.890014648438 871.719970703125 878.619995117188 900.909973144531 917.830017089844 919.989990234375
-3.4e+38 -3.4e+38 -3.4e+38 -3.4e+38 -3.4e+38 -3.4e+38 1150.52001953125 1170.09997558594 1177.53002929688 1207.66003417969 1209.85998535156 1188.53002929688 1198.60998535156 1191.61999511719 1180.61999511719 1154.96997070312 1131.16003417969 1152.19995117188 1142.47998046875 1096.18994140625 1051.86999511719 993.869995117188 943.619995117188 937.880004882812 928.299987792969 938.469970703125 941.039978027344 913.650024414062 885.619995117188 888.880004882812 895.349975585938 894.339965820312 893.200012207031 884.049987792969 913.530029296875 971.220031738281 1006.10998535156 1042.31994628906 1102.19995117188 1116.02001953125 1090.93005371094 1067.89001464844 1055.71997070312 1029.91003417969 1003.14996337891 990.419982910156 973.539978027344 917.910034179688 876.059997558594 848.72998046875 863.809997558594 900.789978027344 904.880004882812 911.289978027344
-3.4e+38 -3.4e+38 -3.4e+38 -3.4e+38 -3.4e+38 -3.4e+38 -3.4e+38 1104.98999023438 1107.23999023438 1171.27001953125 1211.13000488281 1228.82995605469 1170.18005371094 1167 1162.90002441406 1132.56005859375 1091.68994140625 1068.7900390625 1025.01000976562 984.789978027344 968.25 934.659973144531 891.030029296875 871.640014648438 879.570007324219 903.690002441406 886.390014648438 851.320007324219 832.369995117188 827.330017089844 837.25 857.330017089844 869.570007324219 860.880004882812 883.909973144531 943.400024414062 979.539978027344 998.02001953125 1027.94995117188 1052.01000976562 1046.91003417969 1038.41003417969 1043.17004394531 1028.89001464844 999 976.22998046875 952.210021972656 908.52001953125 865.899963378906 839.510009765625 852.419982910156 905.47998046875 938.580017089844 936.760009765625
-3.4e+38 -3.4e+38 -3.4e+38 -3.4e+38 -3.4e+38 -3.4e+38 -3.4e+38 1062.59997558594 1058.33996582031 1086.10998535156 1110.69995117188 1143.33996582031 1174.67993164062 1120.28002929688 1064.97998046875 1058.26000976562 1048.02001953125 1004.64001464844 972.059997558594 939.649963378906 927.859985351562 889.030029296875 848.909973144531 872.460021972656 903.200012207031 956.5400390625 905.700012207031 864.510009765625 866.140014648438 879.830017089844 882.570007324219 891.080017089844 909.72998046875 934.809997558594 957.239990234375 970.809997558594 978.349975585938 1000.19000244141 1021.45001220703 1021.28997802734 991.47998046875 974.710021972656 976.340026855469 982.659973144531 970.720031738281 939.510009765625 924.77001953125 898.739990234375 898.149963378906 810.010009765625 810.989990234375 866.419982910156 940.219970703125 971.679992675781
-3.4e+38 -3.4e+38 -3.4e+38 -3.4e+38 -3.4e+38 -3.4e+38 -3.4e+38 1031.32995605469 1036.17004394531 1074.28002929688 1090.93005371094 1116.18994140625 1159.84997558594 1090.39001464844 1035.93005371094 1001 1014.23999023438 994.52001953125 943.659973144531 925.350036621094 920.900024414062 890.590026855469 872.919982910156 892.859985351562 931.950012207031 970.859985351562 949.75 877.419982910156 860.700012207031 895.940002441406 912.950012207031 910.719970703125 906.429992675781 938.429992675781 973.22998046875 995.059997558594 1015.08996582031 1036.17004394531 1063.83996582031 1060.10998535156 1023.27996826172 993.570007324219 975.320007324219 964.119995117188 960.010009765625 935.410034179688 898.739990234375 860.630004882812 870.429992675781 859.149963378906 854.280029296875 911.440002441406 947.7900390625 961.130004882812
-3.4e+38 -3.4e+38 -3.4e+38 -3.4e+38 -3.4e+38 -3.4e+38 -3.4e+38 -3.4e+38 1092 1137.16003417969 1146.09997558594 1134.44995117188 1142.9599609375 1123.15002441406 1067.04992675781 991.700012207031 987.700012207031 987.350036621094 948.119995117188 931.619995117188 907.590026855469 892.059997558594 884.440002441406 905.940002441406 932.880004882812 943.5 946.900024414062 903.109985351562 891.710021972656 937.470031738281 942.169982910156 927.619995117188 944.700012207031 976.869995117188 1004.44000244141 1031.44995117188 1048.46997070312 1064.34997558594 1089.57995605469 1080.55004882812 1044.83996582031 1015.60998535156 969.149963378906 960.130004882812 974.619995117188 933.760009765625 881.440002441406 839.27001953125 821.880004882812 871.469970703125 931.869995117188 973.820007324219 1000.03002929688 993.5
