layers/ppt9.asc
NCOLS 292 
NROWS 291 
XLLCORNER -87.6458333327872 
YLLCORNER 24.4791666666667 
CELLSIZE 0.0416666666669039 
NODATA_value -3.4e+38 
[rows 48 to 71 of 291, columns 54 to 107 of 292]
1823.51000976562 1817.93395996094 1819.40600585938 1837.80895996094 1835.44104003906 1822.0849609375 1827.57104492188 1834.59802246094 1796.67907714844 1772.05895996094 1760.28503417969 1761.60705566406 1766.14501953125 1766.0400390625 1763.46105957031 1776.60498046875 1798.59899902344 1834.01696777344 1874.58605957031 1920.04797363281 1916.85302734375 1926.41198730469 1973.75 2026.75903320312 2074.2060546875 2120.62109375 2174.43408203125 2336.33203125 2385.5009765625 2276.73999023438 2211.82104492188 2203.13891601562 2216.48193359375 2217.86791992188 2240.05908203125 2228.13696289062 2213.22998046875 2210.25903320312 2219.50512695312 2212.77197265625 2180.78100585938 2140.18798828125 2114.15087890625 2109.48901367188 2100.01611328125 2099.837890625 2101.42700195312 2092.54809570312 2053.4619140625 2007.89099121094 1977.03503417969 1932.68603515625 1891.63500976562 1849.47302246094
1830.41003417969 1830.11901855469 1828.21801757812 1849.09301757812 1831.16906738281 1822.67004394531 1831.57995605469 1844.23803710938 1804.52795410156 1777.31799316406 1770.94201660156 1768.34802246094 1766.80700683594 1762.51403808594 1752.0830078125 1753.98303222656 1781.74694824219 1846.88696289062 1860.94201660156 1875.74304199219 1884.17004394531 1903.90600585938 1967.56201171875 2066.0810546875 2199.12109375 2282.39404296875 2223.89990234375 2185.70288085938 2180.6689453125 2198.43188476562 2209.76293945312 2206.18994140625 2209.34594726562 2207.7451171875 2205.9609375 2198.56811523438 2201.40795898438 2218.17797851562 2242.71508789062 2210.52392578125 2156.68896484375 2122.830078125 2107.0810546875 2102.65087890625 2094.48803710938 2083.5888671875 2071.30590820312 2047.39196777344 2010.26098632812 1973.27502441406 1969.28198242188 1943.44702148438 1909.76000976562 1872.15295410156
1842.248046875 1843.31994628906 1853.23596191406 1836.63500976562 1822.93896484375 1823.291015625 1822.52502441406 1836.00598144531 1816.76196289062 1790.166015625 1781.501953125 1777.95495605469 1768.81201171875 1753.53393554688 1732.83093261719 1718.64099121094 1733.751953125 1807.88293457031 1851.30200195312 1847.98901367188 1870.15405273438 1901.48498535156 1941.10803222656 1974.58996582031 2041.61804199219 2273.26391601562 2214.69409179688 2124.666015625 2130.82299804688 2168.97509765625 2204.10498046875 2202.13500976562 2196.0888671875 2181.89697265625 2168.89208984375 2168.19604492188 2168.5849609375 2190.59692382812 2215.90893554688 2201.8740234375 2161.19384765625 2107.73388671875 2101.81298828125 2088.70288085938 2085.89794921875 2043.28295898438 2004.91198730469 1980.95104980469 1931.97106933594 1924.53198242188 1924.25 1918.03002929688 1906.544921875 1890.51599121094
1843.71496582031 1854.69799804688 1854.95593261719 1825.53295898438 1825.48303222656 1820.01000976562 1808.42004394531 1810.72302246094 1807.74597167969 1797.2939453125 1790.69702148438 1781.48901367188 1768.42700195312 1749.02502441406 1726.38098144531 1696.82800292969 1689.66796875 1741.626953125 1834.63500976562 1871.51306152344 1918.44897460938 1956.96704101562 1933.11499023438 1927.25402832031 1959.85205078125 2060.6298828125 2127.60302734375 2112.20092773438 2109.02392578125 2136.80493164062 2156.34716796875 2164.93701171875 2146.27905273438 2130.69311523438 2109.52587890625 2101.56103515625 2103.82299804688 2120.80395507812 2140.9130859375 2158.77099609375 2124.375 2101.69604492188 2093.63696289062 2072.7919921875 2007.59301757812 1938.65893554688 1925.2509765625 1923.07995605469 1902.92602539062 1909.69604492188 1906.63598632812 1895.55395507812 1885.31103515625 1891.28796386719
1841.99499511719 1851.31298828125 1833.24194335938 1815.34094238281 1809.47302246094 1804.63098144531 1798.64794921875 1803.10705566406 1804.67004394531 1807.84997558594 1806.46606445312 1792.28002929688 1777.08801269531 1749.93298339844 1727.29992675781 1709.78198242188 1707.80798339844 1735.63305664062 1817.20703125 1882.63293457031 1978.60595703125 1978.4970703125 1914.8310546875 1905.72399902344 1926.17700195312 1969.88403320312 2041.14404296875 2088.94409179688 2090.07202148438 2093.81909179688 2113.85400390625 2117.001953125 2090.85400390625 2072.38598632812 2058.28100585938 2063.10888671875 2072.373046875 2088.17895507812 2109.55395507812 2112.44604492188 2096.4580078125 2096.68188476562 2078.60302734375 2010.01501464844 1941.39099121094 1933.18395996094 1937.82397460938 1925.82800292969 1911.32299804688 1908.23095703125 1902.57592773438 1892.88500976562 1880.01403808594 1885.54895019531
1830.87097167969 1832.18005371094 1820.0419921875 1800.37292480469 1788.248046875 1784.10803222656 1792.01098632812 1795.31298828125 1800.96899414062 1808.14794921875 1805.7939453125 1791.60095214844 1774.05200195312 1745.93798828125 1730.22790527344 1725.76293945312 1735.75402832031 1778.88598632812 1833.46899414062 1883.30603027344 1918.7490234375 1903.72900390625 1874.64099121094 1873.8759765625 1900.07897949219 1937.09802246094 1995.4580078125 2018.93994140625 2015.64599609375 2026.2939453125 2048.77197265625 2053.39599609375 2056.72900390625 2046.11706542969 2040.42602539062 2054.10693359375 2050.06591796875 2060.74194335938 2080.52905273438 2083.76586914062 2092.5830078125 2093.51513671875 2042.6240234375 1989.69396972656 1953.5849609375 1951.06701660156 1951.60498046875 1940.34301757812 1924.80102539062 1914.00805664062 1904.35498046875 1902.77795410156 1894.708984375 1893.90002441406
1820.75207519531 1823.06494140625 1812.14892578125 1796.5810546875 1787.42907714844 1786.12902832031 1788.13305664062 1796.18505859375 1801.10595703125 1796.60095214844 1792.02697753906 1781.1669921875 1765.92895507812 1744.55004882812 1736.77404785156 1744.9560546875 1764.7060546875 1826.80102539062 1900.27502441406 1873.17004394531 1862.13208007812 1868.61206054688 1855.36706542969 1854.88195800781 1869.84204101562 1889.98901367188 1921.43298339844 1943.46496582031 1963.34594726562 1996.89794921875 2017.498046875 2037.38598632812 2056.92895507812 2043.89294433594 2031.29699707031 2039.95397949219 2049.11791992188 2064.0791015625 2071.02905273438 2052.15502929688 2053.3330078125 2055.98510742188 2026.58093261719 1994.8740234375 1979.5400390625 1959.1220703125 1944.82897949219 1940.18701171875 1929.27099609375 1921.3359375 1911.89001464844 1904.04907226562 1902.9140625 1898.23803710938
1810.76403808594 1807.76501464844 1801.82897949219 1791.88403320312 1795.64599609375 1795.26196289062 1801.34204101562 1798.4189453125 1778.44201660156 1758.81896972656 1747.60900878906 1746.5390625 1740.32104492188 1733.46594238281 1737.873046875 1756.93896484375 1815.94396972656 1877.28503417969 1895.43701171875 1854.36401367188 1862.18798828125 1866.9990234375 1853.13598632812 1848.01806640625 1862.80102539062 1885.60302734375 1909.2490234375 1935.34802246094 1965.13305664062 1997.8759765625 2019.541015625 2040.89697265625 2057.8740234375 2044.44396972656 2030.29602050781 2035.71105957031 2055.55493164062 2082.51806640625 2077.5439453125 2044.39001464844 2028.72497558594 2029.14196777344 2018.36206054688 2008.123046875 1994.72998046875 1972.45703125 1955.74096679688 1943.81396484375 1935.76000976562 1928.42602539062 1915.99304199219 1912.19799804688 1905.32800292969 1893.248046875
1791.68408203125 1789.82397460938 1796.45104980469 1801.8310546875 1805.21899414062 1805.71105957031 1804.81298828125 1784.36303710938 1743.51196289062 1712.34606933594 1701.1640625 1702.36401367188 1714.59997558594 1726.68603515625 1737.54895019531 1762.98498535156 1793.45300292969 1818.25903320312 1832.11499023438 1830.09802246094 1845.416015625 1849.88696289062 1854.92700195312 1862.34497070312 1881.31994628906 1901.86999511719 1926.23999023438 1952.33898925781 1979.88098144531 2008.3330078125 2021.77294921875 2025.17199707031 2025.62805175781 2024.50903320312 2024.26098632812 2034.11303710938 2051.77709960938 2064.455078125 2055.1640625 2034.2509765625 2017.50305175781 2009.93798828125 2011.48400878906 2008.17407226562 1992.82592773438 1975.55895996094 1956.63500976562 1948.38500976562 1934.86401367188 1925.38903808594 1918.24597167969 1919.18395996094 1912.00695800781 1900.77502441406
1789.16003417969 1790.96606445312 1791.65808105469 1795.59301757812 1806.76904296875 1808.52099609375 1801.69006347656 1772.18200683594 1735.89099121094 1700.90795898438 1684.07592773438 1684.91796875 1702.85998535156 1723.30004882812 1741.65295410156 1762.47705078125 1767.79296875 1780.05603027344 1800.59802246094 1808.58801269531 1825.21203613281 1843.69299316406 1854.07495117188 1861.14099121094 1877.30102539062 1903.19299316406 1929.97692871094 1952.62902832031 1977.44995117188 2006.05798339844 2017.21301269531 2008.25402832031 2009.23803710938 2013.580078125 2023.15808105469 2034.25903320312 2041.09899902344 2033.70397949219 2024.10095214844 2010.82604980469 2002.59106445312 1997.84497070312 2000.54504394531 1994.86999511719 1983.30200195312 1967.63195800781 1957.46496582031 1949.23095703125 1934.15795898438 1923.2900390625 1919.39599609375 1919.11096191406 1913.05200195312 1920.63708496094
1788.10302734375 1788.52697753906 1789.32897949219 1794.36401367188 1794.53002929688 1796.22302246094 1783.63195800781 1759.40502929688 1729.0830078125 1694.39306640625 1676.82800292969 1688.33605957031 1714.13403320312 1734.88806152344 1753.05603027344 1762.04907226562 1763.2529296875 1775.34094238281 1782.26293945312 1781.77001953125 1794.64904785156 1815.84594726562 1832.05200195312 1843.9150390625 1865.01306152344 1888.51196289062 1918.31994628906 1943.66101074219 1967.2099609375 1996.92797851562 2005.63098144531 2006.10803222656 2005.99694824219 2013.22705078125 2018.86206054688 2021.81201171875 2012.16296386719 2001.87097167969 1997.82202148438 1996.59301757812 1989.25903320312 1984.9150390625 1982.03405761719 1976.79504394531 1966.49694824219 1955.28002929688 1952.92797851562 1944.18603515625 1930.10900878906 1923.35095214844 1921.34497070312 1929.64099121094 1938.46997070312 1941.24597167969
1790.65295410156 1793.33898925781 1790.44702148438 1791.83703613281 1791.94604492188 1789.31103515625 1772.82995605469 1748.3330078125 1702.85998535156 1665.71203613281 1665.18493652344 1686.33203125 1716.26293945312 1747.64404296875 1765.30700683594 1776.05200195312 1777.60705566406 1784.02502441406 1787.28295898438 1788.13806152344 1787.65698242188 1798.79602050781 1820.86596679688 1848.7490234375 1873.70007324219 1897.69799804688 1923.77795410156 1944.40197753906 1959.86206054688 1981.71496582031 1986.43298339844 1987.18701171875 1996.19897460938 2002.61804199219 2008.01208496094 2004.6669921875 1993.2900390625 1988.02404785156 1981.85803222656 1980.17004394531 1973.19299316406 1968.58898925781 1963.98400878906 1961.25 1951.42504882812 1948.20397949219 1944.98901367188 1936.78796386719 1930.73095703125 1927.68005371094 1937.93395996094 1956.72204589844 1955.50207519531 1952.49597167969
1804.40002441406 1795.79699707031 1794.01306152344 1793.06896972656 1789.72497558594 1779.67395019531 1763.35302734375 1729.52001953125 1687.0439453125 1672.22900390625 1677.5810546875 1692.97399902344 1730.91296386719 1778.83801269531 1793.71301269531 1791.65197753906 1796.65502929688 1805.36303710938 1814.49499511719 1818.333984375 1808.60498046875 1814.29907226562 1837.98999023438 1861.25402832031 1887.75 1909.36303710938 1928.21398925781 1940.26000976562 1953.63598632812 1967.56494140625 1970.43493652344 1975.32897949219 1982.07104492188 1988.18798828125 1996.60595703125 1996.31604003906 1984.35803222656 1976.63500976562 1973.71691894531 1972.31604003906 1966.54797363281 1964.10693359375 1958.35302734375 1950.65197753906 1944.63903808594 1942.65502929688 1935.93701171875 1933.61499023438 1933.34704589844 1937.27600097656 1949.30493164062 1968.73596191406 1967.67297363281 1967.79602050781
1821.18005371094 1795.13208007812 1782.30798339844 1780.93603515625 1779.33898925781 1769.18798828125 1757.41101074219 1722.30895996094 1699.7509765625 1695.11694335938 1709.79504394531 1736.43994140625 1773.23999023438 1818.58898925781 1827.58996582031 1825.17504882812 1821.01599121094 1825.02197265625 1837.61694335938 1835.43298339844 1832.05297851562 1843.69897460938 1858.5859375 1876.4599609375 1898.08203125 1915.84594726562 1933.59106445312 1947.83703613281 1963.96398925781 1966.73291015625 1965.6669921875 1971.59497070312 1976.3720703125 1982.37902832031 1985.62805175781 1981.3759765625 1975.79602050781 1969.77600097656 1973.68994140625 1969.75598144531 1965.17797851562 1966.81799316406 1959.03100585938 1952.19396972656 1954.43005371094 1947.58801269531 1938.64599609375 1934.09094238281 1937.94702148438 1954.41796875 1961.83996582031 1980.95703125 1983.73706054688 1977.4150390625
1821.07299804688 1788.86694335938 1774.59899902344 1775.21704101562 1774.88793945312 1765.39404296875 1756.14904785156 1736.666015625 1731.61096191406 1745.53100585938 1774.0390625 1785.24792480469 1804.22497558594 1840.51000976562 1858.84497070312 1862.91198730469 1854.57299804688 1856.80603027344 1857.2099609375 1852.29797363281 1851.90197753906 1856.99499511719 1867.48498535156 1883.06201171875 1901.01696777344 1926.89501953125 1942.29797363281 1958.49206542969 1974.07604980469 1979.15600585938 1975.65002441406 1970.92895507812 1968.52197265625 1974.81799316406 1975.53601074219 1971.33898925781 1967.28601074219 1961.2099609375 1966.44702148438 1970.78002929688 1971.73596191406 1972.36193847656 1967.17504882812 1958.57995605469 1955.26403808594 1947.333984375 1938.84301757812 1941.05700683594 1961.23193359375 1970.28100585938 1974.19702148438 1986.8779296875 1986.90197753906 1976.92102050781
1811.97595214844 1783.48400878906 1776.20495605469 1779.13793945312 1780.4990234375 1774.875 1768.21801757812 1768.77294921875 1776.25793457031 1790.29895019531 1812.91101074219 1814.06005859375 1826.23400878906 1859.71899414062 1878.21997070312 1882.47900390625 1880.04296875 1878.57202148438 1865.166015625 1860.56604003906 1855.85095214844 1852.23498535156 1861.68103027344 1884.62805175781 1909.50793457031 1934.32800292969 1948.9580078125 1966.09802246094 1983.76501464844 1985.73205566406 1976.7529296875 1964.30505371094 1961.67797851562 1969.22399902344 1968.88696289062 1965.08801269531 1963.49792480469 1959.4580078125 1956.65002441406 1968.47497558594 1976.15600585938 1974.87902832031 1973.01708984375 1973.10705566406 1969.64001464844 1960.11193847656 1947.42199707031 1946.93994140625 1959.34899902344 1961.9580078125 1964.67199707031 1974.64697265625 1982.205078125 1977.00903320312
1811.26098632812 1786.52795410156 1775.49304199219 1777.75793457031 1786.49694824219 1791.55895996094 1796.15405273438 1798.65795898438 1811.40295410156 1817.94494628906 1821.64196777344 1820.52001953125 1840.248046875 1871.98205566406 1888.43005371094 1895.64404296875 1889.82202148438 1883.61596679688 1879.69104003906 1877.61303710938 1871.7890625 1864.59106445312 1868.50903320312 1893.66796875 1917.64099121094 1936.28393554688 1950.80395507812 1970.93994140625 1982.44604492188 1979.81298828125 1970.39794921875 1968.50500488281 1972.09899902344 1971.5009765625 1967.75305175781 1964.44396972656 1965.4990234375 1961.35998535156 1962.751953125 1977.13903808594 1988.64501953125 1987.998046875 1982.81896972656 1982.57299804688 1982.666015625 1974.39306640625 1962.32995605469 1948.39196777344 1944.55908203125 1950.65795898438 1958.5830078125 1970.94396972656 1973.94494628906 1973.23205566406
1799.09204101562 1774.52502441406 1764.14697265625 1767.55200195312 1778.83203125 1790.123046875 1800.02502441406 1803.7109375 1811.95300292969 1821.97900390625 1832.71496582031 1832.39807128906 1853.48706054688 1874.72595214844 1877.37902832031 1878.13293457031 1879.09106445312 1886.5029296875 1889.84594726562 1889.90307617188 1891.294921875 1891.18298339844 1881.38806152344 1895.50695800781 1924.17797851562 1941.83605957031 1958.44201660156 1972.56201171875 1985.19897460938 1982.00402832031 1971.17407226562 1965.76098632812 1967.70495605469 1971.11694335938 1968.82104492188 1967.74401855469 1966.35791015625 1964.35705566406 1970.68798828125 1985.5859375 1997.01501464844 1994.47497558594 1989.2890625 1989.65100097656 1987.126953125 1987.85205078125 1976.43798828125 1953.88598632812 1945.18188476562 1947.70593261719 1950.79504394531 1963.15795898438 1968.51696777344 1975.3310546875
-3.4e+38 1755.59497070312 1740.39404296875 1749.24597167969 1767.61303710938 1787.35803222656 1804.76794433594 1813.56799316406 1818.89697265625 1834.80895996094 1846.43505859375 1857.72802734375 1869.37292480469 1879.72595214844 1882.78503417969 1878.43896484375 1885.36706542969 1892.30102539062 1899.75695800781 1899.55798339844 1903.14904785156 1901.71606445312 1904.9169921875 1917.97998046875 1939.82092285156 1962.17492675781 1985.67395019531 1992.31701660156 1990.67700195312 1983.82299804688 1975.38403320312 1970.67895507812 1969.291015625 1966.16003417969 1962.39697265625 1961.19799804688 1963.19897460938 1964.25695800781 1973.69201660156 1984.34301757812 1994.28796386719 1994.29699707031 1987.90991210938 1986 1986.98999023438 1983.33898925781 1970.04296875 1956.22290039062 1943.8359375 1939.93896484375 1943.7080078125 1960.60192871094 1964.43103027344 1977.94702148438
-3.4e+38 1734.16796875 1725.77197265625 1735.46301269531 1766.06604003906 1802.65600585938 1821.69702148438 1835.23999023438 1846.32397460938 1855.64599609375 1860.43701171875 1868.17602539062 1880.68298339844 1886.73193359375 1893.09704589844 1901.6650390625 1906.15100097656 1905.79296875 1908.66296386719 1913.94396972656 1929.11401367188 1932.20397949219 1934.66101074219 1943.58203125 1956.69897460938 1977.29699707031 1993.26794433594 1993.84399414062 1988.34399414062 1984.28796386719 1975.208984375 1970.07104492188 1967.36303710938 1966.98400878906 1963.81604003906 1960.44799804688 1958.93994140625 1962.71496582031 1976.541015625 1988.251953125 1993.21606445312 1991.15295410156 1981.18395996094 1976.03295898438 1978.58996582031 1971.83898925781 1959.48095703125 1952.89294433594 1948.76098632812 1941.46301269531 1936.43896484375 1949.3330078125 1957.82299804688 1966.56604003906
-3.4e+38 1742.97094726562 1742.90295410156 1754.45703125 1778.58801269531 1820.17504882812 1843.81298828125 1850.64599609375 1865.14294433594 1870.64697265625 1878.998046875 1880.69506835938 1892.96496582031 1906.41296386719 1919.94201660156 1931.48693847656 1936.47595214844 1933.52600097656 1925.28295898438 1929.3759765625 1933.26696777344 1936.89501953125 1939.80004882812 1945.47802734375 1959.09497070312 1967.50598144531 1973.68603515625 1977.48303222656 1978.94104003906 1975.89404296875 1970.26696777344 1969.44396972656 1962.67993164062 1958.24096679688 1956.15893554688 1954.23498535156 1955.75598144531 1956.0830078125 1976.06701660156 1989.86096191406 1995.16796875 1992.01794433594 1978.47399902344 1969.70104980469 1965.29699707031 1955.76599121094 1944.54602050781 1946.38793945312 1944.30297851562 1939.67297363281 1939.51794433594 1941.46899414062 1946.19897460938 1955.67199707031
-3.4e+38 1778.08703613281 1780.26196289062 1785.02697753906 1807.43395996094 1847.81604003906 1870.15795898438 1875.70202636719 1882.07495117188 1883.01098632812 1894.98803710938 1901.38806152344 1908.15002441406 1922.09802246094 1937.15002441406 1942.6669921875 1947.39599609375 1945.53393554688 1937.10595703125 1933.00598144531 1931.32800292969 1935.45300292969 1943.13598632812 1947.85498046875 1950.82092285156 1950.90502929688 1952.68603515625 1957.35998535156 1960.77001953125 1961.65002441406 1957.22192382812 1957.4150390625 1956.13098144531 1950.22302246094 1952.05395507812 1953.32592773438 1957.55505371094 1966.166015625 1979.83605957031 1985.69104003906 1987.34106445312 1982.92700195312 1972.90307617188 1963.58898925781 1954.96704101562 1947.17993164062 1937.41296386719 1931.76806640625 1937.29699707031 1937.23400878906 1938.04699707031 1935.78002929688 1934.4560546875 1944.35302734375
-3.4e+38 1817.85900878906 1827.26599121094 1826.26098632812 1840.22302246094 1862.81201171875 1877.25598144531 1888.25805664062 1893.61096191406 1898.82299804688 1907.43798828125 1909.28002929688 1909.76293945312 1916.43395996094 1938.32495117188 1950.39501953125 1952.94494628906 1947.6259765625 1940.20300292969 1933.69604492188 1931.1279296875 1939.13000488281 1945.21301269531 1944.68603515625 1943.10205078125 1944.66101074219 1946.25598144531 1944.55004882812 1947.38305664062 1950.90405273438 1951.60900878906 1953.86401367188 1948.76501464844 1942.31701660156 1945.27001953125 1941.083984375 1945.16101074219 1958.07897949219 1971.98706054688 1976.501953125 1975.14404296875 1966.95703125 1958.64306640625 1950.416015625 1937.36499023438 1931.5 1928.67407226562 1925.2470703125 1921.27099609375 1927.29296875 1925.57104492188 1922.86206054688 1921.15002441406 1929.94299316406
-3.4e+38 -3.4e+38 1865.0439453125 1856.68798828125 1863.77600097656 1873.21008300781 1882.4150390625 1894.17797851562 1900.36901855469 1910.19799804688 1920.13195800781 1924.88696289062 1921.31896972656 1913.876953125 1920.52502441406 1936.17102050781 1936.98303222656 1937.55407714844 1937.68298339844 1937.69604492188 1942.99194335938 1942.26098632812 1944.84301757812 1945.21203613281 1939.00500488281 1932.38000488281 1932.60900878906 1939.47595214844 1943.57690429688 1945.61804199219 1950.126953125 1946.1240234375 1943.74206542969 1941.3740234375 1944.23107910156 1939.71203613281 1944.31396484375 1955.01599121094 1964.75 1964.68200683594 1962.80102539062 1959.13098144531 1950.9169921875 1942.32104492188 1930.52697753906 1923.8740234375 1926.84106445312 1921.50500488281 1915.04602050781 1917.3349609375 1912.13403320312 1907.75793457031 1907.73596191406 1908.8330078125
