layers/ppt9.asc
NCOLS 292 
NROWS 291 
XLLCORNER -87.6458333327872 
YLLCORNER 24.4791666666667 
CELLSIZE 0.0416666666669039 
NODATA_value -3.4e+38 
[rows 72 to 95 of 291, columns 108 to 161 of 292]
1901.1669921875 1920.61096191406 1939.28503417969 1955.99499511719 1964.40905761719 1967.47094726562 1970.0849609375 1968.60998535156 1975.28405761719 1975.82397460938 1973.57299804688 1964.21105957031 1956.82604980469 1955.99597167969 1952.32202148438 1951.5 1949.95092773438 1947.86096191406 1942.95593261719 1934.79992675781 1925.13098144531 1907.50402832031 1893.15197753906 1872.37902832031 1868.85595703125 1866.12097167969 1860.53698730469 1854.42797851562 1847.84204101562 1833.4580078125 1819.90698242188 1808.50695800781 1796.72497558594 1786.31994628906 1783.36193847656 1782.28796386719 1779.94299316406 1772.10302734375 1759.66796875 1745.36804199219 1726.81396484375 1699.74597167969 1670.59802246094 1655.29296875 1633.27404785156 1623.62902832031 1617.90905761719 1605.4140625 1591.85302734375 1587.93798828125 1585.17297363281 1579.86706542969 1575.47998046875 1565.65502929688
1900.23706054688 1916.6650390625 1930.56896972656 1944.41906738281 1958.70300292969 1963.791015625 1965.7060546875 1966.43603515625 1960.49499511719 1963.39807128906 1963.95703125 1959.02197265625 1952.43103027344 1954.31799316406 1952.57202148438 1942.54699707031 1942.74401855469 1938.60400390625 1931.07604980469 1923.9140625 1914.33898925781 1898.07800292969 1884.86999511719 1870.42199707031 1860.11303710938 1855.90502929688 1839.72998046875 1832.74499511719 1827.65893554688 1814.875 1801.4580078125 1782.39294433594 1768.55102539062 1763.53393554688 1765.69396972656 1767.67504882812 1762.29602050781 1745.15502929688 1733.49206542969 1718.42602539062 1692.94604492188 1663.52697753906 1632.9580078125 1617.36499023438 1603.07897949219 1594.72302246094 1594.68798828125 1585.92504882812 1579.61096191406 1578.60595703125 1575.07202148438 1569.1259765625 1564.51306152344 1550.31201171875
1907.62902832031 1920.11804199219 1929.11303710938 1937.56201171875 1946.84204101562 1954.60205078125 1954.55798339844 1954.6240234375 1954.4189453125 1956.65393066406 1962.19104003906 1959.00598144531 1957.14599609375 1957.27001953125 1949.56201171875 1937.57495117188 1933.8740234375 1925.15197753906 1918.67895507812 1911.67797851562 1902.27099609375 1888.28698730469 1875.5 1859.47399902344 1848.82995605469 1836.001953125 1824.00500488281 1815.79992675781 1811.78100585938 1803.69995117188 1790.93603515625 1775.05993652344 1763.46398925781 1759.78198242188 1756.50305175781 1753.4169921875 1745.10595703125 1729.32299804688 1714.47998046875 1689.64599609375 1664.34899902344 1637.5009765625 1607.58703613281 1585.05700683594 1577.1259765625 1572.61999511719 1572.39794921875 1572.9990234375 1567.00695800781 1570.74206542969 1565.48498535156 1559.90295410156 1555.44299316406 1534.35107421875
1917.07702636719 1923.91796875 1927.11499023438 1933.38305664062 1942.63098144531 1943.4560546875 1942.21801757812 1949.84399414062 1952.27795410156 1951.92004394531 1959.39404296875 1962.69702148438 1966.04797363281 1964.81896972656 1947.48803710938 1932.07202148438 1921.58996582031 1909.89294433594 1903.88098144531 1901.94604492188 1893.22399902344 1877.71899414062 1863.82995605469 1852.42504882812 1839.44702148438 1824.80993652344 1811.44104003906 1806.86804199219 1804.01098632812 1793.04406738281 1782.42895507812 1767.32202148438 1757.39599609375 1753.03100585938 1748.85107421875 1740.63098144531 1723.82202148438 1707.94396972656 1692.53295898438 1669.56896972656 1641.69604492188 1614.43395996094 1582.23095703125 1558.51904296875 1544.64501953125 1542.88403320312 1554.89294433594 1561.26599121094 1556.59802246094 1559.75 1559.9580078125 1552.19201660156 1546.29504394531 1526.81298828125
1915.24499511719 1914.169921875 1919.90100097656 1924.15808105469 1920.91003417969 1925.43005371094 1929.56506347656 1935.5 1945.37902832031 1943.583984375 1959.7080078125 1968.76806640625 1966.66296386719 1965.76098632812 1951.14794921875 1931.38903808594 1913.38195800781 1903.01403808594 1893.04602050781 1883.51098632812 1872.63293457031 1860.47705078125 1846.01794433594 1834.2919921875 1827.86694335938 1812.38903808594 1796.84704589844 1785.4189453125 1783.88903808594 1778.67297363281 1771.52197265625 1762.291015625 1749.57800292969 1744.46997070312 1742.79895019531 1732.59204101562 1713.583984375 1692.47802734375 1674.31201171875 1652.06298828125 1627.32702636719 1597.43798828125 1560.48498535156 1528.6650390625 1512.07397460938 1511.15100097656 1526.57995605469 1545.16101074219 1549.86499023438 1553.4150390625 1555.01794433594 1548.2099609375 1538.95703125 1525.7919921875
1905.17602539062 1901.52294921875 1896.86901855469 1893.27294921875 1897.17102050781 1905.91101074219 1913.25695800781 1917.50793457031 1922.04296875 1925.20397949219 1937.95104980469 1954.34301757812 1953.59497070312 1946.64404296875 1932.68505859375 1915.22094726562 1901.92004394531 1889.55407714844 1878.84106445312 1866.39001464844 1857.28002929688 1844.47399902344 1830.70703125 1820.47302246094 1814.81201171875 1801.07897949219 1777.22399902344 1763.53796386719 1759.34899902344 1757.5849609375 1752.16796875 1751.57604980469 1737.9150390625 1731.75805664062 1731.64904785156 1723.28100585938 1702.71801757812 1683.50598144531 1661.53894042969 1638.4599609375 1612.34704589844 1576.77197265625 1536.14196777344 1504.46398925781 1482.15197753906 1480.0419921875 1506.9150390625 1530.34606933594 1542.29895019531 1546.94396972656 1546.26696777344 1543.73706054688 1539.01501464844 1530.02697753906
1891.15698242188 1881.94299316406 1870.74194335938 1868.59204101562 1869.10803222656 1875.91394042969 1888.88195800781 1900.57800292969 1900.77001953125 1902.32592773438 1907.64099121094 1909.25708007812 1910.35705566406 1899.74597167969 1893.06103515625 1886.416015625 1877.97900390625 1870.40893554688 1860.24499511719 1849.28894042969 1839.03601074219 1830.00500488281 1821.56298828125 1808.80102539062 1802.48999023438 1788.51293945312 1769.19494628906 1750.32104492188 1744.84399414062 1743.09094238281 1737.68798828125 1733.87902832031 1723.52795410156 1717.04895019531 1712.31896972656 1702.32702636719 1682.47595214844 1672.47595214844 1655.64794921875 1630.55102539062 1604.33898925781 1568.01000976562 1529.75 1499.7900390625 1480.31103515625 1477.86596679688 1506.36596679688 1525.63195800781 1533.46997070312 1539.34899902344 1546.43200683594 1541.86206054688 1536.99499511719 1534.958984375
1877.80297851562 1863.6708984375 1855.43994140625 1853.3720703125 1853.42504882812 1856.03002929688 1868.00500488281 1878.26794433594 1881.96398925781 1877.96704101562 1867.56103515625 1856.09094238281 1845.73803710938 1839.63305664062 1841.24401855469 1847.52001953125 1853.28198242188 1850.5419921875 1843.99291992188 1833.1689453125 1819.81604003906 1813.67797851562 1809.63598632812 1796.85205078125 1786.291015625 1772.125 1755.42602539062 1737.95703125 1732.86596679688 1730.81701660156 1723.88293457031 1716.70397949219 1703.09204101562 1699.22399902344 1688.94604492188 1683.4150390625 1671.15502929688 1664.10302734375 1647.5 1627.35400390625 1601.60998535156 1572.98706054688 1545.01403808594 1520.23999023438 1505.56701660156 1503.68103027344 1520.23095703125 1531.30395507812 1539.34094238281 1539.59301757812 1541.8310546875 1544.59802246094 1540.41198730469 1539.80200195312
1878.00402832031 1860.06896972656 1847.90698242188 1840.38098144531 1839.32702636719 1847.51000976562 1857.248046875 1863.93395996094 1864.87194824219 1851.57299804688 1837.12097167969 1814.13305664062 1800.97106933594 1794.51501464844 1800.20593261719 1814.33898925781 1827.92004394531 1832.95703125 1828.95300292969 1816.59106445312 1801.13403320312 1794.07800292969 1787.623046875 1773.76806640625 1761.97204589844 1748.73400878906 1729.90893554688 1714.52001953125 1711.36694335938 1709.63098144531 1706.48205566406 1701.53503417969 1685.92297363281 1684.30700683594 1676.1669921875 1667.11499023438 1661.8310546875 1654.53503417969 1637.0009765625 1621.31604003906 1605.78198242188 1584.97204589844 1562.09106445312 1541.60205078125 1530.85705566406 1532.34497070312 1538.48205566406 1539.87805175781 1544.86401367188 1544.1650390625 1543.7919921875 1540.30395507812 1541.21606445312 1543.97497558594
1877.80395507812 1864.71203613281 1851.71105957031 1843.001953125 1840.31799316406 1844.51806640625 1850.67199707031 1854.07397460938 1847.86706542969 1836.15405273438 1821.43103027344 1797.97802734375 1785.8310546875 1777.77600097656 1779.32202148438 1793.04602050781 1809.31298828125 1814.66003417969 1805.40197753906 1794.02697753906 1784.28100585938 1776.00695800781 1762.13000488281 1749.041015625 1727.11499023438 1716.333984375 1702.77001953125 1691.2890625 1685.14404296875 1681.8720703125 1681.8359375 1679.81201171875 1669.07800292969 1663.36999511719 1657.63403320312 1650.58898925781 1644.73498535156 1636.88403320312 1624.79895019531 1610.89294433594 1604.17895507812 1593.41198730469 1577.68200683594 1561.55004882812 1551.71496582031 1551.28405761719 1547.58801269531 1546.06896972656 1548.82897949219 1548.75903320312 1546.54895019531 1543.92504882812 1544.28601074219 1540.28405761719
1875.56396484375 1868.19299316406 1863.69201660156 1856.10205078125 1851.9150390625 1851.65600585938 1850.76599121094 1850.33508300781 1840.37707519531 1827.40405273438 1811.78503417969 1793.498046875 1781.65905761719 1778.00805664062 1775.64294433594 1775.01000976562 1777.40698242188 1781.17199707031 1777.56994628906 1769.53405761719 1759.72094726562 1751.05603027344 1735.24096679688 1724.544921875 1708.00903320312 1691.84497070312 1682.45593261719 1675.23596191406 1668.40893554688 1663.7099609375 1660.46704101562 1661.49304199219 1649.52905273438 1644.29504394531 1636.21398925781 1628.77697753906 1621.6689453125 1618.27404785156 1610.78295898438 1601.45495605469 1593.07495117188 1581.1240234375 1573.13500976562 1564.2080078125 1559.80798339844 1556.38195800781 1549.93603515625 1546.86096191406 1546.86901855469 1548.99499511719 1546.8740234375 1547.52197265625 1545.55700683594 1547.625
1872.60595703125 1866.32495117188 1861.27294921875 1856.62707519531 1853.19299316406 1856.21899414062 1844.251953125 1840.07104492188 1837.43505859375 1818.23999023438 1803.40502929688 1793.3310546875 1781.61303710938 1772.4169921875 1765.53601074219 1758.35998535156 1753.93298339844 1752.15100097656 1749.08996582031 1742.84594726562 1732.68103027344 1726.5009765625 1717.71997070312 1702.30603027344 1683.11206054688 1668.64599609375 1662.36303710938 1653.46997070312 1652.86596679688 1652.94104003906 1653.43200683594 1647.73205566406 1636.125 1629.5439453125 1624.80798339844 1615.63098144531 1605.30200195312 1598.96301269531 1591.42102050781 1584.32495117188 1575.77502441406 1563.748046875 1557.98803710938 1555.98803710938 1553.46496582031 1552.43994140625 1547.7080078125 1546.91796875 1546.59606933594 1552.28601074219 1550.09802246094 1550.17199707031 1551.5029296875 1552.89099121094
1868.43395996094 1862.86999511719 1854.28100585938 1847.25500488281 1845.80200195312 1844.78796386719 1835.18798828125 1828.97106933594 1827.2490234375 1817.36499023438 1803.93896484375 1795.30895996094 1785.27697753906 1774.34497070312 1759.72998046875 1750.63098144531 1745.14294433594 1739.08801269531 1735.73095703125 1730.22998046875 1721.21496582031 1709.61804199219 1700.26098632812 1687.05004882812 1669.748046875 1652.83996582031 1648.26293945312 1640.32299804688 1638.70593261719 1638.77795410156 1640.44201660156 1635.26599121094 1631.53796386719 1620.43896484375 1609.46899414062 1602.62194824219 1592.27001953125 1581.32202148438 1576.85998535156 1569.24597167969 1560.92504882812 1550.51403808594 1542.54699707031 1536.18994140625 1534.794921875 1536.96704101562 1538.55395507812 1544.1240234375 1548.20202636719 1552.60998535156 1552.81396484375 1548.47998046875 1554.65295410156 1555.38000488281
1852.31298828125 1848.47692871094 1842.99304199219 1838.75695800781 1835.97595214844 1835.1279296875 1833.41906738281 1834.96899414062 1829.64294433594 1820.52307128906 1805.42102050781 1790.15197753906 1776.55700683594 1764.23596191406 1750.21203613281 1738.43896484375 1735.43395996094 1730.89306640625 1726.95495605469 1725.4580078125 1718.32897949219 1703.51293945312 1692.07897949219 1679.95703125 1663.49304199219 1644.27795410156 1635.27099609375 1627.93994140625 1623.083984375 1627.23498535156 1636.53198242188 1631.9150390625 1623.74304199219 1616.67895507812 1609.52697753906 1597.75 1583.67395019531 1577.43603515625 1573.02502441406 1568.44506835938 1560.75402832031 1550.19604492188 1543.51599121094 1540.76403808594 1538.11499023438 1532.48400878906 1535.92407226562 1544.49694824219 1545.43395996094 1551.45104980469 1553.30297851562 1549.64599609375 1553.98498535156 1553.833984375
1826.21398925781 1829.38208007812 1828.39404296875 1828.91101074219 1827.66198730469 1831.46801757812 1834.88098144531 1838.48999023438 1833.61804199219 1812.57397460938 1799.88403320312 1782.73596191406 1766.78100585938 1751.10693359375 1735.0009765625 1724.82092285156 1727.06604003906 1728.53698730469 1723.38903808594 1719.14599609375 1713.84606933594 1707.14599609375 1693.84301757812 1682.27697753906 1669.80297851562 1652.80700683594 1639.81604003906 1628.99194335938 1624.59997558594 1624.4990234375 1629.02294921875 1629.44299316406 1622.84899902344 1613.34094238281 1606.18298339844 1596.03198242188 1582.61096191406 1577.81103515625 1576.81799316406 1574.03796386719 1569.8720703125 1562.52697753906 1549.75695800781 1548.25402832031 1547.91198730469 1546.5849609375 1548.50207519531 1551.22302246094 1553.83203125 1555.86193847656 1557.13903808594 1553.57702636719 1553.39001464844 1554.09997558594
1805.51098632812 1807.66003417969 1814.98999023438 1815.84802246094 1819.24694824219 1826.52893066406 1833.57995605469 1837.76403808594 1830.2060546875 1807.97094726562 1799.05493164062 1776.24304199219 1751.86401367188 1735.64794921875 1730.62097167969 1724.49304199219 1721.28601074219 1719.11901855469 1719.21105957031 1715.87194824219 1710.13903808594 1709.43896484375 1703.88696289062 1694.46398925781 1678.22399902344 1660.50903320312 1642.88000488281 1631.53601074219 1623.48303222656 1618.98901367188 1621.00903320312 1618.06298828125 1613.33801269531 1608.06005859375 1599.20495605469 1591.17395019531 1579.47900390625 1577.39196777344 1577.02197265625 1574.81201171875 1574.93994140625 1569.97192382812 1560.34802246094 1555.21594238281 1558.15197753906 1559.67102050781 1566.63403320312 1565.833984375 1565.53393554688 1565.43896484375 1568.80102539062 1562.291015625 1558.99401855469 1558.31201171875
1778.55200195312 1787.77404785156 1791.71496582031 1798.22106933594 1807.08898925781 1813.22399902344 1822.83703613281 1823.48400878906 1816.97692871094 1800.60900878906 1786.36303710938 1768.11596679688 1740.11901855469 1724.48706054688 1721.41296386719 1718.57897949219 1715.26000976562 1709.49499511719 1710.38598632812 1711.07495117188 1710.99597167969 1712.63098144531 1713.52600097656 1702.77502441406 1680.69104003906 1657.10705566406 1639.56994628906 1629.23095703125 1622.36499023438 1617.32299804688 1610.34204101562 1607.40600585938 1599.64404296875 1594.51501464844 1587.92004394531 1584.791015625 1574.13000488281 1572.29406738281 1574.59204101562 1575.19702148438 1579.02697753906 1577.51904296875 1571.89001464844 1567.9609375 1567.76599121094 1574.77795410156 1583.3720703125 1579.42297363281 1579.49304199219 1575.4970703125 1576.92797851562 1574.23803710938 1567.44104003906 1566.28198242188
1752.9169921875 1760.04895019531 1770.07397460938 1781.55798339844 1788.94702148438 1793.083984375 1796.71704101562 1796.21704101562 1792.21704101562 1783.40100097656 1768.88793945312 1754.80200195312 1731.88195800781 1716.64196777344 1715.50695800781 1709.39099121094 1710.15991210938 1704.70202636719 1704.22106933594 1711.98400878906 1717.64196777344 1718.40795898438 1718.76892089844 1704.82495117188 1680.63696289062 1656.70495605469 1641.18493652344 1630.22607421875 1622.84692382812 1611.51403808594 1608.35693359375 1596.0439453125 1587.92797851562 1584.4169921875 1577.94201660156 1568.7060546875 1557.66796875 1563.25500488281 1566.14904785156 1570.65893554688 1575.19702148438 1575.65100097656 1575.92297363281 1577.03002929688 1578.25598144531 1581.23901367188 1589.89794921875 1588.40905761719 1591.4599609375 1590.16003417969 1583.69506835938 1582.36401367188 1578.42797851562 1576.02404785156
1733.748046875 1745.7080078125 1752.419921875 1754.78503417969 1759.75500488281 1764.77001953125 1768.52099609375 1773.05603027344 1771.0400390625 1766.88195800781 1754.53198242188 1733.71704101562 1719.16296386719 1708.39404296875 1701.40197753906 1698.29797363281 1697.55603027344 1698.11499023438 1700.54602050781 1709.81396484375 1718.47802734375 1718.0009765625 1717.3349609375 1698.52404785156 1681.29504394531 1660.35205078125 1644.44897460938 1637.4599609375 1628.92395019531 1618.82202148438 1605.68005371094 1586.32104492188 1580.89196777344 1574.62097167969 1561.9580078125 1551.22607421875 1542.60302734375 1546.86303710938 1552.64501953125 1560.61401367188 1570.65502929688 1573.31799316406 1578.12805175781 1581.93200683594 1581.73303222656 1583.68103027344 1590.17700195312 1595.76098632812 1601.68603515625 1595.75500488281 1591.208984375 1587.86596679688 1589.53100585938 1585.25903320312
1732.26501464844 1738.57604980469 1740.45397949219 1734.26403808594 1739.34899902344 1747.68896484375 1753.75305175781 1754.69604492188 1752.94604492188 1748.76403808594 1734.02001953125 1711.82800292969 1700.44396972656 1693.45495605469 1687.63293457031 1685.291015625 1684.98095703125 1686.29895019531 1691.06506347656 1701.95397949219 1710.22399902344 1709.21398925781 1709.65502929688 1699.5419921875 1679.27404785156 1663.25 1651.23596191406 1643.47998046875 1632.51806640625 1620.28796386719 1603.48901367188 1582.62097167969 1573.43408203125 1562.208984375 1547.37097167969 1532.15405273438 1525.67102050781 1527.13500976562 1535.46691894531 1548.78100585938 1569.09594726562 1580.63500976562 1584.39294433594 1592.15100097656 1592.74597167969 1591.03894042969 1594.73596191406 1599.708984375 1601.51196289062 1599.74694824219 1595.03698730469 1594.57299804688 1596.86706542969 1594.14697265625
1734.13903808594 1734.63305664062 1731.30895996094 1727.748046875 1724.63696289062 1729.06201171875 1732.63098144531 1736.35107421875 1736.52099609375 1728.35498046875 1715.67895507812 1699.39697265625 1687.12194824219 1680.73498535156 1673.583984375 1667.01696777344 1667.63305664062 1670.23303222656 1676.84594726562 1681.20092773438 1690.82397460938 1695.39599609375 1694.31896972656 1685.95495605469 1673.15893554688 1661.46594238281 1653.40295410156 1637.39294433594 1627.21301269531 1616.666015625 1597.7509765625 1582.53698730469 1567.36694335938 1550.39001464844 1533.11499023438 1510.54602050781 1508.44201660156 1511.60498046875 1522.28002929688 1543.14697265625 1565.27502441406 1582.22595214844 1592.41296386719 1598.54699707031 1603.55603027344 1604.39001464844 1605.98706054688 1603.46496582031 1598.85205078125 1596.06298828125 1593.17504882812 1592.91296386719 1595.72692871094 1592.73400878906
1733.66101074219 1725.74499511719 1718.2890625 1714.40698242188 1712.5849609375 1711.69104003906 1716.97497558594 1720.85803222656 1717.81799316406 1711.88293457031 1702.64892578125 1691.04797363281 1678.51904296875 1668.55407714844 1655.40698242188 1648.73400878906 1647.85693359375 1649.59802246094 1648.93505859375 1651.94995117188 1660.19702148438 1662.41198730469 1662.99194335938 1662.22399902344 1656.30895996094 1645.39794921875 1641.4150390625 1634.77294921875 1620.65002441406 1604.9609375 1589.5 1578.83996582031 1567.85595703125 1553.53002929688 1529.65600585938 1507.50500488281 1507.97399902344 1511.68395996094 1523.08203125 1547.46997070312 1573.80700683594 1593.23400878906 1605.55004882812 1608.7490234375 1618.49597167969 1621.33898925781 1621.2080078125 1610.416015625 1599.28503417969 1592.32397460938 1591.18994140625 1591.18701171875 1590.39196777344 1580.6259765625
1729.00903320312 1721.54699707031 1715.38793945312 1705.90100097656 1696.40698242188 1690.93896484375 1694.416015625 1698.62902832031 1697.67199707031 1692.38903808594 1680.62097167969 1674.85498046875 1662.86706542969 1655.22399902344 1640.64904785156 1631.376953125 1624.61596679688 1622.57800292969 1624.3740234375 1627.04699707031 1634.1640625 1633.34692382812 1631.48303222656 1629.39099121094 1625.01293945312 1621.11901855469 1615.47705078125 1611.22399902344 1602.6240234375 1599.14599609375 1592.52600097656 1579.68701171875 1573.45202636719 1565.21704101562 1552.56103515625 1535.1279296875 1520.97595214844 1523.25 1540.001953125 1557.98205566406 1583.09301757812 1603.1689453125 1614.26696777344 1620.78503417969 1631.46301269531 1634.9140625 1634.62707519531 1619.39404296875 1605.59594726562 1595.04797363281 1590.02905273438 1589.9169921875 1581.82995605469 1564.40893554688
1724.09997558594 1713.20104980469 1704.45593261719 1691.75598144531 1681.58898925781 1677.5849609375 1680.98901367188 1690.4140625 1680.24194335938 1675.06896972656 1667.01098632812 1656.09399414062 1643.84997558594 1632.70495605469 1630.82495117188 1618.84997558594 1610.49304199219 1601.30200195312 1596.81604003906 1598.19799804688 1603.09106445312 1607.06799316406 1606.92602539062 1605.89794921875 1604.96606445312 1600.59802246094 1592.90197753906 1591.21301269531 1588.90795898438 1588.00305175781 1578.40502929688 1571.44104003906 1568.72497558594 1564.68505859375 1557.8759765625 1558.13098144531 1550.02697753906 1547.7890625 1553.27697753906 1567.71704101562 1590.86206054688 1607.39306640625 1620.97705078125 1625.41296386719 1634.61096191406 1646.205078125 1650.22595214844 1633.97399902344 1617.72497558594 1602.63598632812 1590.57006835938 1579.48901367188 1562.72998046875 1540.18798828125
