layers/ppt9.asc
NCOLS 292 
NROWS 291 
XLLCORNER -87.6458333327872 
YLLCORNER 24.4791666666667 
CELLSIZE 0.0416666666669039 
NODATA_value -3.4e+38 
[rows 24 to 47 of 291, columns 216 to 269 of 292]
1531.49597167969 1537.4189453125 1541.31896972656 1548.05798339844 1552.47497558594 1553.19006347656 1555.52099609375 1554.64904785156 1551.33898925781 1555.98400878906 1561.208984375 1566.06896972656 1571.05993652344 1566.9150390625 1571.60498046875 1576.45300292969 1582.46496582031 1590.07006835938 1597.69799804688 1604.02197265625 1617.51501464844 1631.38000488281 1639.57995605469 1639.81396484375 1633.7490234375 1619.30297851562 1611.29699707031 1609.18505859375 1609.88305664062 1608.67602539062 1610.43505859375 1609.46203613281 1605.82897949219 1602.76196289062 1603.97802734375 1609.77697753906 1617.92797851562 1626.12292480469 1627.93505859375 1631.64001464844 1629.23901367188 1626.38903808594 1625.89099121094 1626.46801757812 1625.70007324219 1626.60595703125 1630.73901367188 1641.26696777344 1648.32299804688 1645.53198242188 1639.69494628906 1625.24096679688 1608.1669921875 1600.76000976562
1528.17395019531 1533.23803710938 1540.7900390625 1547.52893066406 1552.88598632812 1555.32495117188 1549.28698730469 1549.02795410156 1553.84301757812 1558.76306152344 1563.08203125 1566.97998046875 1570.22204589844 1565.80908203125 1569.88598632812 1575.38598632812 1581.7939453125 1594.03198242188 1601.96398925781 1613.80505371094 1629.62805175781 1645.75 1651.49096679688 1650.07995605469 1644.49401855469 1626.14196777344 1614.21801757812 1610.34594726562 1610.98999023438 1607.92895507812 1605.64001464844 1603.29602050781 1602.67895507812 1602.90502929688 1603.14599609375 1609.60302734375 1617.20092773438 1624.54895019531 1626.57897949219 1626.86694335938 1625.56005859375 1628.04699707031 1626.48901367188 1625.56604003906 1622.74597167969 1621.66101074219 1626.78295898438 1639.08203125 1646.76599121094 1644.35803222656 1640.13000488281 1629.7080078125 1613.86596679688 1602.43603515625
1534.2919921875 1532.13098144531 1535.3349609375 1538.34301757812 1544.88598632812 1549.63098144531 1547.88696289062 1550.69006347656 1554.30200195312 1557.47900390625 1556.875 1555.52795410156 1558.13903808594 1561.89501953125 1563.46704101562 1569.80895996094 1578.69995117188 1593.27197265625 1601.34094238281 1613.98706054688 1626.13500976562 1637.01501464844 1640.68994140625 1639.36804199219 1634.9580078125 1621.64294433594 1609.05700683594 1603.90100097656 1601.97998046875 1600.19201660156 1598.7529296875 1599.34094238281 1599.4599609375 1602.96704101562 1606.5400390625 1609.0830078125 1616.90100097656 1621.70703125 1618.55603027344 1618.82397460938 1620.71496582031 1623.34399414062 1625.22705078125 1624.19396972656 1621.58203125 1620.58703613281 1624.19799804688 1630.09704589844 1634.95495605469 1637.19702148438 1637.51403808594 1627.16101074219 1615.50903320312 1606.97094726562
1533.3779296875 1534.88598632812 1536.46801757812 1541.40600585938 1540.06103515625 1540.46704101562 1544.84204101562 1549.50500488281 1553.85693359375 1558.80798339844 1558.54895019531 1559.76904296875 1561.03393554688 1563.58703613281 1566.63598632812 1573.06298828125 1581.99597167969 1589.4609375 1595.083984375 1604.98706054688 1611.94201660156 1611.26501464844 1617.32702636719 1615.25 1613.64794921875 1605.40795898438 1598.76000976562 1595.71398925781 1593.95397949219 1595.55798339844 1597.60498046875 1599.2490234375 1602.46301269531 1605.07604980469 1607.79296875 1609.92199707031 1610.27697753906 1610.34497070312 1612.24194335938 1612.376953125 1611.54406738281 1610.62194824219 1612.24304199219 1615.59802246094 1617.2890625 1620.59802246094 1621.20703125 1622.91796875 1625.9970703125 1633.03393554688 1632.11999511719 1621.7900390625 1614.97094726562 1609.53002929688
1535.6650390625 1540.51806640625 1541.90002441406 1541.72900390625 1542.82604980469 1546.97998046875 1550.20397949219 1554.91198730469 1555.77600097656 1558.98901367188 1560.10803222656 1563.07702636719 1565.51794433594 1565.91101074219 1570.875 1578.05395507812 1587.01794433594 1593.64001464844 1597.875 1603.93896484375 1607.53198242188 1603.86193847656 1607.36193847656 1606.46301269531 1602.30700683594 1592.35095214844 1587.94006347656 1586.44104003906 1587.66198730469 1591.97900390625 1595.15502929688 1596.45495605469 1599.44299316406 1603.52905273438 1605.92700195312 1607.1259765625 1604.63903808594 1605.45202636719 1606.26293945312 1606.07604980469 1605.40405273438 1604.61804199219 1602.93103027344 1602.0029296875 1604.70703125 1609.73205566406 1615.23596191406 1619.26904296875 1621.95397949219 1623.208984375 1623.1259765625 1618.73901367188 1614.22399902344 1607.86499023438
1541.97900390625 1544.02502441406 1542.88903808594 1546.15502929688 1551.8349609375 1556.7099609375 1558.43798828125 1560.58801269531 1564.83996582031 1566.39404296875 1567.31896972656 1567.06604003906 1564.76306152344 1570 1575.25500488281 1581.96203613281 1589.91296386719 1599.21301269531 1602.85302734375 1604.39099121094 1605.7890625 1601.91003417969 1602.63098144531 1599.22192382812 1590.95397949219 1583.11804199219 1579.18994140625 1580 1585.05297851562 1590.541015625 1594.35998535156 1596.11694335938 1597.43505859375 1599.1689453125 1601.65100097656 1606.47900390625 1607.22106933594 1604.30700683594 1605.36206054688 1605.55603027344 1604.65600585938 1602.17199707031 1597.35302734375 1594.28100585938 1594.67102050781 1597.29602050781 1603.12902832031 1611.74096679688 1618.35998535156 1619.80493164062 1619.24096679688 1618.376953125 1613.47399902344 1606.89404296875
1539.80200195312 1541.25402832031 1544.27905273438 1547.748046875 1557.64306640625 1561.33203125 1564.10900878906 1565.98901367188 1569.55603027344 1574.208984375 1576.96203613281 1574.58996582031 1568.97595214844 1571.56396484375 1579.92297363281 1584.49499511719 1589.31494140625 1600.85205078125 1605.85998535156 1605.98706054688 1605.18994140625 1599.90905761719 1598.97204589844 1598.001953125 1588.35900878906 1581.22094726562 1578.42199707031 1577.74597167969 1581.91101074219 1589.76501464844 1597.38305664062 1599.41101074219 1598.7060546875 1601.9580078125 1606.19897460938 1608.0810546875 1611.22802734375 1609.16003417969 1608.17895507812 1606.29504394531 1605.41198730469 1602.89099121094 1598.86999511719 1595.08898925781 1594.04504394531 1596.36499023438 1602.25402832031 1611.61596679688 1619.50402832031 1623.2080078125 1622.42895507812 1620.97399902344 1615.81494140625 1609.7939453125
1533.53503417969 1534.9189453125 1533.97998046875 1540.79895019531 1547.78601074219 1553.44299316406 1560.82202148438 1564.29504394531 1569.9580078125 1574.72802734375 1577.68505859375 1581.46801757812 1579.40795898438 1577.63903808594 1582.45300292969 1587.52099609375 1591.79699707031 1602.34301757812 1608.18005371094 1604.52099609375 1604.69897460938 1600.10900878906 1599.49304199219 1599.81201171875 1591.51501464844 1585.89404296875 1582.75805664062 1583.41394042969 1586.94995117188 1593.48095703125 1598.84594726562 1600.83605957031 1605.7060546875 1606.4560546875 1610.91101074219 1614.64794921875 1615.52294921875 1616.90600585938 1613.6650390625 1613.31103515625 1611.77294921875 1607.51501464844 1604.1240234375 1602.09204101562 1601.83703613281 1605.46606445312 1612.41796875 1619.66198730469 1625.4169921875 1628.5830078125 1627.86596679688 1626.55798339844 1623.11096191406 1616.94799804688
1537.94201660156 1538.93005371094 1540.05395507812 1540.85693359375 1543.57202148438 1548.25305175781 1553.43395996094 1554.09899902344 1559.20593261719 1564.6650390625 1568.91906738281 1571.28601074219 1575.72302246094 1583.46398925781 1589.4560546875 1592.98095703125 1600.49597167969 1606.51696777344 1612.13903808594 1612.31994628906 1610.44702148438 1605.63500976562 1605.18103027344 1603.06506347656 1595.49194335938 1591.93701171875 1591.46496582031 1591.26696777344 1593.00903320312 1598.88195800781 1601.17297363281 1606.20202636719 1611.63500976562 1615.52001953125 1615.8359375 1619.13793945312 1622.32702636719 1623.00500488281 1623.06396484375 1622.31799316406 1620.51794433594 1618.97595214844 1617.69702148438 1615.91198730469 1617.37805175781 1622.28698730469 1626.81201171875 1631.16796875 1634.48693847656 1636.17102050781 1636.376953125 1633.79504394531 1631.85498046875 1626.72998046875
1545.63903808594 1549.96704101562 1545.61596679688 1547.47900390625 1548.39599609375 1550.81298828125 1555.91198730469 1556.70703125 1559.7509765625 1565.79797363281 1571.15100097656 1573.98498535156 1578.15002441406 1583.15197753906 1587.91198730469 1594.70397949219 1600.42895507812 1603.18896484375 1607.81896972656 1611.66198730469 1613.94494628906 1612.47399902344 1609.19799804688 1603.86499023438 1599.28698730469 1597.09301757812 1595.19702148438 1589.79895019531 1594.15307617188 1603.15893554688 1611.59094238281 1616.60095214844 1621.3330078125 1625.84704589844 1626.71899414062 1626.54699707031 1629.83203125 1631.44897460938 1630.28503417969 1628.61694335938 1627.09899902344 1627.94702148438 1628.52404785156 1628.57397460938 1631.34594726562 1638.17297363281 1642.78002929688 1644.4609375 1644.83203125 1646.96997070312 1645.60900878906 1642.2509765625 1638.69299316406 1635.60205078125
1554.48693847656 1553.92993164062 1550.99499511719 1550.34997558594 1552.81701660156 1556.32299804688 1559.34399414062 1560.98193359375 1562.74194335938 1567.791015625 1573.19299316406 1580.83801269531 1582.66906738281 1587.84704589844 1591.60498046875 1601.40795898438 1609.55395507812 1609.49401855469 1612.68395996094 1617.56201171875 1619.03796386719 1613.08801269531 1612.59802246094 1608.6650390625 1601.55102539062 1595.65295410156 1594.38403320312 1594.541015625 1602 1613.90795898438 1624.94104003906 1631.82800292969 1635.67395019531 1636.98303222656 1639.23400878906 1634.92004394531 1633.17700195312 1632.94604492188 1632.27404785156 1632.80700683594 1634.53002929688 1637.76000976562 1639.65795898438 1640.20104980469 1642.16003417969 1647.30395507812 1653.87194824219 1658.03601074219 1658.61706542969 1659.55395507812 1656.41796875 1651.97802734375 1649.83605957031 1647.85998535156
1562.10998535156 1557.09301757812 1557.03405761719 1557.97802734375 1557.06896972656 1558.42797851562 1562.40795898438 1565.73498535156 1566.86096191406 1572.58203125 1583.11206054688 1583.54797363281 1590.35595703125 1597.67797851562 1602.12194824219 1609.88293457031 1620.42504882812 1620.24401855469 1619.61999511719 1621.21606445312 1622.71997070312 1617.72998046875 1615.76599121094 1611.84594726562 1601.91296386719 1602.76403808594 1601.76501464844 1604.51196289062 1616.2919921875 1629.14501953125 1636.419921875 1640.42700195312 1642.53100585938 1642.32995605469 1641.53198242188 1639.32299804688 1635.22998046875 1635.65295410156 1635.19201660156 1636.08703613281 1639.70495605469 1645.916015625 1651.39196777344 1656.083984375 1659.26098632812 1665.02099609375 1671.80493164062 1675.31298828125 1675.11096191406 1671.46301269531 1666.03100585938 1663.14404296875 1656.47497558594 1652.4580078125
1563.52001953125 1558.97802734375 1557.47705078125 1557.76696777344 1561.86706542969 1561.04895019531 1564.61694335938 1569.42102050781 1573.71997070312 1584.94299316406 1586.61499023438 1589.56799316406 1598.64794921875 1608.14196777344 1614.05297851562 1622.72595214844 1634.53100585938 1636.501953125 1632.69104003906 1630.4580078125 1626.64697265625 1623.041015625 1618.78601074219 1613.333984375 1608.80200195312 1598.42199707031 1600.60498046875 1610.64501953125 1620.68994140625 1629.34997558594 1634.02294921875 1635.78491210938 1637.77001953125 1641.36804199219 1641.63793945312 1640.18908691406 1634.96801757812 1632.38696289062 1632.916015625 1635.70593261719 1643.24401855469 1655.3330078125 1665.67602539062 1675.37194824219 1683.68505859375 1690.48706054688 1695.01794433594 1696.70202636719 1691.93395996094 1681.791015625 1672.97595214844 1661.92297363281 1660.06701660156 1666.09497070312
1570.28198242188 1565.88403320312 1561.86901855469 1559.35693359375 1561.99291992188 1564.98400878906 1565.56298828125 1567.11694335938 1575.15795898438 1587.40502929688 1589.03393554688 1597.63806152344 1606.32495117188 1618.001953125 1628.21997070312 1642.84997558594 1657.59399414062 1657.9599609375 1649.88305664062 1639.68896484375 1632.37194824219 1622.61303710938 1617.5439453125 1617.03295898438 1614.27697753906 1605.73095703125 1607.13500976562 1614.21398925781 1621.30200195312 1626.15905761719 1628.11499023438 1627.94702148438 1628.92395019531 1629.62805175781 1635.47094726562 1638.19702148438 1632.65295410156 1631.95300292969 1632.04699707031 1635.75598144531 1643.86804199219 1656.48596191406 1668.72497558594 1676.38793945312 1683.93798828125 1688.79406738281 1690.96496582031 1692.95703125 1686.24194335938 1672.24304199219 1662.57006835938 1663.24597167969 1667.35302734375 1674.28295898438
1578.35900878906 1574.794921875 1569.98706054688 1563.78601074219 1559.74096679688 1558.41198730469 1559.23803710938 1565.01196289062 1571.75207519531 1576.20104980469 1586.52600097656 1600.54504394531 1611.07995605469 1624.9970703125 1642.29699707031 1664.09301757812 1682.75402832031 1682.041015625 1664.90600585938 1644.90893554688 1630.99597167969 1622.46105957031 1619.53796386719 1617.77502441406 1615.91796875 1606.18603515625 1607.22302246094 1610.54296875 1615.43395996094 1617.69299316406 1618.23498535156 1619.28198242188 1622.10095214844 1623.64697265625 1626.02795410156 1631.09692382812 1632.10205078125 1630.44799804688 1631.87292480469 1635.30297851562 1644.09997558594 1652.26696777344 1661.67102050781 1668.81201171875 1676.76501464844 1681.46496582031 1686.34399414062 1687.79699707031 1672.84899902344 1663.45300292969 1663.30102539062 1668.11096191406 1668.96899414062 1670.53503417969
1576.45007324219 1576.56604003906 1573.17700195312 1568.34997558594 1565.03796386719 1561.07995605469 1559.63305664062 1561.9150390625 1569.5029296875 1570.81201171875 1580.62902832031 1596.79296875 1610.38598632812 1624.38696289062 1646.3349609375 1672.63903808594 1694.44604492188 1691.68298339844 1666.92102050781 1642.0419921875 1626.82800292969 1620.31396484375 1615.5400390625 1612.14196777344 1607.75903320312 1601.32995605469 1600.65002441406 1601.23205566406 1604.42895507812 1608.68994140625 1613.17102050781 1617.0810546875 1620.84899902344 1618.26696777344 1616.62902832031 1615.34899902344 1619.55798339844 1621.21997070312 1621.69104003906 1628.5009765625 1640.01794433594 1653.96997070312 1667.12194824219 1674.68103027344 1677.31896972656 1674.92297363281 1674.42602539062 1673.47802734375 1667.15698242188 1668.17797851562 1668.11303710938 1664.11999511719 1661.22106933594 1666.98596191406
1573.13000488281 1574.71203613281 1573.72302246094 1571.52099609375 1568.04602050781 1566.583984375 1567.81701660156 1567.94995117188 1569.58203125 1569.30700683594 1579.67004394531 1593.65795898438 1606.57604980469 1620.35705566406 1634.78796386719 1653.81701660156 1669.833984375 1663.65502929688 1641.54895019531 1621.2470703125 1611.09899902344 1604.70300292969 1601.59301757812 1600.01000976562 1595.32495117188 1594.79504394531 1591.96398925781 1595.04895019531 1600.17895507812 1606.85998535156 1613.94006347656 1617.998046875 1612.3759765625 1602.30603027344 1596.09594726562 1598.21301269531 1604.16796875 1611.11096191406 1615.89794921875 1621.5810546875 1631.60498046875 1645.38098144531 1666.98901367188 1682.36804199219 1689.22692871094 1689.52197265625 1687.69702148438 1683.52099609375 1678.38000488281 1673.84399414062 1668.39099121094 1655.36901855469 1658.72998046875 1665.58801269531
1567.64001464844 1572.69201660156 1573.47497558594 1573.38806152344 1573.78198242188 1571.09106445312 1571.291015625 1575.99792480469 1576.373046875 1573.31201171875 1579.46997070312 1589.52795410156 1599.8720703125 1609.82202148438 1616.15893554688 1623.04699707031 1626.60302734375 1619.43005371094 1601.25 1583.99597167969 1575.47204589844 1575.15100097656 1579.791015625 1582.98095703125 1581.87097167969 1582.54699707031 1587.67199707031 1591.51599121094 1597.81799316406 1605.08801269531 1610.00903320312 1607.041015625 1600.21606445312 1593.82702636719 1585.36804199219 1582.27600097656 1581.88696289062 1586.81506347656 1587.72900390625 1592.14501953125 1605.06701660156 1620.40197753906 1645.57104492188 1672.30004882812 1684.0439453125 1693.02893066406 1695.88098144531 1694 1687.23205566406 1678.06494140625 1662.11303710938 1660.46997070312 1663.5810546875 1668.4169921875
1565.48706054688 1566.33996582031 1568.85693359375 1572.85400390625 1574.40197753906 1576.46899414062 1578.71899414062 1580.69104003906 1580.80590820312 1582.958984375 1583.74597167969 1588.44506835938 1592.84997558594 1596.38903808594 1599.19091796875 1599.41296386719 1595.30200195312 1582.86804199219 1556.92395019531 1534.10095214844 1528.65197753906 1535.31396484375 1550.01599121094 1560.09899902344 1567.58203125 1571.1640625 1579.40100097656 1584.96496582031 1591.44104003906 1595.20202636719 1590.9990234375 1585.05700683594 1574.30895996094 1559.51794433594 1551.81103515625 1549.64001464844 1552.8349609375 1562.26599121094 1571.60498046875 1587.90795898438 1605.58203125 1621.14599609375 1639.70397949219 1657.0810546875 1672.76599121094 1688.8740234375 1695.19396972656 1695.98303222656 1691.57702636719 1680.22204589844 1674.06896972656 1671.82202148438 1672.2490234375 1665.20190429688
1558.66003417969 1560.02502441406 1561.47399902344 1567.22497558594 1572.626953125 1574.34204101562 1580.833984375 1586.001953125 1584.916015625 1588.01000976562 1591.0390625 1590.52099609375 1590.44799804688 1591.22998046875 1588.8759765625 1585.34497070312 1579.01098632812 1556.6689453125 1523.57800292969 1490.02905273438 1485.4189453125 1508.65905761719 1529.62097167969 1545.93896484375 1557.74499511719 1565.73291015625 1572.291015625 1579.85803222656 1574.72900390625 1566.04296875 1557.30004882812 1550.48901367188 1539.48205566406 1531.65295410156 1529.77294921875 1534.09594726562 1541.74304199219 1553.81701660156 1569.59704589844 1588.50500488281 1610.81701660156 1633.95397949219 1658.92602539062 1682.32495117188 1701.06005859375 1713.54296875 1716.55505371094 1712.33898925781 1704.26599121094 1697.7509765625 1689.26000976562 1683.83898925781 1674.80700683594 1661.89904785156
1549.75695800781 1550.74096679688 1553.43298339844 1558.48400878906 1563.6669921875 1568.89404296875 1574.17102050781 1585.30798339844 1589.09802246094 1586.18994140625 1587.05407714844 1591.25500488281 1593.29602050781 1593.63598632812 1588.63403320312 1581.26196289062 1572.40698242188 1554.09802246094 1522.10693359375 1491.93200683594 1485.48596191406 1503.02001953125 1521.44396972656 1535.63293457031 1544.94104003906 1551.84497070312 1557.34497070312 1557.2060546875 1553.17602539062 1544.85205078125 1533.98095703125 1519.78698730469 1509.62902832031 1505.84704589844 1508.18200683594 1515.63000488281 1528.27795410156 1545.87902832031 1566.96496582031 1591.86596679688 1617.42602539062 1644.30993652344 1672.65002441406 1699.70703125 1724.18395996094 1738.17199707031 1741.23498535156 1737.48303222656 1725.90600585938 1710.96496582031 1700.10705566406 1688.29699707031 1674.31005859375 -3.4e+38
1540.44897460938 1542.74694824219 1544.80895996094 1548.39904785156 1553.26403808594 1558.53405761719 1566.94995117188 1577.60693359375 1583.67797851562 1582.23803710938 1588.63806152344 1594.24499511719 1598.10595703125 1597.10705566406 1592.24597167969 1584.60900878906 1579.90197753906 1562.30297851562 1538.88305664062 1517.00305175781 1507.26403808594 1512.74401855469 1516.3740234375 1522.03295898438 1530.96203613281 1538.21606445312 1546.88903808594 1548.52697753906 1541.96203613281 1527.07299804688 1511.34802246094 1497.87902832031 1487.748046875 1481.75695800781 1486.31701660156 1496.50805664062 1514.48706054688 1538.42602539062 1564.65100097656 1591.98193359375 1619.77099609375 1648.08801269531 1676.29797363281 1702.68200683594 1724.21704101562 1738.5 1742.876953125 1738.7119140625 1728.78503417969 1716.65795898438 1702.65795898438 1686.60803222656 1672.791015625 -3.4e+38
1534.59204101562 1535.20495605469 1537.23901367188 1540.7900390625 1547.45593261719 1554.58996582031 1560.375 1569.81005859375 1586.96704101562 1588.38000488281 1593.43896484375 1599.09008789062 1602.02502441406 1596.30102539062 1589.90405273438 1582.30798339844 1573.8349609375 1559.73303222656 1546.39599609375 1533.07202148438 1526.07702636719 1522.40808105469 1517.15502929688 1525.49304199219 1536.98400878906 1544.02197265625 1540.98400878906 1540.19299316406 1533.13500976562 1519.53198242188 1506.22802734375 1490.40905761719 1476.32604980469 1471.26501464844 1474.09301757812 1485.42102050781 1505.85302734375 1532.54699707031 1560.88598632812 1589.80895996094 -3.4e+38 -3.4e+38 -3.4e+38 -3.4e+38 -3.4e+38 -3.4e+38 -3.4e+38 -3.4e+38 -3.4e+38 1707.4150390625 1695.65405273438 1682.4189453125 -3.4e+38 -3.4e+38
1536.98095703125 1534.85693359375 1534.21704101562 1539.05908203125 1547.84008789062 1558.87805175781 1564.94995117188 1569.67700195312 1582.81994628906 1591.66003417969 1595.11804199219 1597.21203613281 1598.05395507812 1594.54895019531 1586.22399902344 1577.08801269531 1568.083984375 1558.18395996094 1548.77001953125 1541.01196289062 1536.97802734375 1528.69396972656 1534.33898925781 1540.95104980469 1544.95104980469 1540.98095703125 1537.4560546875 1534.75598144531 1528.96105957031 1521.52502441406 1506.74194335938 1493.84594726562 1482.85095214844 1476.916015625 1479.58703613281 1492.06604003906 -3.4e+38 -3.4e+38 -3.4e+38 -3.4e+38 -3.4e+38 -3.4e+38 -3.4e+38 -3.4e+38 -3.4e+38 -3.4e+38 -3.4e+38 -3.4e+38 -3.4e+38 -3.4e+38 1685.60595703125 -3.4e+38 -3.4e+38 -3.4e+38
