layers/ppt9.asc
NCOLS 292 
NROWS 291 
XLLCORNER -87.6458333327872 
YLLCORNER 24.4791666666667 
CELLSIZE 0.0416666666669039 
NODATA_value -3.4e+38 
[rows 216 to 239 of 291, columns 108 to 161 of 292]
-3.4e+38 -3.4e+38 -3.4e+38 -3.4e+38 -3.4e+38 -3.4e+38 -3.4e+38 -3.4e+38 -3.4e+38 -3.4e+38 -3.4e+38 -3.4e+38 -3.4e+38 1361.13403320312 1377.5009765625 1404.36999511719 1424.68896484375 1443.8330078125 1451.56494140625 1460.38293457031 1473.16796875 1491.80297851562 1509.35302734375 1511.33801269531 1501.98303222656 1480.86499023438 1450.52001953125 1418.9580078125 1391.22302246094 1370.03796386719 1352.21203613281 1341.12805175781 1340.47900390625 1340.625 1338.23596191406 1338.82897949219 1337.23400878906 1335.72900390625 1335.02099609375 1337.84997558594 1346.98803710938 1354.84594726562 1359.68103027344 1362.90698242188 1366.89196777344 1371.20703125 1381.55395507812 1405.96301269531 1428.28894042969 1444.35498046875 1445.06201171875 1438.62292480469 1435.55700683594 1437.92199707031
-3.4e+38 -3.4e+38 -3.4e+38 -3.4e+38 -3.4e+38 -3.4e+38 -3.4e+38 -3.4e+38 -3.4e+38 -3.4e+38 -3.4e+38 -3.4e+38 1359.2919921875 1351.60803222656 1362.85803222656 1388.97497558594 1413.08203125 1435.31103515625 1447.05102539062 1453.78198242188 1467.61791992188 1487.38098144531 1505.4560546875 1506.64501953125 1497.66003417969 1478.37097167969 1448.43505859375 1417.60205078125 1390.32800292969 1364.208984375 1344.94995117188 1339.251953125 1336.98999023438 1333.7109375 1338.11096191406 1342.19299316406 1337.2890625 1335.90893554688 1335.54602050781 1339.15795898438 1348.98803710938 1354.64501953125 1355.56201171875 1354.03295898438 1356.53796386719 1356.1689453125 1367.51904296875 1395.751953125 1418.60998535156 1440.73596191406 1452.03295898438 1447.39099121094 1439.43395996094 1436.47497558594
-3.4e+38 -3.4e+38 -3.4e+38 -3.4e+38 -3.4e+38 -3.4e+38 -3.4e+38 -3.4e+38 -3.4e+38 -3.4e+38 1521.66296386719 1465.001953125 1395.81201171875 1353.13293457031 1353.166015625 1372.04602050781 1399.66296386719 1424.74499511719 1439.98095703125 1451.42407226562 1461.59399414062 1476.82299804688 1490.76196289062 1495.83203125 1486.85498046875 1467.14904785156 1436.92700195312 1408.55993652344 1385.7060546875 1365.48706054688 1352.39404296875 1343.79296875 1338.65405273438 1337.98901367188 1338.7919921875 1339.416015625 1337.66101074219 1339.05505371094 1337.81896972656 1342.68701171875 1349.90197753906 1352.01196289062 1348.14501953125 1345.28894042969 1344.09704589844 1341.50708007812 1350.97998046875 1374.34997558594 1398.80395507812 1424.73901367188 1437.44299316406 1435.61096191406 1430.15295410156 1428.15295410156
-3.4e+38 -3.4e+38 -3.4e+38 -3.4e+38 -3.4e+38 -3.4e+38 -3.4e+38 -3.4e+38 -3.4e+38 -3.4e+38 -3.4e+38 1565.90905761719 1484.86804199219 1400.26599121094 1369.00305175781 1374.40002441406 1397.27001953125 1425.59301757812 1443.45495605469 1455.24597167969 1461.97106933594 1466.6650390625 1473.17797851562 1475.05993652344 1466.40502929688 1448.65405273438 1427.30200195312 1408.77600097656 1384.28698730469 1366.71899414062 1356.00598144531 1350.63598632812 1345.17102050781 1339.88098144531 1338.90795898438 1338.00695800781 1336.49694824219 1337.13293457031 1339.88696289062 1345.89001464844 1354.39599609375 1351.77404785156 1346.19897460938 1344.61303710938 1336.40002441406 1331.4599609375 1338.94995117188 1354.31896972656 1376.21997070312 1400.02294921875 1416.66796875 1426.57702636719 1426.87805175781 1423.81896972656
-3.4e+38 -3.4e+38 -3.4e+38 -3.4e+38 -3.4e+38 -3.4e+38 -3.4e+38 -3.4e+38 -3.4e+38 -3.4e+38 -3.4e+38 1629.23999023438 1572.791015625 1479.98901367188 1413.46704101562 1397.92895507812 1404.63500976562 1426.62194824219 1455.34802246094 1468.15197753906 1469.11303710938 1463.07495117188 1463.51599121094 1456.9609375 1452.15698242188 1441.00402832031 1416.94299316406 1392.10095214844 1378.22094726562 1366.60803222656 1359.60400390625 1355.05895996094 1348.63000488281 1339.28100585938 1337.75402832031 1334.294921875 1330.23596191406 1329.56005859375 1331.48303222656 1340.93505859375 1349.83996582031 1346.958984375 1344.88793945312 1337.77392578125 1325.88903808594 1322.39501953125 1331.05993652344 1347.33605957031 1368.31201171875 1391.65698242188 1409.82604980469 1423.94299316406 1429.98999023438 1429.73999023438
-3.4e+38 -3.4e+38 -3.4e+38 -3.4e+38 -3.4e+38 -3.4e+38 -3.4e+38 -3.4e+38 -3.4e+38 -3.4e+38 -3.4e+38 -3.4e+38 1561.28002929688 1507.60498046875 1452.95104980469 1433.8759765625 1429.15100097656 1446.42895507812 1467.21203613281 1496.15795898438 1486.58996582031 1472.05102539062 1463.083984375 1449.81896972656 1435.01098632812 1416.61401367188 1401.97900390625 1386.69995117188 1377.27697753906 1368.10998535156 1363.45300292969 1358.07299804688 1350.47802734375 1338.30700683594 1331.30395507812 1326.29699707031 1321.91296386719 1320.00500488281 1320.2060546875 1328.99096679688 1333.75598144531 1338.72302246094 1339.11096191406 1324.19897460938 1305.44201660156 1300.50598144531 1311.26794433594 1336.64794921875 1362.09204101562 1386.11096191406 1406.81201171875 1423.10900878906 1436.50500488281 1442.88891601562
-3.4e+38 -3.4e+38 -3.4e+38 -3.4e+38 -3.4e+38 -3.4e+38 -3.4e+38 -3.4e+38 -3.4e+38 -3.4e+38 -3.4e+38 -3.4e+38 -3.4e+38 1481.42895507812 1462.62097167969 1455.05700683594 1457.15600585938 1468.59094238281 1486.42102050781 1519.88903808594 1517.873046875 1488.72705078125 1461.01696777344 1440.26501464844 1424.85998535156 1411.76794433594 1400.24401855469 1386.11206054688 1377.81994628906 1374.376953125 1370.30603027344 1364.06201171875 1352.833984375 1338.75402832031 1327.67004394531 1322.58703613281 1318.4580078125 1315.958984375 1314.52502441406 1320.57702636719 1328.17395019531 1335.63500976562 1331.84301757812 1311.69897460938 1292.49597167969 1285.29504394531 1292.4140625 1318.66796875 1350.48498535156 1380.19494628906 1405.61999511719 1427.93505859375 1443.32495117188 1461.46203613281
-3.4e+38 -3.4e+38 -3.4e+38 -3.4e+38 -3.4e+38 -3.4e+38 -3.4e+38 -3.4e+38 -3.4e+38 -3.4e+38 -3.4e+38 -3.4e+38 -3.4e+38 -3.4e+38 1452.31201171875 1461.58703613281 1474.29895019531 1488.48205566406 1504.458984375 1532.70593261719 1549.6669921875 1504.59497070312 1456.42004394531 1438.63696289062 1423.81994628906 1411.11096191406 1398.97204589844 1387.81396484375 1382.63000488281 1379.22802734375 1375.9970703125 1369.56896972656 1358.28796386719 1346.15307617188 1332.73205566406 1325.42004394531 1322.33898925781 1322.36901855469 1320.42199707031 1322.35693359375 1331.67797851562 1338.89501953125 1333.41296386719 1317.47204589844 1290.37194824219 1277.916015625 1285.76403808594 1310.7919921875 1344.48706054688 1377.02404785156 1404.39404296875 1430.73498535156 1456.36608886719 1484.90600585938
-3.4e+38 -3.4e+38 -3.4e+38 -3.4e+38 -3.4e+38 -3.4e+38 -3.4e+38 -3.4e+38 -3.4e+38 -3.4e+38 -3.4e+38 -3.4e+38 -3.4e+38 -3.4e+38 -3.4e+38 1450.96704101562 1477.96398925781 1499.27099609375 1511.45300292969 1528.33703613281 1543.64001464844 1520.78405761719 1473.14697265625 1440.56896972656 1421.89001464844 1407.16198730469 1398.82897949219 1389.50207519531 1381.94897460938 1379.998046875 1376.51403808594 1372.30004882812 1363.1650390625 1352.17395019531 1342.45397949219 1331.73901367188 1329.43395996094 1331.42700195312 1332.53002929688 1331.23803710938 1339.55603027344 1348.11096191406 1347.89501953125 1338.63598632812 1313.30603027344 1291.60400390625 1297.56799316406 1319.32507324219 1345.64306640625 1377.30493164062 1405.041015625 1430.76196289062 1457.55297851562 1498.80493164062
-3.4e+38 -3.4e+38 -3.4e+38 -3.4e+38 -3.4e+38 -3.4e+38 -3.4e+38 -3.4e+38 -3.4e+38 -3.4e+38 -3.4e+38 -3.4e+38 -3.4e+38 -3.4e+38 -3.4e+38 1427.02600097656 1459.42297363281 1488.84704589844 1503.27600097656 1516.67395019531 1524.53100585938 1516.22399902344 1474.97399902344 1442.9599609375 1417.95300292969 1397.71496582031 1389.63598632812 1384.31103515625 1379.65002441406 1377.28894042969 1375.9580078125 1372.96801757812 1366.52001953125 1357.31604003906 1349.24194335938 1343.72998046875 1340.37194824219 1340.02893066406 1342.30102539062 1343.69201660156 1348.59997558594 1359.68505859375 1363.58801269531 1354.22497558594 1338.15893554688 1313.52001953125 1307.94702148438 1322.91796875 1346.01904296875 1372.0419921875 1396.08703613281 1414.37194824219 1439.66296386719 1476.67907714844
-3.4e+38 -3.4e+38 -3.4e+38 -3.4e+38 -3.4e+38 -3.4e+38 -3.4e+38 -3.4e+38 -3.4e+38 -3.4e+38 -3.4e+38 -3.4e+38 -3.4e+38 -3.4e+38 -3.4e+38 -3.4e+38 1422.26196289062 1454.37097167969 1478.98596191406 1496.64904785156 1499.81506347656 1491.75695800781 1468.001953125 1438.34997558594 1412.34997558594 1386.46997070312 1379.31494140625 1375.33093261719 1374.88403320312 1375.66198730469 1375.67700195312 1374.63305664062 1369.87097167969 1361.96398925781 1355.48400878906 1352.61804199219 1351.86999511719 1353.1669921875 1352.84802246094 1351.46301269531 1356.6640625 1368.11596679688 1372.50305175781 1363.63305664062 1349.97399902344 1328.66198730469 1316.84094238281 1324.96496582031 1339.8740234375 1358.583984375 1374.84497070312 1389.40002441406 1409.4189453125 1436.65100097656
-3.4e+38 -3.4e+38 -3.4e+38 -3.4e+38 -3.4e+38 -3.4e+38 -3.4e+38 -3.4e+38 -3.4e+38 -3.4e+38 -3.4e+38 -3.4e+38 -3.4e+38 -3.4e+38 -3.4e+38 -3.4e+38 1393.45104980469 1421.63696289062 1448.74499511719 1468.001953125 1468.21203613281 1462.44702148438 1451.19396972656 1431.00903320312 1404.10205078125 1382.38000488281 1376.53503417969 1371.99499511719 1371.76098632812 1375.458984375 1376.03503417969 1375.22595214844 1371.02099609375 1364.44494628906 1362.38403320312 1362.00402832031 1366.03405761719 1366.28698730469 1362.15795898438 1359.65600585938 1363.98803710938 1369.626953125 1372.74499511719 1364.59204101562 1344.71899414062 1324.78601074219 1316.58203125 1320.31994628906 1325.07507324219 1331.80603027344 1346.96496582031 1363.92700195312 1381.94104003906 1400.12902832031
-3.4e+38 -3.4e+38 -3.4e+38 -3.4e+38 -3.4e+38 -3.4e+38 -3.4e+38 -3.4e+38 -3.4e+38 -3.4e+38 -3.4e+38 -3.4e+38 -3.4e+38 -3.4e+38 -3.4e+38 -3.4e+38 -3.4e+38 1403.19897460938 1437.13305664062 1453.53295898438 1446.84301757812 1433.28002929688 1429.82507324219 1406.16394042969 1393.19995117188 1377.53002929688 1369.76501464844 1371.02600097656 1372.71496582031 1373.07495117188 1376.33508300781 1377.79699707031 1374.38598632812 1370.36401367188 1372.52099609375 1375.35205078125 1380.99401855469 1378.47302246094 1376.31604003906 1371.88293457031 1370.84594726562 1368.88903808594 1364.63403320312 1354.57702636719 1335.13696289062 1313.94702148438 1306.42504882812 1307.05993652344 1307.17199707031 1312.92297363281 1324.044921875 1337.18200683594 1351.4599609375 1368.72302246094
-3.4e+38 -3.4e+38 -3.4e+38 -3.4e+38 -3.4e+38 -3.4e+38 -3.4e+38 -3.4e+38 -3.4e+38 -3.4e+38 -3.4e+38 -3.4e+38 -3.4e+38 -3.4e+38 -3.4e+38 -3.4e+38 -3.4e+38 1389.72302246094 1421.85192871094 1445.7490234375 1433.86193847656 1417.51000976562 1410.53295898438 1385.77197265625 1376.19506835938 1371.86499023438 1364.27600097656 1366.55505371094 1368.7490234375 1368.83703613281 1372.70495605469 1379.64501953125 1382.94799804688 1382.33605957031 1385.05297851562 1392.001953125 1394.208984375 1395.44201660156 1394.38793945312 1386.48400878906 1380.52197265625 1377.27001953125 1374.31005859375 1364.09606933594 1343.43603515625 1318.18798828125 1301.13000488281 1293.93701171875 1295.82299804688 1301.38696289062 1305.33996582031 1306.18200683594 1316.16198730469 1333.25
-3.4e+38 -3.4e+38 -3.4e+38 -3.4e+38 -3.4e+38 -3.4e+38 -3.4e+38 -3.4e+38 -3.4e+38 -3.4e+38 -3.4e+38 -3.4e+38 -3.4e+38 -3.4e+38 -3.4e+38 -3.4e+38 -3.4e+38 -3.4e+38 1408.07104492188 1432.96203613281 1429.041015625 1409.18994140625 1402.35803222656 1378.90295410156 1366.47595214844 1362.27795410156 1361.03198242188 1360.06201171875 1361.08996582031 1366.15307617188 1371.64697265625 1383.35302734375 1397.28405761719 1401.33996582031 1402.11804199219 1404.39904785156 1411.12097167969 1412.51403808594 1412.12902832031 1405.21704101562 1398.99401855469 1393.56201171875 1390.24194335938 1382.625 1361.07897949219 1327.958984375 1301.2900390625 1287.19702148438 1285.74401855469 1284.55004882812 1280.53295898438 1274.6640625 1285.08996582031 1290.02099609375
-3.4e+38 -3.4e+38 -3.4e+38 -3.4e+38 -3.4e+38 -3.4e+38 -3.4e+38 -3.4e+38 -3.4e+38 -3.4e+38 -3.4e+38 -3.4e+38 -3.4e+38 -3.4e+38 -3.4e+38 -3.4e+38 -3.4e+38 -3.4e+38 1405.31994628906 1421.0390625 1425.34802246094 1405.99206542969 1387.74401855469 1380.24194335938 1365.65698242188 1357.75 1354.9990234375 1353.89501953125 1349.64001464844 1358.07507324219 1371.59191894531 1391.86499023438 1402.52600097656 1410.90197753906 1414.9990234375 1417.15698242188 1422.40698242188 1424.03405761719 1423.79296875 1421.71496582031 1417.36303710938 1409.31298828125 1402.11596679688 1391.05297851562 1374.13098144531 1339.10400390625 1301.001953125 1281.82299804688 1275.92395019531 1276.8759765625 1259.77197265625 1259.11901855469 1260.03796386719 1261.32995605469
-3.4e+38 -3.4e+38 -3.4e+38 -3.4e+38 -3.4e+38 -3.4e+38 -3.4e+38 -3.4e+38 -3.4e+38 -3.4e+38 -3.4e+38 -3.4e+38 -3.4e+38 -3.4e+38 -3.4e+38 -3.4e+38 -3.4e+38 -3.4e+38 -3.4e+38 1416.73303222656 1416.36999511719 1405.76000976562 1385.67004394531 1370.85998535156 1365.99096679688 1356.91003417969 1351.18395996094 1347.93298339844 1337.12097167969 1348.46301269531 1371.14697265625 1395.49609375 1407.52404785156 1418.89404296875 1424.7919921875 1426.7080078125 1430.11193847656 1429.47497558594 1430.68200683594 1432.31799316406 1432.54504394531 1421.32202148438 1409.32995605469 1394.56103515625 1377.30102539062 1347.35107421875 1300.69604492188 1273.72106933594 1272.33898925781 1271.30493164062 1257.28295898438 1245.24096679688 1246.84204101562 1252.31506347656
-3.4e+38 -3.4e+38 -3.4e+38 -3.4e+38 -3.4e+38 -3.4e+38 -3.4e+38 -3.4e+38 -3.4e+38 -3.4e+38 -3.4e+38 -3.4e+38 -3.4e+38 -3.4e+38 -3.4e+38 -3.4e+38 -3.4e+38 -3.4e+38 -3.4e+38 -3.4e+38 1409.46496582031 1395.498046875 1381.85498046875 1365.94702148438 1359.63696289062 1352.13598632812 1346.39599609375 1335.15393066406 1329.02001953125 1342.56005859375 1370.9990234375 1392.56201171875 1408.99401855469 1423.55297851562 1433.00695800781 1437.97497558594 1439.43395996094 1438.8759765625 1439.61694335938 1445.17395019531 1446.50903320312 1435.248046875 1420.20703125 1403.78503417969 1382.18505859375 1348.68395996094 1302.65295410156 1278.86206054688 1280.17395019531 1281.75402832031 1271.7060546875 1268.89794921875 1271.53796386719 1273
-3.4e+38 -3.4e+38 -3.4e+38 -3.4e+38 -3.4e+38 -3.4e+38 -3.4e+38 -3.4e+38 -3.4e+38 -3.4e+38 -3.4e+38 -3.4e+38 -3.4e+38 -3.4e+38 -3.4e+38 -3.4e+38 -3.4e+38 -3.4e+38 -3.4e+38 -3.4e+38 1409.5400390625 1399.05798339844 1384.06604003906 1365.82604980469 1353.52294921875 1345.35400390625 1340.26904296875 1334.67895507812 1328.78698730469 1340.23400878906 1364.21997070312 1383.43603515625 1400.59704589844 1417.19897460938 1433.03100585938 1444.77905273438 1450.36401367188 1451.24401855469 1451.15197753906 1453.9990234375 1451.07202148438 1437.53601074219 1424.18395996094 1404.31604003906 1385.70703125 1357.36499023438 1317.80004882812 1293.80297851562 1292.49096679688 1289.18103027344 1262.11096191406 1295.31396484375 1315.03100585938 1313.2890625
-3.4e+38 -3.4e+38 -3.4e+38 -3.4e+38 -3.4e+38 -3.4e+38 -3.4e+38 -3.4e+38 -3.4e+38 -3.4e+38 -3.4e+38 -3.4e+38 -3.4e+38 -3.4e+38 -3.4e+38 -3.4e+38 -3.4e+38 -3.4e+38 -3.4e+38 -3.4e+38 -3.4e+38 1406.46997070312 1388.01098632812 1364.19799804688 1344.89196777344 1345.14196777344 1338.78393554688 1334.86596679688 1333.97705078125 1339.99304199219 1350.03796386719 1360.88000488281 1377.12097167969 1400.669921875 1424.64501953125 1446.63208007812 1459.53796386719 1462.01696777344 1456.8330078125 1448.79797363281 1441.5 1432.71301269531 1419.94702148438 1405.26696777344 1388.92504882812 1370.84802246094 1340.22802734375 1314.45593261719 1303.88391113281 1279.82897949219 1267.01306152344 1314.373046875 1342.64599609375 1351.28100585938
-3.4e+38 -3.4e+38 -3.4e+38 -3.4e+38 -3.4e+38 -3.4e+38 -3.4e+38 -3.4e+38 -3.4e+38 -3.4e+38 -3.4e+38 -3.4e+38 -3.4e+38 -3.4e+38 -3.4e+38 -3.4e+38 -3.4e+38 -3.4e+38 -3.4e+38 -3.4e+38 -3.4e+38 1414.64294433594 1388.04699707031 1363.05395507812 1338.94494628906 1338.82299804688 1334.11499023438 1329.72595214844 1326.125 1323.45300292969 1321.95104980469 1325.58605957031 1343.21301269531 1372.10803222656 1404.876953125 1436.57604980469 1458.30297851562 1465.95397949219 1455.39099121094 1438.3310546875 1432.44201660156 1426.42492675781 1416.42602539062 1403.85498046875 1392.47998046875 1380.13696289062 1361.42102050781 1343.82495117188 1333.47399902344 1325.63696289062 1322.251953125 1350.17395019531 1371.708984375 1382.30895996094
-3.4e+38 -3.4e+38 -3.4e+38 -3.4e+38 -3.4e+38 -3.4e+38 -3.4e+38 -3.4e+38 -3.4e+38 -3.4e+38 -3.4e+38 -3.4e+38 -3.4e+38 -3.4e+38 -3.4e+38 -3.4e+38 -3.4e+38 -3.4e+38 -3.4e+38 -3.4e+38 -3.4e+38 1421.22497558594 1389.63696289062 1365.56701660156 1340.58801269531 1328.59594726562 1327.20593261719 1321.59802246094 1306.49304199219 1296.2509765625 1290.73303222656 1295.38500976562 1314.20495605469 1343.60998535156 1379.68103027344 1415.56506347656 1443.87902832031 1455.40698242188 1454.9990234375 1441.34094238281 1432.1630859375 1425.78002929688 1418.42297363281 1408.56201171875 1399.34899902344 1387.31604003906 1377.51403808594 1369.65795898438 1364.83203125 1362.4990234375 1368.91101074219 1382.41796875 1397.11596679688 1411.84704589844
-3.4e+38 -3.4e+38 -3.4e+38 -3.4e+38 -3.4e+38 -3.4e+38 -3.4e+38 -3.4e+38 -3.4e+38 -3.4e+38 -3.4e+38 -3.4e+38 -3.4e+38 -3.4e+38 -3.4e+38 -3.4e+38 -3.4e+38 -3.4e+38 -3.4e+38 -3.4e+38 -3.4e+38 1425.36999511719 1408.80603027344 1368.83996582031 1337.96899414062 1324.61096191406 1314.10302734375 1307.5419921875 1287.873046875 1270.875 1262.48303222656 1270.87194824219 1295.06396484375 1326.38000488281 1359.02600097656 1392.2890625 1422.93298339844 1441.82299804688 1448.69604492188 1446.67297363281 1440.67297363281 1431.97802734375 1425.01293945312 1420.11303710938 1412.99792480469 1403.43395996094 1399.84094238281 1402.3740234375 1404.92797851562 1401.02893066406 1397.82604980469 1402.9189453125 1413.98596191406 1427.86303710938
-3.4e+38 -3.4e+38 -3.4e+38 -3.4e+38 -3.4e+38 -3.4e+38 -3.4e+38 -3.4e+38 -3.4e+38 -3.4e+38 -3.4e+38 -3.4e+38 -3.4e+38 -3.4e+38 -3.4e+38 -3.4e+38 -3.4e+38 -3.4e+38 -3.4e+38 -3.4e+38 -3.4e+38 1427.35900878906 1412.31604003906 1386.34704589844 1343.92700195312 1314.25 1311.28796386719 1291.02795410156 1266.69799804688 1246.92700195312 1242.53002929688 1258.38806152344 1285.61901855469 1317.0439453125 1347.34399414062 1377.56506347656 1405.64904785156 1432.083984375 1450.63000488281 1453.09594726562 1450.22900390625 1439.8330078125 1430.23901367188 1426.46496582031 1424.98498535156 1421.63000488281 1427.86999511719 1432.30395507812 1430.36303710938 1427.01000976562 1417.96997070312 1417.7509765625 1425.82202148438 1436.04699707031
