layers/tdmean11.asc
NCOLS 292 
NROWS 291 
XLLCORNER -87.6458333327872 
YLLCORNER 24.4791666666667 
CELLSIZE 0.0416666666669039 
NODATA_value -3.4e+38 
[rows 24 to 47 of 291, columns 159 to 211 of 292]
8.07999992370605 8.14100074768066 8.17100048065186 8.10400009155273 7.96200037002563 7.8430004119873 7.76800060272217 7.63000059127808 7.51500034332275 7.40500020980835 7.33200025558472 7.20400047302246 7.23900032043457 7.26000022888184 7.51000022888184 7.79900026321411 7.94600057601929 7.98900032043457 8.11000061035156 8.2450008392334 8.23400020599365 8.23600006103516 8.2450008392334 8.29600048065186 8.29800033569336 8.26800060272217 8.39200019836426 8.4350004196167 8.4040002822876 8.45900058746338 8.51300048828125 8.55100059509277 8.58400058746338 8.45900058746338 8.49300003051758 8.4980001449585 8.52500057220459 8.53999996185303 8.56400012969971 8.49200057983398 8.54900074005127 8.42600059509277 8.47399997711182 8.69799995422363 8.90000057220459 9.03900051116943 8.92500019073486 8.65900039672852 8.63400077819824 8.49300003051758 8.72900009155273 8.90500068664551 8.98200035095215
8.22300052642822 8.28400039672852 8.27300071716309 8.2450008392334 8.11500072479248 8.03500080108643 8.00900077819824 7.82600021362305 7.6850004196167 7.58600044250488 7.5600004196167 7.47800016403198 7.46300029754639 7.54100036621094 7.70400047302246 7.86300039291382 7.9370002746582 8.05500030517578 8.20600032806396 8.31500053405762 8.32900047302246 8.32400035858154 8.38199996948242 8.48200035095215 8.38500022888184 8.4660005569458 8.60900020599365 8.55500030517578 8.55400085449219 8.54500007629395 8.58000087738037 8.55200004577637 8.52400016784668 8.51800060272217 8.45600032806396 8.4980001449585 8.46100044250488 8.4980001449585 8.51300048828125 8.42900085449219 8.44799995422363 8.52400016784668 8.59700012207031 8.75100040435791 8.93200016021729 8.92900085449219 8.89100074768066 8.77600002288818 8.64100074768066 8.85599994659424 8.91800022125244 8.9680004119873 8.8720006942749
8.3390007019043 8.41700077056885 8.41400051116943 8.34200000762939 8.30100059509277 8.17100048065186 8.07299995422363 8.03800010681152 7.92900037765503 7.84400033950806 7.85500049591064 7.7160005569458 7.76000022888184 7.74100017547607 7.84700059890747 7.94500017166138 8.0310001373291 8.17400074005127 8.36400032043457 8.43600082397461 8.47900009155273 8.53600025177002 8.55500030517578 8.57000064849854 8.55000019073486 8.59600067138672 8.64200019836426 8.63700008392334 8.625 8.61900043487549 8.65500068664551 8.6540002822876 8.59700012207031 8.55200004577637 8.55000019073486 8.4980001449585 8.61400032043457 8.5290002822876 8.55500030517578 8.57500076293945 8.60200023651123 8.65799999237061 8.80900001525879 8.88600063323975 8.97900009155273 8.96100044250488 9.1220006942749 9.21200084686279 9.09800052642822 8.80900001525879 8.97399997711182 8.97300052642822 8.89200019836426
8.58800029754639 8.63199996948242 8.58100032806396 8.46500015258789 8.38000011444092 8.36800003051758 8.26000022888184 8.22500038146973 8.11100006103516 8.07400035858154 8.10000038146973 8.08800029754639 8.03400039672852 8.01399993896484 7.99500036239624 8.07700061798096 8.17800045013428 8.32500076293945 8.51500034332275 8.6220006942749 8.76000022888184 8.84899997711182 8.778000831604 8.75600051879883 8.75900077819824 8.74900054931641 8.76700019836426 8.69400024414062 8.71900081634521 8.73099994659424 8.7480001449585 8.71900081634521 8.70400047302246 8.6540002822876 8.58400058746338 8.61300086975098 8.64500045776367 8.66900062561035 8.61500072479248 8.61900043487549 8.72500038146973 8.88199996948242 9.01900005340576 9.07500076293945 9.16800022125244 9.25600051879883 9.27700042724609 9.27500057220459 9.15700054168701 9.0310001373291 9.07200050354004 9.10400009155273 9.20200061798096
9.05000019073486 8.98000049591064 8.79400062561035 8.66000080108643 8.51300048828125 8.43400001525879 8.32299995422363 8.24400043487549 8.28200054168701 8.2810001373291 8.32500076293945 8.3120002746582 8.22900009155273 8.16100025177002 8.25800037384033 8.22700023651123 8.32800006866455 8.41600036621094 8.65500068664551 8.83100032806396 9.00600051879883 9.05100059509277 8.94000053405762 8.88000011444092 8.86600017547607 8.9060001373291 8.93600082397461 8.96300029754639 8.9660005569458 8.87400054931641 8.8410005569458 8.80900001525879 8.7790002822876 8.74000072479248 8.67300033569336 8.72200012207031 8.75 8.66300010681152 8.67000007629395 8.6830005645752 8.82200050354004 9.00800037384033 9.05400085449219 9.1540002822876 9.21700000762939 9.20000076293945 9.15200042724609 9.16600036621094 9.2180004119873 9.21200084686279 9.23600006103516 9.33100032806396 9.3700008392334
9.63500022888184 9.48800086975098 9.09000015258789 8.83200073242188 8.73800086975098 8.58800029754639 8.38899993896484 8.27400016784668 8.34200000762939 8.39900016784668 8.45000076293945 8.46000003814697 8.47000026702881 8.46000003814697 8.39000034332275 8.40799999237061 8.48099994659424 8.50699996948242 8.69400024414062 8.89900016784668 8.99000072479248 8.9950008392334 8.92600059509277 8.95100021362305 8.96000003814697 8.98500061035156 9.09600067138672 9.20400047302246 9.16000080108643 9.00300025939941 8.91800022125244 8.9060001373291 8.86300086975098 8.81900024414062 8.79100036621094 8.75200080871582 8.65799999237061 8.67000007629395 8.73200035095215 8.78000068664551 8.93000030517578 9.04900074005127 9.14300060272217 9.22900009155273 9.23800086975098 9.24400043487549 9.27000045776367 9.28299999237061 9.26900005340576 9.29500007629395 9.35300064086914 9.41500091552734 9.46700000762939
9.41600036621094 9.43600082397461 9.21000003814697 9.07700061798096 9.00100040435791 8.69000053405762 8.52200031280518 8.46200084686279 8.48000049591064 8.47100067138672 8.50699996948242 8.53000068664551 8.58500003814697 8.63400077819824 8.50699996948242 8.47800064086914 8.59600067138672 8.67900085449219 8.81800079345703 8.91000080108643 8.90100002288818 8.91700077056885 8.98200035095215 9.00400066375732 9.05000019073486 9.02000045776367 9.11500072479248 9.18800067901611 9.14800071716309 9.02300071716309 8.95300006866455 8.94700050354004 8.92700004577637 8.91499996185303 8.86700057983398 8.82600021362305 8.73800086975098 8.70200061798096 8.71500015258789 8.80400085449219 8.93600082397461 9.05100059509277 9.12900066375732 9.23500061035156 9.29400062561035 9.31599998474121 9.32900047302246 9.37400054931641 9.41100025177002 9.44200038909912 9.48500061035156 9.51000022888184 9.55600070953369
9.03400039672852 9.08700084686279 9.17400074005127 9.22600078582764 9.17300033569336 9.07700061798096 8.89500045776367 8.82900047302246 8.69000053405762 8.56400012969971 8.57100009918213 8.63000011444092 8.653000831604 8.70400047302246 8.66900062561035 8.58600044250488 8.61400032043457 8.74900054931641 8.83400058746338 8.88500022888184 8.92400074005127 8.98700046539307 9.08800029754639 9.07800006866455 9.06900024414062 9.08800029754639 9.0930004119873 9.09600067138672 9.08200073242188 9.04900074005127 9.02000045776367 8.9950008392334 9 8.96500015258789 8.97399997711182 8.92800045013428 8.80500030517578 8.68000030517578 8.70000076293945 8.77300071716309 8.8700008392334 9.00200080871582 9.09700012207031 9.2140007019043 9.32700061798096 9.36700057983398 9.40700054168701 9.48300075531006 9.53299999237061 9.54800033569336 9.528000831604 9.52600002288818 9.52000045776367
8.80100059509277 8.75900077819824 8.92000007629395 8.99400043487549 9.07800006866455 9.2180004119873 9.28000068664551 9.15500068664551 8.95900058746338 8.86200046539307 8.75400066375732 8.74600028991699 8.75 8.85500049591064 8.90799999237061 8.86000061035156 8.84000015258789 8.86800003051758 8.87900066375732 8.89900016784668 8.97200012207031 9.03500080108643 9.08700084686279 9.12400054931641 9.15000057220459 9.13199996948242 9.09800052642822 9.10300064086914 9.09899997711182 9.06400012969971 9.08200073242188 9.07500076293945 9.07500076293945 9.05100059509277 9.01000022888184 8.9660005569458 8.84600067138672 8.75 8.70200061798096 8.72300052642822 8.80600070953369 8.97800064086914 9.13500022888184 9.28800010681152 9.39200019836426 9.50900077819824 9.63800048828125 9.66100025177002 9.65200042724609 9.62100028991699 9.54500007629395 9.49400043487549 9.47900009155273
8.76000022888184 8.66300010681152 8.74600028991699 8.98000049591064 9.10400009155273 9.2160005569458 9.36800003051758 9.32900047302246 9.39400005340576 9.14500045776367 8.95100021362305 8.84600067138672 8.86500072479248 9.0290002822876 9.02200031280518 8.94200038909912 8.94799995422363 8.92200088500977 8.94500064849854 9.02100086212158 9.02100086212158 9.01400089263916 9.08500003814697 9.11700057983398 9.14000034332275 9.16700077056885 9.15700054168701 9.13900089263916 9.16900062561035 9.13199996948242 9.10600090026855 9.10500049591064 9.09700012207031 9.12400054931641 9.07700061798096 9.02000045776367 8.91100025177002 8.78700065612793 8.68600082397461 8.85200023651123 8.96900081634521 9.1850004196167 9.38800048828125 9.4950008392334 9.51100063323975 9.63900089263916 9.70900058746338 9.82800006866455 9.87800025939941 9.80000019073486 9.69099998474121 9.61500072479248 9.62400054931641
8.85400009155273 8.82400035858154 8.79400062561035 9.05600070953369 9.03000068664551 9.22200012207031 9.15900039672852 9.17300033569336 9.3430004119873 9.28900051116943 9.02700042724609 8.95900058746338 9.0310001373291 9.02500057220459 9.01500034332275 8.98000049591064 9.01600074768066 9.0580005645752 9.05600070953369 9.01000022888184 9.00400066375732 9.01900005340576 9.06800079345703 9.13000011444092 9.17600059509277 9.19600009918213 9.22399997711182 9.21000003814697 9.19600009918213 9.17900085449219 9.15000057220459 9.15700054168701 9.17400074005127 9.19099998474121 9.14600086212158 9.16499996185303 9.07900047302246 8.95700073242188 8.95900058746338 8.94600009918213 9.19300079345703 9.28700065612793 9.42700004577637 9.50600051879883 9.59700012207031 9.67400074005127 9.76900005340576 9.99000072479248 9.97000026702881 9.83300018310547 9.76600074768066 9.70600032806396 9.66500091552734
8.93100070953369 8.84800052642822 8.84500026702881 8.95800018310547 9.0580005645752 8.99000072479248 9.18900012969971 9.33000087738037 9.32000064849854 9.14800071716309 9.04100036621094 9.13199996948242 9.14900016784668 9.20000076293945 9.25 9.17900085449219 9.13400077819824 9.14600086212158 9.15700054168701 9.07900047302246 9.02700042724609 9.02100086212158 9.02300071716309 9.08600044250488 9.15900039672852 9.19500064849854 9.23900032043457 9.2470006942749 9.24000072479248 9.25200080871582 9.25699996948242 9.2480001449585 9.25400066375732 9.22000026702881 9.25900077819824 9.3100004196167 9.26500034332275 9.25 9.26800060272217 9.19900035858154 9.375 9.4680004119873 9.45900058746338 9.49600028991699 9.60300064086914 9.64500045776367 9.67000007629395 9.74900054931641 9.85500049591064 9.78000068664551 9.71100044250488 9.75500011444092 9.67300033569336
9.16000080108643 8.95500087738037 8.92600059509277 8.89600086212158 8.91900062561035 9.04300022125244 9.25300025939941 9.38300037384033 9.25400066375732 9.13900089263916 9.17000007629395 9.21900081634521 9.20500087738037 9.23500061035156 9.2160005569458 9.1870002746582 9.19000053405762 9.19400024414062 9.17900085449219 9.16400051116943 9.08600044250488 8.97600078582764 8.98300075531006 9.05400085449219 9.09700012207031 9.18200016021729 9.25300025939941 9.30000019073486 9.35400009155273 9.33300018310547 9.37800025939941 9.44500064849854 9.39200019836426 9.35200023651123 9.3700008392334 9.38300037384033 9.41500091552734 9.46300029754639 9.43100070953369 9.39900016784668 9.39300060272217 9.52600002288818 9.50800037384033 9.54800033569336 9.60300064086914 9.69400024414062 9.73600006103516 9.76400089263916 9.79400062561035 9.7450008392334 9.71200084686279 9.65700054168701 9.52300071716309
9.16200065612793 9.15200042724609 9.0290002822876 9.07500076293945 9.23900032043457 9.15900039672852 9.3430004119873 9.2450008392334 9.13199996948242 9.1220006942749 9.16000080108643 9.18000030517578 9.20400047302246 9.20400047302246 9.24400043487549 9.23400020599365 9.24200057983398 9.22300052642822 9.21700000762939 9.1850004196167 9.1230001449585 9.00500011444092 8.99300003051758 9.01000022888184 9.09400081634521 9.18900012969971 9.28900051116943 9.43100070953369 9.43200016021729 9.46700000762939 9.52300071716309 9.63500022888184 9.59000015258789 9.52000045776367 9.39000034332275 9.35200023651123 9.44200038909912 9.50700092315674 9.51900005340576 9.47900009155273 9.41000080108643 9.52300071716309 9.58600044250488 9.5930004119873 9.63600063323975 9.66800022125244 9.70500087738037 9.72900009155273 9.72400093078613 9.63400077819824 9.50200080871582 9.33300018310547 9.33700084686279
9.08200073242188 9.14000034332275 9.11000061035156 9.0580005645752 9.23000049591064 9.34400081634521 9.24100017547607 9.17100048065186 9.08000087738037 9.14100074768066 9.16100025177002 9.21300029754639 9.21900081634521 9.23900032043457 9.26900005340576 9.26600074768066 9.30300045013428 9.28200054168701 9.26300048828125 9.1870002746582 9.13500022888184 9.07700061798096 9.02100086212158 9.08500003814697 9.16800022125244 9.32000064849854 9.42000007629395 9.50700092315674 9.60400009155273 9.60100078582764 9.72100067138672 9.81900024414062 9.78200054168701 9.66000080108643 9.5310001373291 9.47000026702881 9.45200061798096 9.50900077819824 9.57500076293945 9.51300048828125 9.46700000762939 9.53900051116943 9.5910005569458 9.61800003051758 9.61100006103516 9.5930004119873 9.66200065612793 9.72600078582764 9.70000076293945 9.54400062561035 9.38100051879883 9.20800018310547 9.26200008392334
9.29200077056885 9.17500019073486 9.0600004196167 9.03600025177002 9.26200008392334 9.24000072479248 9.20500087738037 9.28299999237061 9.26600074768066 9.25400066375732 9.25900077819824 9.27100086212158 9.30000019073486 9.34000015258789 9.33300018310547 9.31300067901611 9.3430004119873 9.37400054931641 9.25800037384033 9.29800033569336 9.29000091552734 9.2470006942749 9.3100004196167 9.25200080871582 9.35800075531006 9.47600078582764 9.51200008392334 9.64700031280518 9.6830005645752 9.8080005645752 9.89000034332275 9.97100067138672 9.92000007629395 9.7480001449585 9.63200092315674 9.54600048065186 9.52100086212158 9.53600025177002 9.52600002288818 9.58400058746338 9.53299999237061 9.57500076293945 9.63300037384033 9.63300037384033 9.63500022888184 9.67200088500977 9.75800037384033 9.75900077819824 9.7180004119873 9.60500049591064 9.40200042724609 9.36800003051758 9.43900012969971
9.33600044250488 9.39100074768066 9.39500045776367 9.1540002822876 9.22800064086914 9.24900054931641 9.48100090026855 9.50700092315674 9.45400047302246 9.4330005645752 9.40100002288818 9.43800067901611 9.47000026702881 9.52000045776367 9.42500019073486 9.38700008392334 9.40900039672852 9.36000061035156 9.34600067138672 9.4330005645752 9.4640007019043 9.54100036621094 9.45800018310547 9.44099998474121 9.46900081634521 9.53800010681152 9.60900020599365 9.71200084686279 9.8100004196167 9.90100002288818 9.97100067138672 9.9640007019043 9.87100028991699 9.73900032043457 9.65500068664551 9.61900043487549 9.61500072479248 9.59000015258789 9.58500003814697 9.59400081634521 9.64300060272217 9.61400032043457 9.69000053405762 9.68000030517578 9.70500087738037 9.7790002822876 9.82500076293945 9.82800006866455 9.79900074005127 9.79100036621094 9.67700004577637 9.65100002288818 9.66200065612793
9.29600048065186 9.54300022125244 9.41000080108643 9.20900058746338 9.31400012969971 9.60000038146973 9.59700012207031 9.56100082397461 9.56700038909912 9.61300086975098 9.63100051879883 9.66400051116943 9.63900089263916 9.61500072479248 9.58800029754639 9.56500053405762 9.52400016784668 9.45700073242188 9.49100017547607 9.47399997711182 9.64000034332275 9.5890007019043 9.59500026702881 9.58400058746338 9.61300086975098 9.63900089263916 9.68400001525879 9.76500034332275 9.85700035095215 9.92800045013428 9.98100090026855 9.94000053405762 9.85100078582764 9.75400066375732 9.66200065612793 9.65799999237061 9.66700077056885 9.63300037384033 9.65700054168701 9.66200065612793 9.66700077056885 9.68000030517578 9.75100040435791 9.77500057220459 9.82000064849854 9.85400009155273 9.89000034332275 9.89300060272217 9.9060001373291 9.87900066375732 9.81500053405762 9.88000011444092 9.91800022125244
9.3700008392334 9.40900039672852 9.44700050354004 9.34000015258789 9.41000080108643 9.57900047302246 9.69600009918213 9.63900089263916 9.65500068664551 9.72900009155273 9.64800071716309 9.65000057220459 9.72400093078613 9.72400093078613 9.75200080871582 9.70800018310547 9.61600017547607 9.58500003814697 9.52000045776367 9.51800060272217 9.56100082397461 9.61100006103516 9.66900062561035 9.6540002822876 9.6540002822876 9.66500091552734 9.67800045013428 9.76500034332275 9.87900066375732 9.9350004196167 9.94400024414062 9.90700054168701 9.79400062561035 9.74400043487549 9.68000030517578 9.72300052642822 9.69900035858154 9.69000053405762 9.66200065612793 9.60600090026855 9.61800003051758 9.70500087738037 9.77500057220459 9.84900093078613 9.89300060272217 9.92000007629395 9.9680004119873 9.9950008392334 10.0070009231567 9.9370002746582 9.98100090026855 10.0420007705688 10.0830001831055
9.31900024414062 9.528000831604 9.67300033569336 9.58100032806396 9.79900074005127 9.78500080108643 9.74300003051758 9.76100063323975 9.7450008392334 9.74300003051758 9.69200038909912 9.65100002288818 9.7450008392334 9.72800064086914 9.79500007629395 9.81500053405762 9.74900054931641 9.67000007629395 9.61200046539307 9.61100006103516 9.53400039672852 9.5580005645752 9.62900066375732 9.67400074005127 9.68400001525879 9.65500068664551 9.6850004196167 9.77400016784668 9.82200050354004 9.875 9.89500045776367 9.85900020599365 9.81300067901611 9.79600048065186 9.77000045776367 9.79500007629395 9.76500034332275 9.70600032806396 9.65000057220459 9.61300086975098 9.63300037384033 9.70600032806396 9.79500007629395 9.91400051116943 10.0070009231567 10.0430002212524 10.076000213623 10.1040000915527 10.0550003051758 10.0710000991821 10.1290006637573 10.1380004882812 10.1520004272461
9.41800022125244 9.57000064849854 9.86400032043457 9.94500064849854 10.1010007858276 9.94200038909912 9.84400081634521 9.79700088500977 9.81300067901611 9.85900020599365 9.76800060272217 9.7180004119873 9.6870002746582 9.90500068664551 10.0450000762939 9.89800071716309 9.875 9.81500053405762 9.73200035095215 9.66300010681152 9.61400032043457 9.59400081634521 9.61900043487549 9.67500019073486 9.71000003814697 9.72200012207031 9.69900035858154 9.7140007019043 9.79600048065186 9.81100082397461 9.8430004119873 9.82000064849854 9.81600093841553 9.81400012969971 9.82400035858154 9.85000038146973 9.8120002746582 9.7790002822876 9.73300075531006 9.70800018310547 9.74300003051758 9.8100004196167 9.86100006103516 9.94500064849854 10.0490007400513 10.1050004959106 10.1640005111694 10.1360006332397 10.1290006637573 10.1480007171631 10.1840000152588 10.1770000457764 10.1790008544922
9.49100017547607 9.53000068664551 9.80100059509277 10.0380001068115 10.0610008239746 9.90700054168701 9.84400081634521 9.84500026702881 9.88500022888184 9.88300037384033 9.8390007019043 9.85600090026855 9.81600093841553 9.97600078582764 9.98900032043457 9.89100074768066 9.86900043487549 9.85000038146973 9.78400039672852 9.80300045013428 9.73500061035156 9.6540002822876 9.7140007019043 9.73500061035156 9.7470006942749 9.75200080871582 9.76800060272217 9.83400058746338 9.81500053405762 9.8120002746582 9.82600021362305 9.83200073242188 9.85800075531006 9.84800052642822 9.88600063323975 9.91000080108643 9.90700054168701 9.88800048828125 9.85800075531006 9.84200000762939 9.83500003814697 9.91300010681152 9.94600009918213 10.0380001068115 10.0990009307861 10.1870002746582 10.242000579834 10.2130002975464 10.1940002441406 10.193000793457 10.2300004959106 10.2540006637573 10.3300008773804
9.39200019836426 9.52400016784668 9.62600040435791 9.78299999237061 9.92900085449219 9.87600040435791 9.89500045776367 9.88500022888184 9.88100051879883 9.81800079345703 9.81800079345703 9.76800060272217 9.89600086212158 9.86400032043457 9.86500072479248 9.86000061035156 9.85700035095215 9.81300067901611 9.78600025177002 9.81700038909912 9.80500030517578 9.75700092315674 9.74900054931641 9.80700016021729 9.83300018310547 9.84400081634521 9.88500022888184 9.91500091552734 9.90900039672852 9.89200019836426 9.8700008392334 9.8430004119873 9.94500064849854 9.96000003814697 9.97500038146973 10.0300006866455 10.0260000228882 9.97700023651123 9.9330005645752 9.93400001525879 9.95500087738037 10.0250005722046 10.1060009002686 10.1490001678467 10.2130002975464 10.3010005950928 10.3900003433228 10.3840007781982 10.3660001754761 10.3230009078979 10.363000869751 10.4040002822876 10.4300003051758
9.26300048828125 9.41500091552734 9.48000049591064 9.61000061035156 9.64400005340576 9.76200008392334 9.85300064086914 9.94700050354004 9.88300037384033 9.71000003814697 9.78800010681152 9.84900093078613 9.82500076293945 9.78700065612793 9.77500057220459 9.82800006866455 9.81900024414062 9.84400081634521 9.8720006942749 9.86400032043457 9.86400032043457 9.84600067138672 9.85200023651123 9.90500068664551 9.90900039672852 9.94100093841553 9.96100044250488 10.0020008087158 9.97600078582764 9.94700050354004 9.88900089263916 9.87700080871582 9.95200061798096 9.98600006103516 10 10.0750007629395 10.1270008087158 10.0870008468628 10.0380001068115 10.0440006256104 10.1080007553101 10.1300001144409 10.1640005111694 10.2900009155273 10.3700008392334 10.4940004348755 10.5690002441406 10.5660009384155 10.5490007400513 10.5120000839233 10.5150003433228 10.4990005493164 10.4990005493164
