layers/tdmean9.asc
NCOLS 292 
NROWS 291 
XLLCORNER -87.6458333327872 
YLLCORNER 24.4791666666667 
CELLSIZE 0.0416666666669039 
NODATA_value -3.4e+38 
[rows 96 to 119 of 291, columns 106 to 158 of 292]
11.8240003585815 11.8140001296997 11.8460006713867 11.8600006103516 11.9130001068115 11.9670009613037 11.9490003585815 12.0010004043579 12.0150003433228 11.9860010147095 12.0300006866455 12.0160007476807 11.9910001754761 12.0010004043579 12.0170001983643 11.9990005493164 11.9830007553101 12.1160001754761 12.3100004196167 12.2340002059937 12.2800006866455 12.2470006942749 12.3570003509521 12.3700008392334 12.3770008087158 12.2360010147095 12.3290004730225 12.3150005340576 12.2210006713867 12.2530002593994 12.3400001525879 12.3390007019043 12.5050010681152 12.6240005493164 12.5890007019043 12.7170009613037 12.653000831604 12.617000579834 12.6460008621216 12.6420001983643 12.5840005874634 12.6200008392334 12.4660005569458 12.443000793457 12.4740009307861 12.4400005340576 12.4060001373291 12.4350004196167 12.4150009155273 12.3320007324219 12.3050003051758 12.2590007781982 12.2950010299683
11.8700008392334 11.8490009307861 11.8720006942749 11.9160003662109 11.9750003814697 12.0050001144409 12.0070009231567 12.0520009994507 12.0570001602173 12.0290002822876 12.0830001831055 12.1060009002686 12.0900001525879 12.0290002822876 12.03600025177 12.0730009078979 12.0950002670288 12.1620006561279 12.3610010147095 12.2980003356934 12.3790006637573 12.3950004577637 12.3640003204346 12.4620008468628 12.5010004043579 12.3820009231567 12.4790010452271 12.4800004959106 12.4200010299683 12.4570007324219 12.4200010299683 12.4870004653931 12.5620002746582 12.6100006103516 12.5870008468628 12.6390008926392 12.7650003433228 12.8650007247925 12.8410005569458 12.7690010070801 12.7190008163452 12.6600008010864 12.5190010070801 12.4570007324219 12.3970003128052 12.3570003509521 12.4320001602173 12.4690008163452 12.4870004653931 12.4730005264282 12.4580001831055 12.4460010528564 12.4340009689331
11.9440002441406 11.8880004882812 11.9170007705688 11.9530010223389 11.9700002670288 11.9800004959106 12.0790004730225 12.0800008773804 12.0550003051758 12.0860004425049 12.1360006332397 12.1650009155273 12.1370010375977 12.121000289917 12.1090002059937 12.1450004577637 12.2550001144409 12.2700004577637 12.3360004425049 12.4420003890991 12.4640007019043 12.4250001907349 12.4410009384155 12.4480009078979 12.5450010299683 12.488000869751 12.4910001754761 12.6290006637573 12.5250005722046 12.6250009536743 12.6300010681152 12.6680002212524 12.6740007400513 12.7440004348755 12.778000831604 12.7120008468628 12.7170009613037 12.7260007858276 12.7650003433228 12.7970008850098 12.8330001831055 12.7000007629395 12.5860004425049 12.5250005722046 12.4610004425049 12.4650001525879 12.4490003585815 12.4680004119873 12.5100002288818 12.5500001907349 12.5020008087158 12.5080003738403 12.5310001373291
12.0340003967285 12.0400009155273 12.0400009155273 12.0230007171631 12.0030002593994 12.0340003967285 12.0820007324219 12.0870008468628 12.1200008392334 12.2050008773804 12.2250003814697 12.1750001907349 12.2070007324219 12.19700050354 12.1720008850098 12.2550001144409 12.2400007247925 12.2320003509521 12.2850008010864 12.4040002822876 12.4390001296997 12.5200004577637 12.5550003051758 12.5400009155273 12.5860004425049 12.6600008010864 12.6310005187988 12.6990003585815 12.6720008850098 12.6900005340576 12.7750005722046 12.7510004043579 12.7520008087158 12.7840003967285 12.7230005264282 12.8290004730225 12.867000579834 12.7900009155273 12.8230009078979 12.8250007629395 12.9010009765625 12.7030010223389 12.5430002212524 12.5440006256104 12.4930009841919 12.452000617981 12.4660005569458 12.4420003890991 12.5200004577637 12.6230001449585 12.6540002822876 12.6680002212524 12.6940002441406
12.1440010070801 12.1290006637573 12.0980005264282 12.0750007629395 12.0700006484985 12.1250009536743 12.1350002288818 12.1500005722046 12.1740007400513 12.2470006942749 12.3290004730225 12.2670001983643 12.3080005645752 12.3000001907349 12.2900009155273 12.2430009841919 12.3340005874634 12.4060001373291 12.4100008010864 12.4300003051758 12.452000617981 12.5260009765625 12.5900001525879 12.7090005874634 12.6520004272461 12.7240009307861 12.7260007858276 12.6790008544922 12.8050003051758 12.8100004196167 12.7600002288818 12.8150005340576 12.8110008239746 12.8160009384155 12.8240003585815 12.8110008239746 12.8240003585815 12.8730001449585 12.8330001831055 12.8520002365112 12.8860006332397 12.7620010375977 12.581000328064 12.5490007400513 12.5560007095337 12.6060009002686 12.6200008392334 12.53600025177 12.6270008087158 12.7070007324219 12.7320003509521 12.7650003433228 12.7800006866455
12.1630001068115 12.1830005645752 12.2200002670288 12.1830005645752 12.2200002670288 12.2750005722046 12.2470006942749 12.1850004196167 12.2180004119873 12.2770004272461 12.3170003890991 12.4410009384155 12.407000541687 12.4450006484985 12.3990001678467 12.3500003814697 12.3150005340576 12.3940010070801 12.5120010375977 12.5460004806519 12.5250005722046 12.568000793457 12.7200002670288 12.7840003967285 12.7510004043579 12.7040004730225 12.8360004425049 12.8290004730225 12.863000869751 12.8390007019043 12.8130006790161 12.7910003662109 12.8390007019043 12.831000328064 12.9220008850098 12.8890008926392 12.8910007476807 12.8160009384155 12.7130002975464 12.6830005645752 12.7150001525879 12.7770004272461 12.6690006256104 12.6300010681152 12.6150007247925 12.6590003967285 12.6600008010864 12.6330003738403 12.6800003051758 12.7230005264282 12.7260007858276 12.7660007476807 12.8120002746582
12.1780004501343 12.1980009078979 12.2430009841919 12.2200002670288 12.3330001831055 12.331000328064 12.2640008926392 12.2690010070801 12.2770004272461 12.3050003051758 12.4150009155273 12.5300006866455 12.4860010147095 12.5120010375977 12.5060005187988 12.4590005874634 12.496000289917 12.5220003128052 12.5700006484985 12.6150007247925 12.6340007781982 12.6030006408691 12.6430006027222 12.7710008621216 12.6850004196167 12.7120008468628 12.831000328064 12.8640003204346 12.8990001678467 12.8480005264282 12.8880004882812 12.8730001449585 12.9150009155273 12.9460010528564 12.9140005111694 12.9090003967285 12.8450002670288 12.7950010299683 12.7040004730225 12.6550006866455 12.6340007781982 12.6300010681152 12.7440004348755 12.6750001907349 12.6380004882812 12.6190004348755 12.66100025177 12.6840009689331 12.7410001754761 12.7740001678467 12.7560005187988 12.7690010070801 12.8290004730225
12.2790002822876 12.2160005569458 12.3100004196167 12.3660001754761 12.3870010375977 12.3350009918213 12.2980003356934 12.3490009307861 12.3950004577637 12.4170007705688 12.4480009078979 12.4930009841919 12.5120010375977 12.5050010681152 12.5310001373291 12.5790004730225 12.5520009994507 12.5750007629395 12.5960006713867 12.6280002593994 12.693000793457 12.6720008850098 12.6900005340576 12.7330007553101 12.7280006408691 12.7300004959106 12.7480001449585 12.8890008926392 12.9830007553101 13.0190010070801 12.9890003204346 12.9010009765625 12.9090003967285 12.9250001907349 12.8960008621216 12.8600006103516 12.8530006408691 12.8580007553101 12.78600025177 12.7040004730225 12.6340007781982 12.6540002822876 12.7170009613037 12.69700050354 12.6860008239746 12.6540002822876 12.6510009765625 12.6430006027222 12.7300004959106 12.8800010681152 12.8530006408691 12.8200006484985 12.8300008773804
12.4180002212524 12.3910007476807 12.3900003433228 12.4670009613037 12.4730005264282 12.4020004272461 12.3940010070801 12.4660005569458 12.4890003204346 12.5110006332397 12.4910001754761 12.5020008087158 12.53600025177 12.5460004806519 12.5750007629395 12.6310005187988 12.6890001296997 12.7050008773804 12.7340002059937 12.7480001449585 12.7150001525879 12.701000213623 12.6840009689331 12.6960010528564 12.7110004425049 12.7000007629395 12.8150005340576 12.9090003967285 12.9240007400513 12.9730005264282 12.9740009307861 12.8400001525879 12.8740005493164 12.8740005493164 12.939001083374 12.8600006103516 12.8850002288818 12.8850002288818 12.7950010299683 12.7070007324219 12.7040004730225 12.738000869751 12.7160005569458 12.7300004959106 12.6670007705688 12.6440010070801 12.6240005493164 12.6490001678467 12.7130002975464 12.8200006484985 12.8950004577637 12.8800010681152 12.8890008926392
12.5340003967285 12.5140008926392 12.4990005493164 12.5900001525879 12.5940008163452 12.4930009841919 12.4260005950928 12.4150009155273 12.4500007629395 12.4390001296997 12.5260009765625 12.5640001296997 12.5840005874634 12.6600008010864 12.6740007400513 12.6800003051758 12.7190008163452 12.7360010147095 12.7470006942749 12.7440004348755 12.7550010681152 12.7400007247925 12.7080001831055 12.738000869751 12.7500009536743 12.8320007324219 12.8490009307861 12.9000005722046 12.8900003433228 12.8770008087158 12.9370002746582 12.91100025177 12.9130010604858 12.8940010070801 12.8540010452271 12.7810001373291 12.8200006484985 12.8230009078979 12.8040008544922 12.7880010604858 12.8090009689331 12.8190002441406 12.7910003662109 12.7690010070801 12.7250003814697 12.6540002822876 12.6390008926392 12.6460008621216 12.6940002441406 12.8020009994507 12.9040002822876 12.952000617981 13.0190010070801
12.6340007781982 12.6340007781982 12.5540008544922 12.617000579834 12.6510009765625 12.5510005950928 12.4860010147095 12.4890003204346 12.4750003814697 12.4600009918213 12.5410003662109 12.5900001525879 12.6450004577637 12.6800003051758 12.6810007095337 12.7030010223389 12.7150001525879 12.7530002593994 12.7540006637573 12.7550010681152 12.7740001678467 12.7690010070801 12.8430004119873 12.9020004272461 12.8800010681152 12.9080009460449 12.9180002212524 12.8940010070801 12.8910007476807 12.8650007247925 12.9000005722046 12.8940010070801 12.8900003433228 12.8200006484985 12.8400001525879 12.8330001831055 12.8250007629395 12.8160009384155 12.8130006790161 12.8250007629395 12.8580007553101 12.8440008163452 12.7640008926392 12.7610006332397 12.7300004959106 12.6890001296997 12.6820001602173 12.6680002212524 12.6540002822876 12.7550010681152 12.9190006256104 13.0430002212524 13.1260004043579
12.6850004196167 12.7080001831055 12.6810007095337 12.6550006866455 12.6350002288818 12.6590003967285 12.6200008392334 12.5700006484985 12.6670007705688 12.6470003128052 12.5500001907349 12.5890007019043 12.7290010452271 12.7590007781982 12.7670001983643 12.7220010757446 12.8190002441406 12.8430004119873 12.8990001678467 12.8030004501343 12.8510007858276 12.8400001525879 12.9350004196167 13.0530004501343 12.9950008392334 12.9590005874634 12.9610004425049 12.9850006103516 12.9840002059937 12.943000793457 12.9150009155273 12.9490003585815 12.9290008544922 12.903000831604 12.9250001907349 12.9050006866455 12.8720006942749 12.8480005264282 12.831000328064 12.8080005645752 12.8210010528564 12.7950010299683 12.7840003967285 12.778000831604 12.7210006713867 12.6990003585815 12.6770009994507 12.6400003433228 12.6190004348755 12.7280006408691 12.9630002975464 13.1600008010864 13.2120008468628
12.6600008010864 12.7240009307861 12.831000328064 12.8240003585815 12.7990007400513 12.7630004882812 12.7150001525879 12.6860008239746 12.6000003814697 12.6290006637573 12.7000007629395 12.782000541687 12.7450008392334 12.814001083374 12.7260007858276 12.738000869751 12.9820003509521 12.992000579834 12.9270009994507 12.8230009078979 12.8660001754761 13.0220003128052 12.9860010147095 13.0670003890991 13.0780010223389 13.121000289917 13.0710010528564 13.1260004043579 13.0800008773804 13.0170001983643 12.956000328064 12.9290008544922 12.8810005187988 12.8600006103516 12.8620004653931 12.8850002288818 12.8840007781982 12.8900003433228 12.8520002365112 12.8490009307861 12.82200050354 12.8050003051758 12.7980003356934 12.8130006790161 12.7620010375977 12.6770009994507 12.6510009765625 12.6540002822876 12.701000213623 12.8240003585815 13.0400009155273 13.242000579834 13.1960010528564
12.6160001754761 12.7370004653931 12.8690004348755 12.8980007171631 12.8690004348755 12.8150005340576 12.7960004806519 12.7170009613037 12.6580009460449 12.7310009002686 12.6900005340576 12.7560005187988 12.6690006256104 12.7770004272461 12.6400003433228 12.7040004730225 12.9450006484985 12.8970003128052 12.8900003433228 12.9130010604858 12.8300008773804 13.0130004882812 13.0490007400513 13.0900001525879 13.0980005264282 13.1840009689331 13.1320009231567 13.1120004653931 13.1360006332397 13.1270008087158 13.1010007858276 13.0700006484985 12.9810009002686 12.9410009384155 12.9330005645752 12.9400005340576 12.9000005722046 12.8860006332397 12.9140005111694 12.8870010375977 12.8320007324219 12.818000793457 12.8640003204346 12.8440008163452 12.7870006561279 12.7140007019043 12.6990003585815 12.7250003814697 12.7610006332397 12.7940006256104 12.9230003356934 13.0870008468628 13.1600008010864
12.6370010375977 12.7530002593994 12.8200006484985 12.8090009689331 12.8460006713867 12.8400001525879 12.7530002593994 12.7700004577637 12.8170003890991 12.8360004425049 12.7940006256104 12.6990003585815 12.6760005950928 12.8350009918213 12.701000213623 12.6290006637573 12.7670001983643 12.8510007858276 12.8380002975464 12.8150005340576 12.9580001831055 13.0180006027222 13.1140003204346 13.1390008926392 13.1110010147095 13.1830005645752 13.1840009689331 13.1420001983643 13.1500005722046 13.1420001983643 13.1450004577637 13.1330003738403 13.032000541687 13.0190010070801 13.0160007476807 13.0120010375977 12.9570007324219 12.9300003051758 12.8910007476807 12.9100008010864 12.8890008926392 12.9100008010864 12.8920001983643 12.8420009613037 12.7590007781982 12.7220010757446 12.7230005264282 12.7500009536743 12.7770004272461 12.7890005111694 12.8810005187988 13.0470008850098 13.2100009918213
12.5920009613037 12.7500009536743 12.9000005722046 12.8390007019043 12.7840003967285 12.9620008468628 13.0270004272461 13.0230007171631 12.9270009994507 12.8250007629395 12.7220010757446 12.6740007400513 12.6590003967285 12.7340002059937 12.6410007476807 12.6490001678467 12.5710010528564 12.6200008392334 12.6860008239746 12.8160009384155 12.9870004653931 13.0440006256104 13.1550006866455 13.1990003585815 13.2110004425049 13.2080001831055 13.2160005569458 13.1270008087158 13.1750001907349 13.1650009155273 13.1630010604858 13.117000579834 13.0130004882812 13.0250005722046 13.0410003662109 13.0070009231567 13.0010004043579 12.9970006942749 12.9480009078979 12.9040002822876 12.9130010604858 12.9370002746582 12.9050006866455 12.8540010452271 12.7600002288818 12.7290010452271 12.7390003204346 12.7560005187988 12.8050003051758 12.8300008773804 12.9370002746582 13.0650005340576 13.16100025177
12.5350008010864 12.6740007400513 12.8610010147095 12.9690008163452 12.9270009994507 12.9410009384155 12.943000793457 12.9930009841919 12.8730001449585 12.9210004806519 12.826000213623 12.6810007095337 12.6020002365112 12.5390005111694 12.702000617981 12.8400001525879 12.7900009155273 12.956000328064 12.826000213623 12.9540004730225 13.0740003585815 13.0560007095337 13.0000009536743 13.1470003128052 13.2730007171631 13.2590007781982 13.2310009002686 13.2340002059937 13.238000869751 13.2030010223389 13.1840009689331 13.0880002975464 13.0590009689331 13.0160007476807 13.0330009460449 13.0200004577637 13.0010004043579 12.9660005569458 12.9360008239746 12.8390007019043 12.8550004959106 12.871000289917 12.867000579834 12.8460006713867 12.8080005645752 12.7500009536743 12.7600002288818 12.7390003204346 12.7950010299683 12.8970003128052 13.0140008926392 13.0940008163452 13.2250003814697
12.6140003204346 12.5830001831055 12.7450008392334 12.8540010452271 12.9060001373291 12.9650001525879 12.9460010528564 12.8970003128052 12.9050006866455 12.8060007095337 12.6630010604858 12.5270004272461 12.6100006103516 12.7530002593994 13.0220003128052 13.0350008010864 13.0660009384155 12.9990005493164 12.9290008544922 13.0440006256104 13.0490007400513 13.0340003967285 13.0500001907349 13.0450010299683 13.1150007247925 13.1810007095337 13.2700004577637 13.3300008773804 13.2740001678467 13.2340002059937 13.2090005874634 13.1750001907349 13.0850009918213 13.0110006332397 13.0500001907349 13.0410003662109 13.0090007781982 12.9640007019043 12.8610010147095 12.7910003662109 12.818000793457 12.8900003433228 12.9190006256104 12.9280004501343 12.9020004272461 12.8740005493164 12.8890008926392 12.8720006942749 12.9090003967285 13.0100002288818 13.0930004119873 13.2500009536743 13.4220008850098
12.7160005569458 12.6520004272461 12.5820007324219 12.7570009231567 12.9760007858276 12.9630002975464 12.9680004119873 12.9210004806519 12.8390007019043 12.7510004043579 12.7030010223389 12.8360004425049 13.0100002288818 13.0300006866455 13.0390005111694 13.0780010223389 13.0930004119873 13.0970010757446 13.0920009613037 13.0750007629395 13.0620002746582 13.0650005340576 13.0410003662109 13.032000541687 13.0150003433228 13.1080007553101 13.2030010223389 13.2630004882812 13.2990007400513 13.2470006942749 13.246000289917 13.1880006790161 13.081000328064 13.0340003967285 13.0240001678467 13.0550003051758 13.0350008010864 13.0000009536743 12.9580001831055 12.8870010375977 12.8470010757446 12.9310007095337 13.0240001678467 13.0240001678467 12.9670009613037 12.9320001602173 12.9720010757446 12.9950008392334 13.0600004196167 13.1040010452271 13.2450008392334 13.4060010910034 13.5580005645752
12.8320007324219 12.9200010299683 12.7830009460449 12.8910007476807 12.9490003585815 12.9340009689331 12.9010009765625 12.8800010681152 12.8490009307861 12.8870010375977 13.0110006332397 13.113000869751 13.0570001602173 13.0080003738403 13.0020008087158 13.0290002822876 13.0610008239746 13.0940008163452 13.0940008163452 13.0750007629395 13.0750007629395 13.07200050354 13.0800008773804 13.0650005340576 13.0650005340576 13.1060009002686 13.1750001907349 13.201000213623 13.1730003356934 13.2290010452271 13.2000007629395 13.1790008544922 13.1630010604858 13.0930004119873 13.0790004730225 13.0540008544922 13.1040010452271 13.0840005874634 13.0630006790161 13.0330009460449 12.9770002365112 12.9870004653931 13.1100006103516 13.1370010375977 13.0460004806519 13.0140008926392 13.0510005950928 13.1100006103516 13.1420001983643 13.2500009536743 13.3790006637573 13.532000541687 -3.4e+38
13.1190004348755 13.0550003051758 13.0040006637573 13.0030002593994 13.0090007781982 12.9800004959106 12.9800004959106 12.9940004348755 12.9770002365112 12.9890003204346 13.0930004119873 13.0960006713867 13.0790004730225 13.081000328064 13.0540008544922 13.0840005874634 13.0780010223389 13.081000328064 13.0930004119873 13.1040010452271 13.1000003814697 13.0690002441406 13.0740003585815 13.0710010528564 13.0650005340576 13.1120004653931 13.1710004806519 13.1670007705688 13.1390008926392 13.1630010604858 13.1750001907349 13.2470006942749 13.238000869751 13.1950006484985 13.1370010375977 13.1060009002686 13.1000003814697 13.1060009002686 13.1090002059937 13.1090002059937 13.0410003662109 13.0300006866455 13.0700006484985 13.1050004959106 13.0930004119873 13.121000289917 13.157000541687 13.2540006637573 13.3540010452271 13.4500007629395 13.5600004196167 -3.4e+38 -3.4e+38
13.3570003509521 13.2570009231567 13.2180004119873 13.1460008621216 13.0620002746582 13.0690002441406 13.0780010223389 13.0460004806519 13.0270004272461 13.0350008010864 13.0590009689331 13.0560007095337 13.1360006332397 13.1460008621216 13.1190004348755 13.1090002059937 13.1230010986328 13.121000289917 13.1390008926392 13.189001083374 13.1580009460449 13.1410007476807 13.1520004272461 13.1600008010864 13.1320009231567 13.0980005264282 13.1110010147095 13.1330003738403 13.1330003738403 13.1580009460449 13.1770009994507 13.2030010223389 13.2740001678467 13.2600002288818 13.2400007247925 13.1980009078979 13.1440010070801 13.1220006942749 13.1360006332397 13.1650009155273 13.1180009841919 13.0960006713867 13.1060009002686 13.0820007324219 13.1110010147095 13.1560010910034 13.2680006027222 13.3950004577637 13.5150003433228 13.6150007247925 -3.4e+38 -3.4e+38 -3.4e+38
13.327000617981 13.2590007781982 13.2700004577637 13.2470006942749 13.1790008544922 13.1360006332397 13.0700006484985 13.0620002746582 13.0250005722046 13.0150003433228 13.0610008239746 13.1100006103516 13.1410007476807 13.1430006027222 13.1250009536743 13.1290006637573 13.1270008087158 13.1360006332397 13.1470003128052 13.1780004501343 13.1960010528564 13.1370010375977 13.113000869751 13.1160001754761 13.1440010070801 13.1670007705688 13.1560010910034 13.1320009231567 13.1090002059937 13.1590003967285 13.2290010452271 13.2290010452271 13.201000213623 13.2700004577637 13.3080005645752 13.318000793457 13.2300004959106 13.1880006790161 13.1690006256104 13.1440010070801 13.1710004806519 13.1520004272461 13.1350002288818 13.1090002059937 13.1460008621216 13.2110004425049 13.3940010070801 13.5190010070801 13.6250009536743 13.7450008392334 -3.4e+38 -3.4e+38 -3.4e+38
13.2730007171631 13.2690010070801 13.2370004653931 13.2260007858276 13.1920003890991 13.1290006637573 13.0700006484985 13.0440006256104 13.0350008010864 13.0600004196167 13.1080007553101 13.1240005493164 13.1390008926392 13.1340007781982 13.1280002593994 13.1560010910034 13.1650009155273 13.1730003356934 13.1760005950928 13.1830005645752 13.1710004806519 13.1690006256104 13.1490001678467 13.1380004882812 13.1420001983643 13.1680002212524 13.1800003051758 13.2430009841919 13.1670007705688 13.1940002441406 13.2190008163452 13.2290010452271 13.2680006027222 13.2960004806519 13.3290004730225 13.3580007553101 13.3210010528564 13.2830009460449 13.2580003738403 13.1850004196167 13.1790008544922 13.1750001907349 13.1950006484985 13.1820001602173 13.2110004425049 13.2960004806519 13.488000869751 13.5940008163452 13.7310009002686 13.8550004959106 -3.4e+38 -3.4e+38 -3.4e+38
