layers/tdmean9.asc
NCOLS 292 
NROWS 291 
XLLCORNER -87.6458333327872 
YLLCORNER 24.4791666666667 
CELLSIZE 0.0416666666669039 
NODATA_value -3.4e+38 
[rows 24 to 47 of 291, columns 106 to 158 of 292]
5.95800018310547 5.26800012588501 6.16200017929077 6.32400035858154 6.22400045394897 6.56800031661987 6.77200031280518 6.42300033569336 6.34800052642822 6.47000026702881 6.50400018692017 6.83100032806396 7.25700044631958 7.10400056838989 7.38100051879883 7.28200054168701 7.38300037384033 7.32900047302246 7.27600049972534 7.27400016784668 7.09900045394897 6.78000020980835 6.37600040435791 6.47100019454956 7.32500028610229 7.56700038909912 7.17300033569336 6.97100019454956 7.55100059509277 7.60900020599365 7.28300046920776 7.4330005645752 7.5120005607605 7.39400053024292 6.8560004234314 7.0580005645752 6.78900051116943 6.72000026702881 7.0310001373291 7.4850001335144 7.58000040054321 7.6850004196167 7.75400018692017 7.85000038146973 7.87400054931641 7.95900058746338 7.9040002822876 7.83000040054321 7.85700035095215 7.88100051879883 7.87600040435791 7.89900016784668 7.88000059127808
5.99100017547607 5.55300045013428 5.7330002784729 6.26000022888184 6.264000415802 6.28500032424927 6.63400030136108 6.6080002784729 6.71300029754639 6.90300035476685 6.74400043487549 7.30000019073486 7.4850001335144 7.50200033187866 7.45000028610229 7.32800054550171 7.31500053405762 7.30700016021729 7.26800012588501 7.30200052261353 7.36500024795532 7.15200042724609 7.19700050354004 7.22400045394897 6.91100025177002 6.94000053405762 7.14700031280518 7.71100044250488 7.31500053405762 7.49400043487549 7.69200038909912 7.33000040054321 7.38100051879883 7.58500051498413 7.66900014877319 7.62900018692017 7.63800048828125 7.58000040054321 7.66600036621094 7.63000059127808 7.7480001449585 7.67900037765503 7.76900053024292 7.87100028991699 7.88400030136108 8.00300025939941 8.02600002288818 7.94500017166138 7.8430004119873 7.78800058364868 7.80500030517578 7.91700029373169 8.02000045776367
6.05800008773804 5.77400016784668 5.94600009918213 6.14000034332275 6.34100008010864 6.42100048065186 6.67300033569336 6.39100027084351 6.61100053787231 6.60000038146973 6.49100017547607 7.1060004234314 7.36400032043457 7.18000030517578 7.35200023651123 7.37600040435791 7.32300043106079 7.38600015640259 7.4040002822876 7.2310004234314 7.2950005531311 7.0910005569458 7.34200048446655 7.4980001449585 7.54400014877319 7.72700023651123 7.89900016784668 7.83200025558472 7.71000051498413 7.85700035095215 7.88200044631958 7.8410005569458 7.86900043487549 7.6060004234314 7.69200038909912 7.78600025177002 7.88100051879883 7.83700037002563 7.80400037765503 7.85100030899048 7.92400026321411 7.87200021743774 7.84800052642822 7.96500015258789 8.04100036621094 8.11600017547607 8.09500026702881 8.02500057220459 7.7810001373291 7.77700042724609 7.87900018692017 8.0620002746582 8.08800029754639
5.96600008010864 5.46000003814697 4.74600028991699 5.66300010681152 6.24100017547607 6.38500022888184 6.4810004234314 6.39400053024292 6.46200037002563 6.41200017929077 6.39900016784668 6.74500036239624 6.56700038909912 6.65000009536743 7.18900012969971 7.37000036239624 7.33400011062622 7.31600046157837 7.36800050735474 7.35400056838989 6.89700031280518 7.02500009536743 7.70100021362305 7.6560001373291 7.86900043487549 7.96900033950806 7.9810004234314 7.93900060653687 7.93100023269653 7.97100019454956 7.99500036239624 8.00200080871582 7.96000051498413 7.86600017547607 7.74000024795532 7.64000034332275 7.90300035476685 7.99500036239624 7.99900054931641 7.99900054931641 8.00900077819824 8.02300071716309 8.00500011444092 8.00900077819824 8.02000045776367 8.15799999237061 8.14100074768066 8.09700012207031 7.9040002822876 7.84500026702881 8.02099990844727 8.11600017547607 8.20900058746338
6.03200006484985 6.14600038528442 5.98000049591064 6.01000022888184 5.6540002822876 6.22700023651123 6.02000045776367 6.18400049209595 5.93200016021729 6.19400024414062 6.29200029373169 6.15500020980835 6.47900009155273 7.03700017929077 7.37400054931641 7.40900039672852 7.29100036621094 7.33400011062622 7.38300037384033 7.33700037002563 7.25200033187866 7.29600048065186 7.58000040054321 7.69800043106079 8.00600051879883 8.05200004577637 8.00500011444092 7.98700046539307 7.95600032806396 8.02000045776367 8.05700016021729 8.04500007629395 8.01900005340576 7.97000026702881 7.79400014877319 7.70500040054321 7.83600044250488 7.96300029754639 8.1200008392334 8.08700084686279 8.11500072479248 8.13000011444092 8.13000011444092 8.11299991607666 8.12400054931641 8.23099994659424 8.26900005340576 8.26700019836426 8.20200061798096 8.17100048065186 8.12900066375732 8.29300022125244 8.39800071716309
6.82500028610229 6.22800016403198 6.16200017929077 5.93600034713745 5.41200017929077 4.7039999961853 5.61400032043457 6.24500036239624 5.32400035858154 5.91600036621094 6.43000030517578 6.2790002822876 6.36200046539307 6.94300031661987 7.38400030136108 7.46700048446655 7.38000011444092 7.20500040054321 7.28000020980835 7.38300037384033 7.52400016784668 7.35300016403198 7.49000024795532 7.78500032424927 8.0890007019043 8.06900024414062 8.04400062561035 7.98900032043457 7.99200057983398 8.07299995422363 8.11500072479248 8.1230001449585 8.1200008392334 8.08400058746338 7.97200059890747 7.97000026702881 7.98700046539307 8.02300071716309 8.0600004196167 8.12400054931641 8.18200016021729 8.20600032806396 8.23500061035156 8.17400074005127 8.20499992370605 8.29200077056885 8.33700084686279 8.32000064849854 8.38300037384033 8.4640007019043 8.44300079345703 8.52500057220459 8.65900039672852
6.84800052642822 6.44700050354004 6.21600008010864 6.24400043487549 6.20000028610229 5.85300016403198 5.43900012969971 5.3580002784729 4.55700016021729 6.01600027084351 6.27800035476685 6.44600009918213 6.62000036239624 7.17400026321411 7.42900037765503 7.44400024414062 7.39900016784668 7.1850004196167 7.22500038146973 7.41000032424927 7.49500036239624 7.40100049972534 7.62200021743774 8.13500022888184 8.09800052642822 8.08200073242188 8.06100082397461 8.0290002822876 8.14800071716309 8.18900012969971 8.24400043487549 8.25 8.23300075531006 8.17199993133545 8.1540002822876 8.18600082397461 8.14300060272217 8.16700077056885 8.19400024414062 8.25699996948242 8.25400066375732 8.1850004196167 8.25300025939941 8.35500049591064 8.35200023651123 8.33400058746338 8.42500019073486 8.47000026702881 8.53200054168701 8.55600070953369 8.6220006942749 8.63899993896484 8.69200038909912
6.35000038146973 6.67400026321411 6.49000024795532 6.19500017166138 6.06700038909912 6.09700012207031 6.15000009536743 5.55000019073486 6.08500051498413 6.42700052261353 6.80900049209595 7.03400039672852 7.22900056838989 7.40900039672852 7.3580002784729 7.3270001411438 7.29100036621094 7.25700044631958 7.30500030517578 7.50900030136108 7.67300033569336 7.51600027084351 8.0310001373291 8.17100048065186 8.08100032806396 8.22500038146973 8.1850004196167 8.22399997711182 8.30200004577637 8.29800033569336 8.28700065612793 8.28999996185303 8.25600051879883 8.27100086212158 8.26000022888184 8.24600028991699 8.26200008392334 8.3430004119873 8.35700035095215 8.35800075531006 8.32100009918213 8.28000068664551 8.35900020599365 8.45700073242188 8.45600032806396 8.49400043487549 8.53999996185303 8.55900001525879 8.55200004577637 8.57700061798096 8.67900085449219 8.70100021362305 8.70000076293945
6.38400030136108 6.37800025939941 6.47000026702881 6.27200031280518 6.2020001411438 6.39600038528442 6.40800046920776 6.50100040435791 6.48800039291382 6.33700037002563 6.5600004196167 7.22500038146973 7.51100015640259 7.31100034713745 7.26600027084351 7.10200023651123 7.25400018692017 7.34600019454956 7.1230001449585 7.4520001411438 7.68400049209595 7.75800037384033 7.82800054550171 8.07400035858154 8.33700084686279 8.35800075531006 8.45800018310547 8.40500068664551 8.36100006103516 8.35000038146973 8.35100078582764 8.31300067901611 8.35599994659424 8.25300025939941 8.24100017547607 8.27500057220459 8.31300067901611 8.37400054931641 8.41000080108643 8.37700080871582 8.42100048065186 8.37600040435791 8.43100070953369 8.52500057220459 8.55100059509277 8.61100006103516 8.60500049591064 8.5910005569458 8.56400012969971 8.61200046539307 8.69600009918213 8.74300003051758 8.70900058746338
6.29900026321411 6.42200040817261 6.35700035095215 6.40300035476685 6.36400032043457 6.51000022888184 6.5600004196167 6.75500011444092 6.74900054931641 6.69300031661987 7.06500053405762 7.46400022506714 7.25100040435791 6.96100044250488 7.24500036239624 6.9060001373291 6.94000053405762 7.12900018692017 7.41000032424927 7.28400039672852 7.30400037765503 7.5120005607605 7.7160005569458 8.40500068664551 8.4980001449585 8.48800086975098 8.57600021362305 8.48300075531006 8.42500019073486 8.39600086212158 8.36900043487549 8.38199996948242 8.4370002746582 8.35800075531006 8.26399993896484 8.26500034332275 8.3100004196167 8.36300086975098 8.39000034332275 8.42000007629395 8.51200008392334 8.44900035858154 8.50500011444092 8.58400058746338 8.63800048828125 8.63199996948242 8.64200019836426 8.62700080871582 8.56300067901611 8.63000011444092 8.61800003051758 8.72300052642822 8.73400020599365
6.35300016403198 6.43400049209595 6.37600040435791 6.60700035095215 6.62400054931641 6.65700054168701 6.76500034332275 6.79200029373169 6.85000038146973 6.94000053405762 7.22900056838989 7.15200042724609 6.77200031280518 6.74900054931641 6.81700038909912 6.89000034332275 7.04800033569336 7.30700016021729 7.44900035858154 7.81500053405762 7.99600028991699 7.44300031661987 7.78500032424927 8.68000030517578 8.72200012207031 8.72200012207031 8.72399997711182 8.62700080871582 8.50600051879883 8.45500087738037 8.40000057220459 8.42600059509277 8.40900039672852 8.38400077819824 8.34000015258789 8.41000080108643 8.42199993133545 8.43200016021729 8.4060001373291 8.42100048065186 8.39600086212158 8.39500045776367 8.5620002746582 8.67600059509277 8.76000022888184 8.76400089263916 8.73099994659424 8.7180004119873 8.63500022888184 8.62800025939941 8.6870002746582 8.69700050354004 8.76700019836426
6.44100046157837 6.39900016784668 6.4350004196167 6.55300045013428 6.6850004196167 6.66800022125244 6.88000011444092 6.88100051879883 6.99200010299683 6.97800016403198 6.98900032043457 6.9060001373291 6.77700042724609 6.8870005607605 6.9370002746582 7.47700023651123 8.42700004577637 8.50500011444092 8.7450008392334 8.76300048828125 8.54600048065186 8.51200008392334 8.89300060272217 8.90000057220459 8.89400005340576 8.88800048828125 8.78900051116943 8.72000026702881 8.63600063323975 8.56599998474121 8.51800060272217 8.50200080871582 8.44400024414062 8.50800037384033 8.54300022125244 8.54800033569336 8.52000045776367 8.50400066375732 8.403000831604 8.28299999237061 8.35400009155273 8.55400085449219 8.60200023651123 8.70300006866455 8.80900001525879 8.78500080108643 8.76700019836426 8.86600017547607 8.77700042724609 8.67500019073486 8.64400005340576 8.64800071716309 8.7470006942749
6.65100049972534 6.71500015258789 7.00000047683716 6.84000015258789 6.78600025177002 7.00200033187866 7.14800024032593 7.75700044631958 7.72400045394897 7.01900053024292 6.84200048446655 6.75800037384033 6.87800025939941 7.58300018310547 8.05400085449219 8.47600078582764 8.87400054931641 8.83700084686279 8.9950008392334 8.9660005569458 9.14600086212158 9.03999996185303 9.06500053405762 9.1560001373291 9.17300033569336 9.02700042724609 8.88199996948242 8.8430004119873 8.78700065612793 8.75900077819824 8.76400089263916 8.71900081634521 8.57600021362305 8.63400077819824 8.66600036621094 8.58200073242188 8.5290002822876 8.47600078582764 8.39800071716309 8.33400058746338 8.38600063323975 8.58500003814697 8.50400066375732 8.52100086212158 8.67000007629395 8.80100059509277 8.79900074005127 8.8080005645752 8.80700016021729 8.78800010681152 8.86200046539307 8.80700016021729 8.78000068664551
6.7310004234314 7.03000020980835 7.37600040435791 6.88200044631958 6.94700050354004 7.32000017166138 8.23300075531006 8.2790002822876 7.88000059127808 7.69300031661987 7.32200050354004 6.81600046157837 7.64000034332275 8.5580005645752 8.66900062561035 8.83600044250488 8.98600006103516 9.03000068664551 9.12900066375732 9.15500068664551 9.22900009155273 9.15000057220459 9.19200038909912 9.22800064086914 9.25500011444092 9.25400066375732 9.17700004577637 8.98000049591064 8.87800025939941 8.85200023651123 8.86900043487549 8.89300060272217 8.7810001373291 8.77100086212158 8.79400062561035 8.66400051116943 8.4950008392334 8.52500057220459 8.56400012969971 8.54100036621094 8.3410005569458 8.23400020599365 8.38899993896484 8.65000057220459 8.625 8.68000030517578 8.82299995422363 8.8720006942749 8.85400009155273 8.86000061035156 8.89300060272217 8.76600074768066 8.83400058746338
7.50000047683716 7.42500019073486 7.25000047683716 7.1560001373291 7.27400016784668 8.3100004196167 8.35900020599365 8.40500068664551 8.13100051879883 8.39500045776367 8.27300071716309 8.30200004577637 8.66499996185303 8.83800029754639 8.88800048828125 8.97000026702881 9.19500064849854 9.1830005645752 9.09600067138672 9.17000007629395 9.19600009918213 9.13900089263916 9.19099998474121 9.16000080108643 9.16000080108643 9.20400047302246 9.20000076293945 9.20200061798096 9.15000057220459 9.05400085449219 8.96500015258789 8.9660005569458 8.86900043487549 8.77200031280518 8.76100063323975 8.64700031280518 8.41800022125244 8.54600048065186 8.47399997711182 8.33400058746338 8.39200019836426 8.36300086975098 8.44500064849854 8.67300033569336 8.63400077819824 8.69500064849854 8.81100082397461 8.85599994659424 8.82600021362305 8.91900062561035 8.98700046539307 8.94900035858154 8.86900043487549
7.64500045776367 7.639000415802 7.69000053405762 7.35400056838989 8.3120002746582 8.51100063323975 8.47700023651123 8.68800067901611 8.71500015258789 8.61100006103516 8.48900032043457 8.48400020599365 8.63300037384033 8.68000030517578 8.6850004196167 9.05100059509277 9.23600006103516 9.14400005340576 9.14100074768066 9.11700057983398 9.15100002288818 9.14900016784668 9.13500022888184 9.09400081634521 9.05100059509277 9.10700035095215 9.16499996185303 9.09899997711182 9.1830005645752 9.22000026702881 9.14900016784668 8.96000003814697 8.85500049591064 8.86000061035156 8.68000030517578 8.7470006942749 8.70200061798096 8.51900005340576 8.42300033569336 8.42300033569336 8.36100006103516 8.33300018310547 8.53900051116943 8.64500045776367 8.62400054931641 8.77400016784668 8.81500053405762 8.95900058746338 8.92500019073486 8.89300060272217 8.89900016784668 8.91600036621094 8.94099998474121
7.93100023269653 8.1200008392334 8.19400024414062 8.35400009155273 8.55900001525879 8.61400032043457 8.5 8.77700042724609 8.73500061035156 8.79100036621094 8.69400024414062 8.82600021362305 8.91499996185303 8.87900066375732 8.80000019073486 9.03800010681152 9.21900081634521 9.32700061798096 9.23200035095215 9.13100051879883 9.12400054931641 9.08800029754639 9.08000087738037 9.08100032806396 9.05000019073486 9.06700038909912 9.05900001525879 9.05200004577637 9.04800033569336 9.2450008392334 9.16700077056885 8.9330005645752 8.98500061035156 8.9950008392334 8.97800064086914 8.82000064849854 8.55900001525879 8.58100032806396 8.60000038146973 8.47700023651123 8.47900009155273 8.38300037384033 8.40000057220459 8.49400043487549 8.67800045013428 8.69799995422363 8.76100063323975 8.83500003814697 9.01000022888184 8.95100021362305 8.85000038146973 8.74000072479248 8.89200019836426
8.23500061035156 8.38100051879883 8.53500080108643 8.61400032043457 8.65500068664551 8.67900085449219 8.66499996185303 8.8390007019043 8.98200035095215 8.90700054168701 8.85700035095215 9.03999996185303 9.11000061035156 9.06599998474121 9.09000015258789 9.23500061035156 9.27700042724609 9.28000068664551 9.20900058746338 9.11200046539307 9.05100059509277 9.03000068664551 9.04700088500977 9.03000068664551 9.02000045776367 9.02700042724609 9.05100059509277 8.94400024414062 8.97600078582764 8.80400085449219 9.05000019073486 8.95400047302246 8.94300079345703 8.95600032806396 9.01000022888184 8.96900081634521 8.76400089263916 8.60000038146973 8.50200080871582 8.54699993133545 8.51600074768066 8.53299999237061 8.47300052642822 8.66400051116943 8.80500030517578 8.59200000762939 8.64400005340576 8.95300006866455 9.03200054168701 8.96900081634521 8.875 8.68600082397461 8.89200019836426
8.46500015258789 8.55900001525879 8.66800022125244 8.69900035858154 8.7810001373291 8.85500049591064 8.96200084686279 9.03900051116943 9.12400054931641 8.92600059509277 8.9330005645752 9.11700057983398 9.15500068664551 9.14100074768066 9.18200016021729 9.3100004196167 9.28299999237061 9.25100040435791 9.16400051116943 9.05500030517578 8.98800086975098 8.99900054931641 9.09500026702881 9.10200023651123 9.0310001373291 9.03000068664551 9.01800060272217 8.92800045013428 8.78500080108643 8.86500072479248 8.87700080871582 9.20400047302246 9.20400047302246 8.93600082397461 8.70900058746338 8.70200061798096 8.75800037384033 8.83000087738037 8.83300018310547 8.8700008392334 8.88400077819824 8.7180004119873 8.56599998474121 8.70800018310547 8.54400062561035 8.59400081634521 8.78900051116943 9.03900051116943 9 8.92600059509277 8.87400054931641 8.87900066375732 9.03500080108643
8.67500019073486 8.7140007019043 8.7450008392334 8.80900001525879 8.87900066375732 8.93000030517578 9.01500034332275 9.17300033569336 9.35400009155273 9.08800029754639 9.08000087738037 9.20700073242188 9.16400051116943 9.22300052642822 9.33000087738037 9.34500026702881 9.27000045776367 9.23800086975098 9.15700054168701 9.13900089263916 9.07299995422363 9.13199996948242 9.14700031280518 9.11000061035156 9.05000019073486 8.98900032043457 9.06300067901611 9.00500011444092 8.89000034332275 8.83000087738037 8.82200050354004 9.12400054931641 9.01200008392334 8.94500064849854 8.83200073242188 8.73500061035156 8.66100025177002 8.89600086212158 8.94200038909912 8.92600059509277 9.00600051879883 8.86800003051758 8.66200065612793 8.58000087738037 8.60200023651123 8.86900043487549 9.06900024414062 9.11000061035156 9.14700031280518 9.04500007629395 8.95200061798096 9.02100086212158 9.11100006103516
8.83700084686279 8.81500053405762 8.84500026702881 8.9350004196167 9.00699996948242 9.09500026702881 9.18800067901611 9.29000091552734 9.33400058746338 9.23000049591064 9.37400054931641 9.24200057983398 9.3100004196167 9.31700038909912 9.40000057220459 9.39800071716309 9.36900043487549 9.30900001525879 9.27600002288818 9.25 9.25100040435791 9.19200038909912 9.20500087738037 9.15900039672852 9.17400074005127 9.16100025177002 9.02500057220459 8.86600017547607 8.97600078582764 8.9640007019043 8.88199996948242 8.8430004119873 8.81100082397461 8.74400043487549 8.7790002822876 8.73400020599365 8.69500064849854 8.97399997711182 9.04200077056885 9.00200080871582 8.94900035858154 8.90799999237061 8.91300010681152 8.94500064849854 8.98400020599365 8.98000049591064 9.02200031280518 9.028000831604 9.04700088500977 9.03500080108643 9.05700016021729 9.11200046539307 9.22100067138672
8.94000053405762 8.96700000762939 8.95400047302246 9.04700088500977 9.09200000762939 9.11900043487549 9.3080005645752 9.22399997711182 9.40500068664551 9.50600051879883 9.32900047302246 9.36500072479248 9.28600025177002 9.41200065612793 9.42000007629395 9.45000076293945 9.40500068664551 9.375 9.30400085449219 9.29500007629395 9.27500057220459 9.14700031280518 9.14400005340576 9.24600028991699 9.23700046539307 9.11600017547607 8.87700080871582 8.79100036621094 8.84000015258789 8.9350004196167 8.9970006942749 8.92200088500977 8.72500038146973 8.64500045776367 8.71500015258789 8.80900001525879 8.86400032043457 9.02000045776367 9.19400024414062 9.25699996948242 9.19500064849854 9.15500068664551 9.10700035095215 9.13700008392334 9.09000015258789 9.00100040435791 8.9060001373291 8.87600040435791 8.93900012969971 8.92200088500977 8.9330005645752 9.01100063323975 9.10400009155273
9.22900009155273 9.20900058746338 9.12700080871582 9.125 9.26300048828125 9.29400062561035 9.26000022888184 9.28200054168701 9.44700050354004 9.55000019073486 9.48600006103516 9.37800025939941 9.40500068664551 9.43400001525879 9.43000030517578 9.42400074005127 9.44600009918213 9.39900016784668 9.30200004577637 9.31400012969971 9.2810001373291 9.0930004119873 9.10200023651123 9.21500015258789 9.22399997711182 9.153000831604 9.00300025939941 9.00500011444092 8.85000038146973 8.82299995422363 8.94000053405762 9.06100082397461 9.06400012969971 8.94900035858154 8.84500026702881 8.91400051116943 9.00900077819824 9.14500045776367 9.33400058746338 9.34800052642822 9.30500030517578 9.20600032806396 9.15799999237061 9.21000003814697 9.05400085449219 8.90000057220459 8.84899997711182 8.90000057220459 8.99900054931641 9.01900005340576 8.97500038146973 8.9980001449585 9.05400085449219
9.43600082397461 9.38199996948242 9.33300018310547 9.3730001449585 9.24200057983398 9.36600017547607 9.56300067901611 9.41100025177002 9.54200077056885 9.50900077819824 9.48900032043457 9.50800037384033 9.4350004196167 9.44500064849854 9.42400074005127 9.41800022125244 9.44099998474121 9.46500015258789 9.2790002822876 9.24400043487549 9.28700065612793 9.17500019073486 9.0930004119873 9.2470006942749 9.23900032043457 9.12100028991699 9.24600028991699 9.05600070953369 9.01800060272217 8.97900009155273 9.00100040435791 9.01900005340576 9.06700038909912 9.05500030517578 9.0890007019043 9.11300086975098 9.16600036621094 9.22700023651123 9.35400009155273 9.37700080871582 9.34400081634521 9.29100036621094 9.22700023651123 9.02200031280518 9.00400066375732 8.88700008392334 8.90799999237061 8.95300006866455 9.06500053405762 9.17500019073486 9.18600082397461 9.21900081634521 9.17500019073486
