layers/tdmean11.asc
NCOLS 292 
NROWS 291 
XLLCORNER -87.6458333327872 
YLLCORNER 24.4791666666667 
CELLSIZE 0.0416666666669039 
NODATA_value -3.4e+38 
[rows 120 to 143 of 291, columns 53 to 105 of 292]
-3.4e+38 -3.4e+38 -3.4e+38 -3.4e+38 -3.4e+38 -3.4e+38 -3.4e+38 -3.4e+38 -3.4e+38 11.5740003585815 11.6090002059937 11.5900001525879 11.4890003204346 11.3830003738403 11.3860006332397 11.4040002822876 11.4730005264282 11.4890003204346 11.5590009689331 11.5990009307861 11.6010007858276 11.6010007858276 11.5930004119873 11.5910005569458 11.5900001525879 11.6070003509521 11.6370000839233 11.6320009231567 11.6190004348755 11.6100006103516 11.621000289917 11.6460008621216 11.6870002746582 11.7600002288818 11.8390007019043 11.9180002212524 11.9410009384155 11.9890003204346 12.0380001068115 12.0900001525879 12.1390008926392 12.1780004501343 12.0780010223389 12.0900001525879 12.1410007476807 12.1340007781982 12.153000831604 12.1790008544922 12.1350002288818 12.1740007400513 12.1450004577637 12.1450004577637 12.1340007781982
-3.4e+38 -3.4e+38 -3.4e+38 -3.4e+38 -3.4e+38 -3.4e+38 -3.4e+38 -3.4e+38 -3.4e+38 11.5430002212524 11.6700010299683 11.6870002746582 11.5840005874634 11.4750003814697 11.4760007858276 11.4780006408691 11.5530004501343 11.5800008773804 11.6010007858276 11.621000289917 11.613000869751 11.6150007247925 11.6150007247925 11.6230001449585 11.6290006637573 11.6650009155273 11.6510009765625 11.66100025177 11.6250009536743 11.613000869751 11.6300001144409 11.6580009460449 11.7250003814697 11.8370008468628 11.9360008239746 11.9680004119873 12.0650005340576 12.1340007781982 12.1350002288818 12.1450004577637 12.1990003585815 12.2300004959106 12.2760009765625 12.2700004577637 12.3020009994507 12.3200006484985 12.2270002365112 12.1710004806519 12.1670007705688 12.1950006484985 12.1800003051758 12.1600008010864 12.1460008621216
-3.4e+38 -3.4e+38 -3.4e+38 -3.4e+38 -3.4e+38 -3.4e+38 -3.4e+38 -3.4e+38 -3.4e+38 11.6680002212524 11.7200002670288 11.7050008773804 11.6800003051758 11.6090002059937 11.6330003738403 11.621000289917 11.6580009460449 11.6440010070801 11.6450004577637 11.6240005493164 11.6100006103516 11.6250009536743 11.6240005493164 11.6230001449585 11.6290006637573 11.6800003051758 11.6740007400513 11.6820001602173 11.657000541687 11.6350002288818 11.6270008087158 11.6710004806519 11.7570009231567 11.8740005493164 12.0000009536743 12.0800008773804 12.1350002288818 12.1950006484985 12.1980009078979 12.2440004348755 12.2650003433228 12.3050003051758 12.3620004653931 12.4040002822876 12.3790006637573 12.403000831604 12.2350006103516 12.1460008621216 12.1910009384155 12.2030010223389 12.1840009689331 12.1520004272461 12.1330003738403
-3.4e+38 -3.4e+38 -3.4e+38 -3.4e+38 -3.4e+38 -3.4e+38 -3.4e+38 -3.4e+38 -3.4e+38 11.7360010147095 11.7350006103516 11.7210006713867 11.6740007400513 11.6800003051758 11.7110004425049 11.7320003509521 11.7330007553101 11.693000793457 11.6630001068115 11.6400003433228 11.6240005493164 11.6410007476807 11.6310005187988 11.6260004043579 11.6730003356934 11.6830005645752 11.6940002441406 11.6950006484985 11.7160005569458 11.6980009078979 11.6560001373291 11.6890001296997 11.7760009765625 11.9400005340576 11.9910001754761 12.1290006637573 12.3430004119873 12.2620010375977 12.2260007858276 12.2670001983643 12.2750005722046 12.3200006484985 12.3290004730225 12.3550004959106 12.3250007629395 12.1980009078979 12.0550003051758 11.9810009002686 12.0740003585815 12.0960006713867 12.1140003204346 12.1000003814697 12.1080007553101
-3.4e+38 -3.4e+38 -3.4e+38 -3.4e+38 -3.4e+38 -3.4e+38 -3.4e+38 -3.4e+38 -3.4e+38 11.7320003509521 11.7450008392334 11.7510004043579 11.78600025177 11.8140001296997 11.8000001907349 11.8480005264282 11.8190002441406 11.7490005493164 11.7350006103516 11.6850004196167 11.6840009689331 11.6910009384155 11.653000831604 11.657000541687 11.7000007629395 11.7160005569458 11.7580003738403 11.6980009078979 11.7190008163452 11.7180004119873 11.6450004577637 11.7300004959106 11.9010009765625 11.9660005569458 12.1840009689331 12.3610010147095 12.3690004348755 12.3490009307861 12.2430009841919 12.2660007476807 12.28600025177 12.3130006790161 12.3020009994507 12.2850008010864 12.2440004348755 12.0950002670288 11.9500007629395 12.0040006637573 12.0930004119873 12.1110010147095 12.0840005874634 12.0330009460449 12.0670003890991
-3.4e+38 -3.4e+38 -3.4e+38 -3.4e+38 -3.4e+38 -3.4e+38 -3.4e+38 -3.4e+38 11.7130002975464 11.78600025177 11.8100004196167 11.8100004196167 11.82200050354 11.8770008087158 11.8580007553101 11.8660001754761 11.8800001144409 11.7970008850098 11.8000001907349 11.8150005340576 11.7930002212524 11.7590007781982 11.7290000915527 11.7610006332397 11.7550001144409 11.78600025177 11.7930002212524 11.7550001144409 11.7630004882812 11.738000869751 11.7320003509521 11.7920007705688 11.9050006866455 11.9930009841919 12.1870002746582 12.4040002822876 12.3840007781982 12.3440008163452 12.3420009613037 12.2640008926392 12.2690010070801 12.278000831604 12.2610006332397 12.2540006637573 12.2500009536743 12.1390008926392 12.0620002746582 12.07200050354 12.1620006561279 12.1560001373291 12.1390008926392 12.0690002441406 12.0630006790161
-3.4e+38 -3.4e+38 -3.4e+38 -3.4e+38 -3.4e+38 -3.4e+38 -3.4e+38 -3.4e+38 11.9710006713867 11.9340009689331 11.8840007781982 11.8750009536743 11.8460006713867 11.8880004882812 11.9250001907349 11.9040002822876 11.9260005950928 11.8560009002686 11.8290004730225 11.7990007400513 11.827000617981 11.8390007019043 11.831000328064 11.8230009078979 11.7940006256104 11.8040008544922 11.7840003967285 11.7800006866455 11.7320003509521 11.8100004196167 11.8540000915527 11.9910001754761 12.1750001907349 12.1430006027222 12.2740001678467 12.4500007629395 12.4500007629395 12.367000579834 12.3780002593994 12.3560009002686 12.3060007095337 12.2700004577637 12.2560005187988 12.2830009460449 12.2520008087158 12.1950006484985 12.1350002288818 12.1490001678467 12.1810007095337 12.1860008239746 12.1630001068115 12.1020002365112 12.0530004501343
-3.4e+38 -3.4e+38 -3.4e+38 -3.4e+38 -3.4e+38 -3.4e+38 -3.4e+38 -3.4e+38 12.0750007629395 12.0350008010864 11.9230003356934 11.8910007476807 11.871000289917 11.8970003128052 11.9390001296997 11.9600009918213 11.9740009307861 11.9040002822876 11.8750009536743 11.8840007781982 11.8730001449585 11.9000005722046 11.8880004882812 11.8280010223389 11.8400001525879 11.8170003890991 11.8050003051758 11.8840007781982 11.8920001983643 11.903000831604 11.9040002822876 12.0650005340576 12.4130010604858 12.5300006866455 12.4870004653931 12.5470008850098 12.5270004272461 12.4050006866455 12.3660001754761 12.3520002365112 12.3680009841919 12.3250007629395 12.2610006332397 12.2850008010864 12.2790002822876 12.2150001525879 12.202000617981 12.1630001068115 12.2330007553101 12.2270002365112 12.1870002746582 12.1150007247925 12.0940008163452
-3.4e+38 -3.4e+38 -3.4e+38 -3.4e+38 -3.4e+38 -3.4e+38 -3.4e+38 -3.4e+38 12.202000617981 12.1740007400513 12.0950002670288 11.9760007858276 11.9060001373291 11.9200010299683 11.9400005340576 11.9950008392334 11.9930009841919 11.9570007324219 11.9190006256104 11.9450006484985 11.9650001525879 11.9770002365112 11.9270009994507 11.871000289917 11.8430004119873 11.8170003890991 11.8660001754761 11.9100008010864 11.9690008163452 11.9260005950928 11.9800004959106 12.1100006103516 12.5520009994507 12.5730009078979 12.4910001754761 12.5390005111694 12.5010004043579 12.451000213623 12.3110008239746 12.3140001296997 12.3290004730225 12.3490009307861 12.3520002365112 12.3500003814697 12.3410005569458 12.3330001831055 12.2900009155273 12.2070007324219 12.2110004425049 12.2830009460449 12.2760009765625 12.1680002212524 12.1280002593994
-3.4e+38 -3.4e+38 -3.4e+38 -3.4e+38 -3.4e+38 -3.4e+38 -3.4e+38 -3.4e+38 12.2830009460449 12.2390003204346 12.2050008773804 12.0900001525879 11.9600009918213 11.9690008163452 12.0240001678467 12.0670003890991 12.1180009841919 12.0610008239746 12.0420007705688 12.0200004577637 12.0350008010864 12.0140008926392 11.9760007858276 11.9240007400513 11.8510007858276 11.8590002059937 11.8700008392334 11.9260005950928 11.9840002059937 12.032000541687 12.0820007324219 12.2410001754761 12.576000213623 12.5600004196167 12.4720001220703 12.4770002365112 12.4350004196167 12.4240007400513 12.2770004272461 12.2770004272461 12.2710008621216 12.3190002441406 12.3460006713867 12.3690004348755 12.327000617981 12.3940010070801 12.3530006408691 12.2870006561279 12.2830009460449 12.3110008239746 12.3110008239746 12.1990003585815 12.1900005340576
-3.4e+38 -3.4e+38 -3.4e+38 -3.4e+38 -3.4e+38 -3.4e+38 -3.4e+38 -3.4e+38 12.3450002670288 12.3010005950928 12.3020009994507 12.1740007400513 12.0730009078979 12.1000003814697 12.1540002822876 12.2110004425049 12.2240009307861 12.1840009689331 12.1640005111694 12.1520004272461 12.1240005493164 12.0610008239746 12.0200004577637 11.9600009918213 11.9360008239746 11.9000005722046 11.8940010070801 11.9570007324219 12.0510005950928 12.1260004043579 12.2500009536743 12.4580001831055 12.6030006408691 12.4820003509521 12.3610010147095 12.3950004577637 12.2890005111694 12.2970008850098 12.1990003585815 12.1830005645752 12.2050008773804 12.2290010452271 12.3090009689331 12.3870010375977 12.3790006637573 12.4150009155273 12.363000869751 12.3440008163452 12.3440008163452 12.3550004959106 12.3490009307861 12.2740001678467 12.2430009841919
-3.4e+38 -3.4e+38 -3.4e+38 -3.4e+38 -3.4e+38 -3.4e+38 -3.4e+38 -3.4e+38 -3.4e+38 12.4160003662109 12.41100025177 12.2770004272461 12.2700004577637 12.2660007476807 12.2580003738403 12.3200006484985 12.3010005950928 12.3140001296997 12.2740001678467 12.2850008010864 12.2450008392334 12.1710004806519 12.0870008468628 12.0400009155273 12.0020008087158 11.9950008392334 11.9680004119873 12.0100002288818 12.1650009155273 12.3250007629395 12.5920009613037 12.576000213623 12.5190010070801 12.4240007400513 12.3200006484985 12.3080005645752 12.1990003585815 12.1180009841919 12.0300006866455 12.0540008544922 12.1230001449585 12.2110004425049 12.2570009231567 12.3300008773804 12.3680009841919 12.4360008239746 12.403000831604 12.3770008087158 12.363000869751 12.3760004043579 12.4130010604858 12.331000328064 12.326000213623
-3.4e+38 -3.4e+38 -3.4e+38 -3.4e+38 -3.4e+38 -3.4e+38 -3.4e+38 -3.4e+38 -3.4e+38 -3.4e+38 12.4320001602173 12.3530006408691 12.3830003738403 12.4210004806519 12.4240007400513 12.4210004806519 12.4230003356934 12.4350004196167 12.4320001602173 12.4140005111694 12.3620004653931 12.2950010299683 12.2330007553101 12.1470003128052 12.1340007781982 12.1340007781982 12.0640001296997 12.1870002746582 12.278000831604 12.6720008850098 12.7220010757446 12.6600008010864 12.5650005340576 12.327000617981 12.2250003814697 12.2240009307861 12.0980005264282 12.0310001373291 11.9550008773804 12.0200004577637 12.0690002441406 12.1650009155273 12.2500009536743 12.3350009918213 12.4040002822876 12.4750003814697 12.451000213623 12.4670009613037 12.4350004196167 12.4100008010864 12.4440002441406 12.4090003967285 12.3950004577637
-3.4e+38 -3.4e+38 -3.4e+38 -3.4e+38 -3.4e+38 -3.4e+38 -3.4e+38 -3.4e+38 -3.4e+38 -3.4e+38 12.4610004425049 12.407000541687 12.451000213623 12.4970006942749 12.5170001983643 12.5530004501343 12.5430002212524 12.5800008773804 12.5560007095337 12.5470008850098 12.5150003433228 12.4500007629395 12.3820009231567 12.2990007400513 12.2320003509521 12.2090005874634 12.2170009613037 12.2940006256104 12.6060009002686 12.7950010299683 12.6910009384155 12.6050004959106 12.5960006713867 12.3680009841919 12.2260007858276 12.2330007553101 12.0840005874634 12.1300001144409 12.1340007781982 12.1440010070801 12.1880006790161 12.2500009536743 12.3020009994507 12.3380002975464 12.4300003051758 12.4770002365112 12.5180006027222 12.4870004653931 12.4840002059937 12.4720001220703 12.4820003509521 12.4690008163452 12.4540004730225
-3.4e+38 -3.4e+38 -3.4e+38 -3.4e+38 12.451000213623 12.4830007553101 12.488000869751 12.452000617981 12.3640003204346 12.3430004119873 12.5030002593994 12.4740009307861 12.4950008392334 12.5840005874634 12.5870008468628 12.6490001678467 12.6310005187988 12.6160001754761 12.5890007019043 12.57200050354 12.5590009689331 12.5480003356934 12.4800004959106 12.3850002288818 12.3230009078979 12.28600025177 12.3360004425049 12.6310005187988 12.8080005645752 12.7900009155273 12.6460008621216 12.528000831604 12.5470008850098 12.4300003051758 12.3660001754761 12.246000289917 12.2090005874634 12.2240009307861 12.2280006408691 12.2730007171631 12.3010005950928 12.3400001525879 12.3240003585815 12.3400001525879 12.4300003051758 12.4750003814697 12.4330005645752 12.5240001678467 12.4800004959106 12.4950008392334 12.5040006637573 12.5290002822876 12.4990005493164
12.1900005340576 12.2430009841919 12.3200006484985 12.4850006103516 12.5330009460449 12.581000328064 12.6010007858276 12.5150003433228 12.4500007629395 12.4670009613037 12.581000328064 12.5510005950928 12.5600004196167 12.6660003662109 12.7110004425049 12.7350006103516 12.7570009231567 12.6790008544922 12.6040010452271 12.6120004653931 12.6490001678467 12.6150007247925 12.5100002288818 12.4370002746582 12.3620004653931 12.3190002441406 12.4940004348755 12.6490001678467 12.7090005874634 12.7320003509521 12.6500005722046 12.5380010604858 12.4630002975464 12.4690008163452 12.3430004119873 12.2450008392334 12.2910003662109 12.3120002746582 12.3700008392334 12.4180002212524 12.3960008621216 12.3360004425049 12.3570003509521 12.3680009841919 12.4000005722046 12.4640007019043 12.4780006408691 12.4990005493164 12.4990005493164 12.5180006027222 12.4850006103516 12.5140008926392 12.4490003585815
12.2260007858276 12.2910003662109 12.3950004577637 12.4770002365112 12.5300006866455 12.621000289917 12.6680002212524 12.5600004196167 12.5470008850098 12.5570001602173 12.5860004425049 12.6690006256104 12.6660003662109 12.6880006790161 12.7150001525879 12.7100009918213 12.7470006942749 12.7370004653931 12.6550006866455 12.6540002822876 12.6660003662109 12.6040010452271 12.5470008850098 12.4790010452271 12.4450006484985 12.5250005722046 12.5700006484985 12.6660003662109 12.6520004272461 12.6960010528564 12.701000213623 12.6310005187988 12.4610004425049 12.4550008773804 12.3610010147095 12.4410009384155 12.3740005493164 12.41100025177 12.4590005874634 12.4790010452271 12.5160007476807 12.4530010223389 12.4710006713867 12.3640003204346 12.4100008010864 12.5410003662109 12.5350008010864 12.5260009765625 12.5330009460449 12.5580005645752 12.5440006256104 12.528000831604 12.44700050354
12.1850004196167 12.2880001068115 12.3840007781982 12.4690008163452 12.5160007476807 12.5700006484985 12.6680002212524 12.6450004577637 12.613000869751 12.6060009002686 12.6240005493164 12.6980009078979 12.69700050354 12.7410001754761 12.7210006713867 12.6940002441406 12.7040004730225 12.6850004196167 12.6670007705688 12.6630010604858 12.5900001525879 12.5560007095337 12.5110006332397 12.5340003967285 12.6020002365112 12.6350002288818 12.7180004119873 12.6590003967285 12.6510009765625 12.6740007400513 12.7050008773804 12.6500005722046 12.5400009155273 12.4450006484985 12.5270004272461 12.488000869751 12.5480003356934 12.4690008163452 12.5070009231567 12.5410003662109 12.5640001296997 12.5690002441406 12.5820007324219 12.5380010604858 12.4700002670288 12.5890007019043 12.5580005645752 12.5550003051758 12.5540008544922 12.5730009078979 12.5450010299683 12.4490003585815 12.4420003890991
12.1850004196167 12.2520008087158 12.331000328064 12.4450006484985 12.492000579834 12.5430002212524 12.568000793457 12.6410007476807 12.6300010681152 12.6310005187988 12.6560001373291 12.7240009307861 12.7400007247925 12.7650003433228 12.7840003967285 12.7630004882812 12.6950006484985 12.6650009155273 12.6840009689331 12.6470003128052 12.5450010299683 12.492000579834 12.5630006790161 12.6380004882812 12.6760005950928 12.7540006637573 12.7700004577637 12.7540006637573 12.7070007324219 12.7120008468628 12.7770004272461 12.5630006790161 12.5270004272461 12.6070003509521 12.7180004119873 12.7110004425049 12.5590009689331 12.5240001678467 12.5530004501343 12.5890007019043 12.6010007858276 12.6100006103516 12.6600008010864 12.6000003814697 12.4710006713867 12.5130004882812 12.568000793457 12.5490007400513 12.5670003890991 12.5340003967285 12.4730005264282 12.4210004806519 12.4240007400513
12.2390003204346 12.2580003738403 12.2910003662109 12.3950004577637 12.4680004119873 12.5210008621216 12.5260009765625 12.6110010147095 12.6260004043579 12.6490001678467 12.7050008773804 12.7690010070801 12.7800006866455 12.7870006561279 12.8200006484985 12.827000617981 12.8170003890991 12.7690010070801 12.6650009155273 12.4660005569458 12.5020008087158 12.5250005722046 12.5600004196167 12.6900005340576 12.742000579834 12.7580003738403 12.7900009155273 12.82200050354 12.863000869751 12.8590002059937 12.8190002441406 12.8040008544922 12.8170003890991 12.8550004959106 12.8190002441406 12.7680006027222 12.6900005340576 12.6000003814697 12.57200050354 12.6370010375977 12.6490001678467 12.5430002212524 12.5460004806519 12.5840005874634 12.5570001602173 12.4640007019043 12.4850006103516 12.4720001220703 12.5380010604858 12.5040006637573 12.4620008468628 12.4020004272461 12.4390001296997
12.2250003814697 12.2540006637573 12.3190002441406 12.3350009918213 12.4380006790161 12.5800008773804 12.5510005950928 12.5800008773804 12.5910005569458 12.6390008926392 12.7080001831055 12.7890005111694 12.8150005340576 12.8250007629395 12.7530002593994 12.7500009536743 12.6350002288818 12.5690002441406 12.5180006027222 12.5000009536743 12.6110010147095 12.5830001831055 12.7470006942749 12.7640008926392 12.831000328064 12.8410005569458 12.8390007019043 12.9000005722046 12.8860006332397 12.8490009307861 12.9150009155273 12.9400005340576 12.9690008163452 12.7950010299683 12.778000831604 12.8010005950928 12.8330001831055 12.7960004806519 12.7050008773804 12.6240005493164 12.6370010375977 12.6850004196167 12.6350002288818 12.5550003051758 12.5210008621216 12.5290002822876 12.4620008468628 12.4170007705688 12.5480003356934 12.53600025177 12.4700002670288 12.4440002441406 12.5000009536743
12.2580003738403 12.3210010528564 12.3950004577637 12.4780006408691 12.5380010604858 12.5950002670288 12.6000003814697 12.6260004043579 12.6150007247925 12.6030006408691 12.7300004959106 12.7040004730225 12.8080005645752 12.8640003204346 12.7630004882812 12.6460008621216 12.6110010147095 12.653000831604 12.6380004882812 12.6650009155273 12.7330007553101 12.8150005340576 12.9080009460449 12.9240007400513 12.9150009155273 12.8890008926392 12.9140005111694 12.8940010070801 12.8860006332397 12.9190006256104 12.9370002746582 12.9500007629395 12.9660005569458 12.9290008544922 12.8870010375977 12.8640003204346 12.8290004730225 12.8840007781982 12.7730007171631 12.7590007781982 12.6510009765625 12.6830005645752 12.7130002975464 12.6270008087158 12.5960006713867 12.5920009613037 12.6270008087158 12.5400009155273 12.532000541687 12.6100006103516 12.6060009002686 12.5550003051758 12.5950002670288
12.2360010147095 12.2750005722046 12.3690004348755 12.4740009307861 12.5020008087158 12.6110010147095 12.6090002059937 12.6040010452271 12.5790004730225 12.5800008773804 12.6590003967285 12.7670001983643 12.8350009918213 12.8690004348755 12.7320003509521 12.7260007858276 12.6910009384155 12.6850004196167 12.7480001449585 12.8150005340576 12.8920001983643 12.9400005340576 12.9850006103516 12.9230003356934 12.9370002746582 12.9350004196167 12.9490003585815 12.9300003051758 12.943000793457 12.952000617981 12.9290008544922 12.903000831604 12.8940010070801 12.8520002365112 12.9780006408691 13.0220003128052 13.0010004043579 12.9150009155273 12.9550008773804 12.7810001373291 12.6880006790161 12.7050008773804 12.7370004653931 12.6850004196167 12.6390008926392 12.6410007476807 12.6940002441406 12.6940002441406 12.7230005264282 12.8420009613037 12.8210010528564 12.7040004730225 12.7140007019043
11.9760007858276 12.0670003890991 12.1940002441406 12.3430004119873 12.2250003814697 12.4460010528564 12.6220006942749 12.568000793457 12.5070009231567 12.5790004730225 12.6360006332397 12.7560005187988 12.8650007247925 12.7790002822876 12.7520008087158 12.6840009689331 12.6870002746582 12.7440004348755 12.8500003814697 12.9400005340576 12.9820003509521 12.9930009841919 12.9790010452271 12.9720010757446 12.988000869751 12.9870004653931 12.9720010757446 12.9500007629395 12.9380006790161 12.9580001831055 12.9570007324219 12.9460010528564 12.996000289917 12.988000869751 13.0530004501343 13.1350002288818 13.0490007400513 13.0330009460449 13.076000213623 12.9440002441406 12.9120006561279 12.8500003814697 12.8700008392334 12.8490009307861 12.814001083374 12.8130006790161 12.818000793457 12.8350009918213 12.8850002288818 12.943000793457 12.9660005569458 12.9700002670288 12.8390007019043
