layers/tdmean11.asc
NCOLS 292 
NROWS 291 
XLLCORNER -87.6458333327872 
YLLCORNER 24.4791666666667 
CELLSIZE 0.0416666666669039 
NODATA_value -3.4e+38 
[rows 24 to 47 of 291, columns 53 to 105 of 292]
-3.4e+38 -3.4e+38 -3.4e+38 -3.4e+38 -3.4e+38 -3.4e+38 -3.4e+38 -3.4e+38 -3.4e+38 -3.4e+38 -3.4e+38 -3.4e+38 -3.4e+38 -3.4e+38 -3.4e+38 -3.4e+38 -3.4e+38 -3.4e+38 -3.4e+38 -3.4e+38 -3.4e+38 -3.4e+38 -3.4e+38 -3.4e+38 -3.4e+38 -3.4e+38 -3.4e+38 -3.4e+38 -3.4e+38 -3.4e+38 -3.4e+38 -3.4e+38 -3.4e+38 -3.4e+38 -3.4e+38 -3.4e+38 -3.4e+38 -3.4e+38 -3.4e+38 -3.4e+38 -3.4e+38 -3.4e+38 -3.4e+38 -3.4e+38 -3.4e+38 -3.4e+38 -3.4e+38 4.96500015258789 5.81600046157837 5.77100038528442 5.70600032806396 5.86400032043457 5.95900011062622
-3.4e+38 -3.4e+38 -3.4e+38 -3.4e+38 -3.4e+38 -3.4e+38 -3.4e+38 -3.4e+38 -3.4e+38 -3.4e+38 -3.4e+38 -3.4e+38 -3.4e+38 -3.4e+38 -3.4e+38 -3.4e+38 -3.4e+38 -3.4e+38 -3.4e+38 -3.4e+38 -3.4e+38 -3.4e+38 -3.4e+38 -3.4e+38 -3.4e+38 -3.4e+38 -3.4e+38 -3.4e+38 -3.4e+38 -3.4e+38 -3.4e+38 -3.4e+38 -3.4e+38 -3.4e+38 -3.4e+38 -3.4e+38 -3.4e+38 -3.4e+38 -3.4e+38 6.01900005340576 6.22500038146973 5.77100038528442 6.19500017166138 6.02500009536743 5.56700038909912 5.48800039291382 4.95400047302246 5.58900022506714 5.75000047683716 5.70500040054321 5.82300043106079 6.01300048828125 5.93200016021729
-3.4e+38 -3.4e+38 -3.4e+38 -3.4e+38 -3.4e+38 -3.4e+38 -3.4e+38 -3.4e+38 -3.4e+38 -3.4e+38 -3.4e+38 -3.4e+38 -3.4e+38 -3.4e+38 -3.4e+38 -3.4e+38 -3.4e+38 -3.4e+38 -3.4e+38 -3.4e+38 -3.4e+38 -3.4e+38 -3.4e+38 -3.4e+38 -3.4e+38 -3.4e+38 -3.4e+38 -3.4e+38 -3.4e+38 -3.4e+38 -3.4e+38 -3.4e+38 -3.4e+38 -3.4e+38 -3.4e+38 -3.4e+38 -3.4e+38 6.27000045776367 6.42200040817261 6.64600038528442 6.83200025558472 6.57000017166138 6.41000032424927 5.82000017166138 6.03900051116943 6.10500049591064 5.92500019073486 5.93900012969971 5.94700050354004 5.88400030136108 5.95500040054321 6.20500040054321 5.97800016403198
-3.4e+38 -3.4e+38 -3.4e+38 -3.4e+38 -3.4e+38 -3.4e+38 -3.4e+38 -3.4e+38 -3.4e+38 -3.4e+38 -3.4e+38 -3.4e+38 -3.4e+38 -3.4e+38 -3.4e+38 -3.4e+38 -3.4e+38 -3.4e+38 -3.4e+38 -3.4e+38 -3.4e+38 -3.4e+38 -3.4e+38 -3.4e+38 -3.4e+38 -3.4e+38 -3.4e+38 -3.4e+38 -3.4e+38 -3.4e+38 -3.4e+38 -3.4e+38 -3.4e+38 -3.4e+38 -3.4e+38 -3.4e+38 7.71200037002563 7.74000024795532 7.49500036239624 7.6560001373291 7.32000017166138 7.25300025939941 6.82900047302246 6.61200046539307 6.92800045013428 6.86400032043457 6.48000049591064 6.49600028991699 6.59400033950806 6.76800012588501 6.6540002822876 6.43400049209595 6.00500011444092
-3.4e+38 -3.4e+38 -3.4e+38 -3.4e+38 -3.4e+38 -3.4e+38 -3.4e+38 -3.4e+38 -3.4e+38 -3.4e+38 -3.4e+38 -3.4e+38 -3.4e+38 -3.4e+38 -3.4e+38 -3.4e+38 -3.4e+38 -3.4e+38 -3.4e+38 -3.4e+38 -3.4e+38 -3.4e+38 -3.4e+38 -3.4e+38 -3.4e+38 -3.4e+38 -3.4e+38 -3.4e+38 -3.4e+38 -3.4e+38 -3.4e+38 -3.4e+38 -3.4e+38 -3.4e+38 6.73800039291382 6.72000026702881 7.26900053024292 7.4200005531311 7.02500009536743 6.76200008392334 6.99500036239624 7.62000036239624 7.34900045394897 7.37000036239624 7.33400011062622 7.11400032043457 6.42400026321411 6.86200046539307 6.39900016784668 6.26800012588501 6.72900009155273 6.16000032424927 5.92600011825562
-3.4e+38 -3.4e+38 -3.4e+38 -3.4e+38 -3.4e+38 -3.4e+38 -3.4e+38 -3.4e+38 -3.4e+38 -3.4e+38 -3.4e+38 -3.4e+38 -3.4e+38 -3.4e+38 -3.4e+38 -3.4e+38 -3.4e+38 -3.4e+38 -3.4e+38 -3.4e+38 -3.4e+38 -3.4e+38 -3.4e+38 -3.4e+38 -3.4e+38 -3.4e+38 -3.4e+38 -3.4e+38 -3.4e+38 -3.4e+38 -3.4e+38 -3.4e+38 -3.4e+38 -3.4e+38 5.49400043487549 5.99500036239624 6.79000043869019 7.69800043106079 7.14400053024292 6.59100008010864 6.54500007629395 6.77100038528442 7.07200050354004 7.06700038909912 6.80700016021729 7.1080002784729 6.80800008773804 6.20400047302246 5.8100004196167 5.87500047683716 5.96700048446655 6.29000043869019 6.46900033950806
-3.4e+38 -3.4e+38 -3.4e+38 -3.4e+38 -3.4e+38 -3.4e+38 -3.4e+38 -3.4e+38 -3.4e+38 -3.4e+38 -3.4e+38 -3.4e+38 -3.4e+38 -3.4e+38 -3.4e+38 -3.4e+38 -3.4e+38 -3.4e+38 -3.4e+38 -3.4e+38 -3.4e+38 -3.4e+38 -3.4e+38 -3.4e+38 -3.4e+38 -3.4e+38 -3.4e+38 -3.4e+38 -3.4e+38 -3.4e+38 -3.4e+38 -3.4e+38 -3.4e+38 -3.4e+38 5.50000047683716 6.41700029373169 6.81300020217896 7.72400045394897 7.90800046920776 7.8080005645752 7.12000036239624 6.37200021743774 6.02000045776367 6.64400053024292 7.03300046920776 6.75700044631958 6.4040002822876 5.96400022506714 5.78000020980835 5.55200004577637 5.26100015640259 5.81500005722046 6.35300016403198
-3.4e+38 -3.4e+38 -3.4e+38 -3.4e+38 -3.4e+38 -3.4e+38 -3.4e+38 -3.4e+38 -3.4e+38 -3.4e+38 -3.4e+38 -3.4e+38 -3.4e+38 -3.4e+38 -3.4e+38 -3.4e+38 -3.4e+38 -3.4e+38 -3.4e+38 -3.4e+38 -3.4e+38 -3.4e+38 -3.4e+38 -3.4e+38 -3.4e+38 -3.4e+38 -3.4e+38 -3.4e+38 -3.4e+38 -3.4e+38 -3.4e+38 -3.4e+38 -3.4e+38 -3.4e+38 5.31500005722046 6.36500024795532 6.77800035476685 7.26000022888184 7.22600030899048 7.47200012207031 6.85400009155273 6.46500015258789 6.71200037002563 6.27500009536743 6.08700037002563 6.03200006484985 6.37900018692017 6.03600025177002 5.81300020217896 5.83600044250488 5.97300004959106 5.92200040817261 5.91400051116943
-3.4e+38 -3.4e+38 -3.4e+38 -3.4e+38 -3.4e+38 -3.4e+38 -3.4e+38 -3.4e+38 -3.4e+38 -3.4e+38 -3.4e+38 -3.4e+38 -3.4e+38 -3.4e+38 -3.4e+38 -3.4e+38 -3.4e+38 -3.4e+38 -3.4e+38 -3.4e+38 -3.4e+38 -3.4e+38 -3.4e+38 -3.4e+38 -3.4e+38 -3.4e+38 -3.4e+38 -3.4e+38 7.20400047302246 7.1080002784729 -3.4e+38 -3.4e+38 6.72800016403198 6.68400049209595 6.56500053405762 6.85000038146973 6.76500034332275 7.02000045776367 7.07300043106079 6.85900020599365 6.85500049591064 6.75400018692017 6.64300012588501 6.31700038909912 5.68900012969971 5.63800048828125 5.87900018692017 5.92300033569336 5.8580002784729 5.79000043869019 6.05300045013428 6.14500045776367 5.94700050354004
-3.4e+38 -3.4e+38 -3.4e+38 -3.4e+38 -3.4e+38 -3.4e+38 -3.4e+38 -3.4e+38 -3.4e+38 -3.4e+38 -3.4e+38 -3.4e+38 -3.4e+38 -3.4e+38 -3.4e+38 -3.4e+38 -3.4e+38 -3.4e+38 -3.4e+38 -3.4e+38 -3.4e+38 -3.4e+38 -3.4e+38 -3.4e+38 -3.4e+38 -3.4e+38 -3.4e+38 -3.4e+38 7.90000057220459 7.39400053024292 7.3080005645752 7.67600059509277 7.29700040817261 6.96300029754639 7.04100036621094 7.03000020980835 7.57200050354004 8.23900032043457 8.41900062561035 7.97000026702881 7.28800058364868 6.77600049972534 6.89000034332275 6.52100038528442 5.65200042724609 6.02100038528442 5.94800043106079 5.90700006484985 5.74000024795532 5.94200038909912 5.91300010681152 6.07000017166138 6.07900047302246
-3.4e+38 -3.4e+38 -3.4e+38 -3.4e+38 -3.4e+38 -3.4e+38 -3.4e+38 -3.4e+38 -3.4e+38 -3.4e+38 -3.4e+38 -3.4e+38 -3.4e+38 -3.4e+38 -3.4e+38 -3.4e+38 -3.4e+38 -3.4e+38 -3.4e+38 -3.4e+38 -3.4e+38 -3.4e+38 -3.4e+38 -3.4e+38 -3.4e+38 -3.4e+38 -3.4e+38 8.00600051879883 7.95500040054321 7.88500022888184 7.96100044250488 7.71500015258789 7.61900043487549 7.81500053405762 7.20900011062622 7.87000036239624 8.38600063323975 8.37100028991699 8.08400058746338 7.45800018310547 6.57000017166138 6.6870002746582 7.00600051879883 6.29000043869019 5.3120002746582 6.31600046157837 6.29500007629395 6.08500051498413 6.02700042724609 6.15700006484985 6.139000415802 6.09100008010864 6.12200021743774
-3.4e+38 -3.4e+38 -3.4e+38 -3.4e+38 -3.4e+38 -3.4e+38 -3.4e+38 -3.4e+38 -3.4e+38 -3.4e+38 -3.4e+38 -3.4e+38 -3.4e+38 -3.4e+38 -3.4e+38 -3.4e+38 -3.4e+38 -3.4e+38 -3.4e+38 -3.4e+38 -3.4e+38 -3.4e+38 -3.4e+38 -3.4e+38 -3.4e+38 -3.4e+38 -3.4e+38 7.82500028610229 7.8430004119873 7.88000059127808 7.95000028610229 7.96500015258789 7.91900014877319 7.78900051116943 7.96100044250488 8.13100051879883 7.87400054931641 7.41900014877319 7.26000022888184 7.10900020599365 6.0600004196167 6.5600004196167 6.67200040817261 6.72700023651123 6.09500026702881 6.09900045394897 6.26200008392334 6.30300045013428 6.20100021362305 6.32200050354004 6.13600015640259 6.09500026702881 6.22200012207031
-3.4e+38 -3.4e+38 -3.4e+38 -3.4e+38 -3.4e+38 -3.4e+38 -3.4e+38 -3.4e+38 -3.4e+38 -3.4e+38 -3.4e+38 -3.4e+38 -3.4e+38 -3.4e+38 -3.4e+38 -3.4e+38 -3.4e+38 -3.4e+38 -3.4e+38 -3.4e+38 -3.4e+38 -3.4e+38 -3.4e+38 -3.4e+38 -3.4e+38 -3.4e+38 -3.4e+38 7.72600030899048 7.74900054931641 7.78400039672852 7.84600019454956 7.8410005569458 7.91100025177002 7.92900037765503 7.97500038146973 8.07900047302246 7.73400020599365 7.68100023269653 7.59900045394897 7.40700054168701 7.37000036239624 7.14300012588501 6.6230001449585 6.39000034332275 6.25900030136108 6.10700035095215 5.98000049591064 6.21100044250488 6.1850004196167 6.37200021743774 6.18000030517578 5.95100021362305 6.01500034332275
-3.4e+38 -3.4e+38 -3.4e+38 -3.4e+38 -3.4e+38 -3.4e+38 -3.4e+38 -3.4e+38 -3.4e+38 -3.4e+38 -3.4e+38 -3.4e+38 -3.4e+38 -3.4e+38 -3.4e+38 -3.4e+38 -3.4e+38 -3.4e+38 -3.4e+38 -3.4e+38 -3.4e+38 -3.4e+38 -3.4e+38 -3.4e+38 -3.4e+38 -3.4e+38 -3.4e+38 7.09400033950806 7.14500045776367 7.71900033950806 7.74900054931641 7.77200031280518 7.83500051498413 7.77800035476685 7.73600053787231 7.91200017929077 7.70900058746338 7.60400056838989 7.66100025177002 7.61800050735474 7.36200046539307 6.89500045776367 6.9200005531311 6.78000020980835 6.03900051116943 5.139000415802 5.30500030517578 5.67400026321411 6.25400018692017 6.44000053405762 6.08600044250488 5.67800045013428 5.91400051116943
-3.4e+38 -3.4e+38 -3.4e+38 -3.4e+38 -3.4e+38 -3.4e+38 -3.4e+38 -3.4e+38 -3.4e+38 -3.4e+38 -3.4e+38 -3.4e+38 -3.4e+38 -3.4e+38 -3.4e+38 -3.4e+38 -3.4e+38 -3.4e+38 -3.4e+38 -3.4e+38 -3.4e+38 -3.4e+38 -3.4e+38 -3.4e+38 -3.4e+38 -3.4e+38 -3.4e+38 7.6870002746582 7.62400054931641 7.63400030136108 7.70000028610229 7.73000049591064 7.69700050354004 7.49300050735474 7.30900049209595 7.57100057601929 7.68900012969971 7.49400043487549 7.37000036239624 7.46100044250488 7.20000028610229 7.02000045776367 6.97000026702881 6.71300029754639 6.27000045776367 6.07200050354004 5.37900018692017 6.18400049209595 6.29900026321411 6.47700023651123 6.15100049972534 6.02100038528442 6.5290002822876
8.9330005645752 8.51900005340576 8.89000034332275 8.79200077056885 8.80500030517578 8.81900024414062 8.85400009155273 8.85400009155273 8.78500080108643 8.86900043487549 8.89800071716309 8.88700008392334 8.89700031280518 8.84000015258789 8.90100002288818 8.8730001449585 8.71000003814697 8.32200050354004 8.26000022888184 8.19400024414062 8.09500026702881 7.59900045394897 7.50900030136108 7.86100053787231 7.83800029754639 7.80000019073486 7.7790002822876 7.69400024414062 7.59500026702881 7.58800029754639 7.57400035858154 7.57800054550171 7.5910005569458 7.45700025558472 7.27700042724609 7.23400020599365 7.08600044250488 7.38000011444092 7.16500043869019 7.17900037765503 7.15100049972534 6.94400024414062 6.80200052261353 6.75300025939941 6.73900032043457 6.59200048446655 6.52200031280518 6.26300048828125 6.36300039291382 6.46500015258789 5.95400047302246 5.81700038909912 6.59700012207031
8.49300003051758 8.63199996948242 8.76800060272217 8.71500015258789 8.82000064849854 8.87800025939941 8.85599994659424 8.85200023651123 8.81599998474121 8.86400032043457 8.87800025939941 8.92900085449219 8.92800045013428 8.9040002822876 8.98000049591064 8.89200019836426 8.68600082397461 8.28900051116943 8.16499996185303 8.09400081634521 6.75400018692017 7.05000019073486 7.38200044631958 7.85500049591064 7.76600027084351 7.74700021743774 7.80000019073486 7.74300050735474 7.66600036621094 7.56100034713745 7.43200016021729 7.38100051879883 7.47400045394897 7.45500040054321 7.33700037002563 7.01700019836426 6.80200052261353 7.16800022125244 6.90200042724609 6.8100004196167 7.01000022888184 6.93000030517578 6.76700019836426 6.64000034332275 6.75000047683716 6.70900011062622 6.75100040435791 6.54500007629395 6.36800050735474 6.35400009155273 6.13300037384033 6.67400026321411 6.9850001335144
8.27000045776367 8.5930004119873 8.66700077056885 8.76900005340576 8.82600021362305 8.84500026702881 8.80900001525879 8.77000045776367 8.81900024414062 8.86000061035156 8.90200042724609 8.97200012207031 8.98100090026855 8.9970006942749 9.00200080871582 8.93600082397461 8.76900005340576 8.375 7.21200037002563 6.86300039291382 6.76900053024292 6.7810001373291 7.26900053024292 7.64900016784668 7.82100057601929 7.74000024795532 7.70900058746338 7.73900032043457 7.66700029373169 7.5290002822876 7.40700054168701 7.33900022506714 7.36600017547607 7.2810001373291 7.34600019454956 7.27000045776367 6.99400043487549 6.88400030136108 6.4980001449585 6.37800025939941 6.7180004119873 6.7310004234314 6.35000038146973 6.44400024414062 6.79600048065186 6.86800050735474 6.89100027084351 6.81500053405762 6.87500047683716 6.7160005569458 6.72400045394897 7.06600046157837 7.33700037002563
8.26000022888184 8.67400074005127 8.71900081634521 8.72900009155273 8.71200084686279 8.73300075531006 8.7450008392334 8.75900077819824 8.80200004577637 8.86600017547607 8.89300060272217 9.03200054168701 9.07100009918213 9.09899997711182 9.09600067138672 9 8.89900016784668 8.55300045013428 8.23900032043457 7.75700044631958 7.19500017166138 7.83800029754639 7.03700017929077 7.1080002784729 7.75300025939941 7.83900022506714 7.67600059509277 7.63800048828125 7.63300037384033 7.4200005531311 6.99100017547607 7.10500049591064 7.22000026702881 7.15000057220459 7.21400022506714 7.16500043869019 7.22000026702881 7.0910005569458 6.76500034332275 6.39300012588501 6.44900035858154 6.52500009536743 6.27500009536743 6.57200050354004 6.96300029754639 6.96900033950806 6.92800045013428 6.92500019073486 7.16900014877319 7.30500030517578 7.39100027084351 7.48800039291382 7.61500024795532
8.61800003051758 8.7180004119873 8.73700046539307 8.6220006942749 8.63300037384033 8.62900066375732 8.63800048828125 8.73000049591064 8.81400012969971 8.9040002822876 8.98500061035156 9.13100051879883 9.21500015258789 9.29000091552734 9.26500034332275 9.17500019073486 8.9980001449585 8.47300052642822 8.03500080108643 8.14300060272217 8.24100017547607 8.2140007019043 7.889000415802 7.96900033950806 8.04500007629395 7.86900043487549 7.14900016784668 7.30600023269653 7.53900051116943 7.09900045394897 7.11400032043457 6.69100046157837 6.66800022125244 6.65300035476685 6.74600028991699 6.73200035095215 7.03800010681152 7.10700035095215 6.66300010681152 6.42400026321411 6.31800031661987 6.17500019073486 6.25200033187866 6.88400030136108 7.13400030136108 7.12400054931641 7.11300039291382 7.12400054931641 7.39000034332275 7.47900056838989 7.74500036239624 7.80400037765503 7.82500028610229
8.6540002822876 8.72600078582764 8.59000015258789 8.5890007019043 8.55600070953369 8.47300052642822 8.47800064086914 8.60900020599365 8.7470006942749 8.86200046539307 8.96100044250488 9.23100090026855 9.39700031280518 9.50700092315674 9.43800067901611 9.25500011444092 8.94799995422363 7.83900022506714 8.02300071716309 8.07900047302246 8.39800071716309 8.27500057220459 8.13800048828125 8.18000030517578 8.07900047302246 7.10400056838989 6.56700038909912 6.8120002746582 7.37000036239624 7.40000057220459 7.24000024795532 7.00100040435791 6.88200044631958 6.70400047302246 6.514000415802 6.37100028991699 6.63500022888184 6.80900049209595 6.52200031280518 6.78400039672852 6.86100053787231 6.73800039291382 7.22000026702881 7.32400035858154 7.41900014877319 7.03600025177002 7.29000043869019 7.4040002822876 7.4850001335144 7.68400049209595 8.03000068664551 8.01200008392334 8.125
8.72200012207031 8.45000076293945 8.58000087738037 8.58600044250488 8.46900081634521 8.33600044250488 8.32999992370605 8.49300003051758 8.6560001373291 8.73000049591064 9.00200080871582 9.22399997711182 9.42500019073486 9.5580005645752 9.48100090026855 9.32700061798096 9.13600063323975 8.79200077056885 7.87500047683716 8.30600070953369 8.38800048828125 8.39300060272217 8.25900077819824 8.26399993896484 7.99400043487549 7.0290002822876 7.10200023651123 7.35100030899048 7.14400053024292 7.05200052261353 6.86700010299683 6.63000011444092 6.87200021743774 6.68100023269653 6.46400022506714 6.76900053024292 6.78300046920776 6.75900030136108 6.59500026702881 6.85000038146973 7.3600001335144 7.53700017929077 7.71500015258789 7.77200031280518 7.6560001373291 7.73000049591064 7.6870002746582 7.67600059509277 7.83800029754639 8.13300037384033 8.35500049591064 8.32000064849854 8.33500003814697
8.52500057220459 8.30700016021729 8.64500045776367 8.59400081634521 8.50800037384033 8.3700008392334 8.36700057983398 8.4970006942749 8.67300033569336 8.67900085449219 8.95500087738037 9.14400005340576 9.30200004577637 9.35900020599365 9.32000064849854 9.23400020599365 9.14100074768066 8.91900062561035 8.6230001449585 8.55100059509277 8.57100009918213 8.57200050354004 8.4660005569458 8.30400085449219 8.14500045776367 7.96500015258789 7.86200046539307 7.68100023269653 6.85000038146973 6.51500034332275 6.4850001335144 6.55300045013428 6.63300037384033 6.53900051116943 6.82500028610229 7.03400039672852 7.40900039672852 7.34900045394897 7.01000022888184 7.13500022888184 7.53800058364868 7.66600036621094 7.86000061035156 7.83000040054321 7.93100023269653 8.19099998474121 8.19900035858154 8.09500026702881 8.11800003051758 8.45900058746338 8.64600086212158 8.79400062561035 8.65700054168701
8.41000080108643 8.53999996185303 8.68800067901611 8.63100051879883 8.57000064849854 8.51300048828125 8.53200054168701 8.5620002746582 8.61400032043457 8.73800086975098 8.89400005340576 9.04100036621094 9.13600063323975 9.17000007629395 9.15000057220459 9.14700031280518 9.14300060272217 9.0580005645752 8.76200008392334 8.72900009155273 8.5620002746582 8.52000045776367 8.48000049591064 8.32900047302246 8.22700023651123 8.02400016784668 7.79900026321411 7.63500022888184 7.17400026321411 6.58300018310547 6.73700046539307 7.28200054168701 7.41600036621094 7.16000032424927 7.6100001335144 7.47800016403198 7.65200042724609 7.56500053405762 7.53700017929077 7.58400058746338 7.6370005607605 7.4680004119873 7.95400047302246 8.07500076293945 8.14000034332275 8.31800079345703 8.30900001525879 8.19500064849854 8.22500038146973 8.33800029754639 8.7160005569458 8.94300079345703 8.99000072479248
