layers/tdmean9.asc
NCOLS 292 
NROWS 291 
XLLCORNER -87.6458333327872 
YLLCORNER 24.4791666666667 
CELLSIZE 0.0416666666669039 
NODATA_value -3.4e+38 
[rows 72 to 95 of 291, columns 159 to 211 of 292]
11.2080001831055 11.1670007705688 11.0900001525879 11.1950006484985 11.0790004730225 11.1030006408691 11.2370004653931 11.2300004959106 11.2170009613037 11.2110004425049 11.1750001907349 11.0940008163452 11.0150003433228 11.0450000762939 11.0340003967285 10.9780006408691 10.9420003890991 10.9290008544922 10.9090003967285 10.8760004043579 10.9790000915527 11.0450000762939 11.0250005722046 11.0300006866455 11.1000003814697 11.1050004959106 11.0930004119873 11.0890007019043 11.1510009765625 11.1770009994507 11.1840009689331 11.2300004959106 11.2640008926392 11.2670001983643 11.2770004272461 11.3210000991821 11.3580007553101 11.4300003051758 11.4440002441406 11.3790006637573 11.4150009155273 11.4650001525879 11.528000831604 11.6910009384155 11.9750003814697 12.2940006256104 12.5710010528564 12.6980009078979 12.7690010070801 -3.4e+38 -3.4e+38 -3.4e+38 -3.4e+38
11.2710008621216 11.2990007400513 11.1800003051758 11.2180004119873 11.0330009460449 11.1480007171631 11.2080001831055 11.2290000915527 11.2250003814697 11.1950006484985 11.1640005111694 11.1400003433228 11.1300001144409 11.157000541687 11.1060009002686 11.0410003662109 11.0260009765625 10.9640007019043 10.9600009918213 10.9590005874634 11.0160007476807 11.0570001602173 11.0620002746582 11.0930004119873 11.1240005493164 11.157000541687 11.1640005111694 11.1850004196167 11.1830005645752 11.1820001602173 11.246000289917 11.3090009689331 11.3700008392334 11.4020004272461 11.3770008087158 11.3790006637573 11.4050006866455 11.4330005645752 11.4700002670288 11.4730005264282 11.4750003814697 11.5110006332397 11.6350002288818 11.8660001754761 12.2030010223389 12.5190010070801 12.7180004119873 12.7870006561279 -3.4e+38 -3.4e+38 -3.4e+38 -3.4e+38 -3.4e+38
11.2370004653931 11.2220001220703 11.28600025177 11.2250003814697 11.1250009536743 11.1900005340576 11.2300004959106 11.2250003814697 11.1850004196167 11.2140007019043 11.2260007858276 11.2250003814697 11.2350006103516 11.2550001144409 11.2830009460449 11.2290000915527 11.1270008087158 11.0850009918213 11.0590009689331 11.0530004501343 11.0900001525879 11.1140003204346 11.1380004882812 11.201000213623 11.2670001983643 11.3080005645752 11.2590007781982 11.2600002288818 11.2660007476807 11.2520008087158 11.3120002746582 11.3590002059937 11.4100008010864 11.4490003585815 11.4740009307861 11.4590005874634 11.4540004730225 11.4750003814697 11.4890003204346 11.5600004196167 11.5990009307861 11.6310005187988 11.8300008773804 12.1390008926392 12.4630002975464 12.7050008773804 12.7990007400513 -3.4e+38 -3.4e+38 -3.4e+38 -3.4e+38 -3.4e+38 -3.4e+38
11.157000541687 11.0550003051758 11.1340007781982 11.2870006561279 11.1900005340576 11.1630001068115 11.1760005950928 11.2280006408691 11.2370004653931 11.2430009841919 11.3050003051758 11.3140001296997 11.327000617981 11.3800001144409 11.4060001373291 11.2890005111694 11.2340002059937 11.2210006713867 11.1500005722046 11.1920003890991 11.201000213623 11.242000579834 11.32200050354 11.4000005722046 11.4710006713867 11.5000009536743 11.4820003509521 11.4390001296997 11.3880004882812 11.2980003356934 11.3390007019043 11.3730001449585 11.4710006713867 11.4780006408691 11.5250005722046 11.5390005111694 11.5500001907349 11.5460004806519 11.5610008239746 11.5950002670288 11.6150007247925 11.7470006942749 12.0440006256104 12.3900003433228 12.6810007095337 12.7990007400513 -3.4e+38 -3.4e+38 -3.4e+38 -3.4e+38 -3.4e+38 -3.4e+38 -3.4e+38
11.2590007781982 11.2430009841919 11.2350006103516 11.2900009155273 11.1680002212524 11.1590003967285 11.201000213623 11.2650003433228 11.2750005722046 11.3290004730225 11.3820009231567 11.3990001678467 11.4340009689331 11.4670009613037 11.4540004730225 11.3650007247925 11.3400001525879 11.3420009613037 11.3340005874634 11.3830003738403 11.4320001602173 11.4610004425049 11.4770002365112 11.4810009002686 11.5020008087158 11.5080003738403 11.5130004882812 11.5800008773804 11.5530004501343 11.4210004806519 11.4000005722046 11.4750003814697 11.613000869751 11.5950002670288 11.5570001602173 11.5650005340576 11.5890007019043 11.5470008850098 11.5920009613037 11.6270008087158 11.7270002365112 11.9710006713867 12.278000831604 12.6470003128052 12.8190002441406 -3.4e+38 -3.4e+38 -3.4e+38 -3.4e+38 -3.4e+38 -3.4e+38 -3.4e+38 -3.4e+38
11.4850006103516 11.4480009078979 11.3660001754761 11.3750009536743 11.282000541687 11.2250003814697 11.2850008010864 11.3020009994507 11.3230009078979 11.3840007781982 11.4240007400513 11.4790000915527 11.5440006256104 11.5640001296997 11.5420007705688 11.5270004272461 11.5830001831055 11.6000003814697 11.5970001220703 11.5840005874634 11.5650005340576 11.5650005340576 11.5690002441406 11.5790004730225 11.5920009613037 11.6060009002686 11.6180009841919 11.6290006637573 11.5700006484985 11.5570001602173 11.5730009078979 11.6190004348755 11.6950006484985 11.7260007858276 11.6950006484985 11.6680002212524 11.6940002441406 11.6580009460449 11.6500005722046 11.7300004959106 11.952000617981 12.2280006408691 12.5570001602173 12.8230009078979 12.9590005874634 -3.4e+38 -3.4e+38 -3.4e+38 -3.4e+38 -3.4e+38 -3.4e+38 -3.4e+38 -3.4e+38
11.5970001220703 11.4980001449585 11.4240007400513 11.4600009918213 11.407000541687 11.3750009536743 11.3440008163452 11.3580007553101 11.3780002593994 11.4400005340576 11.4550008773804 11.5340003967285 11.6680002212524 11.7030010223389 11.7140007019043 11.746000289917 11.7570009231567 11.7280006408691 11.6990003585815 11.6750001907349 11.6410007476807 11.6790008544922 11.6940002441406 11.6950006484985 11.7100009918213 11.7610006332397 11.8120002746582 11.8150005340576 11.7520008087158 11.7370004653931 11.7830009460449 11.7970008850098 11.7690010070801 11.8090009689331 11.7610006332397 11.7200002670288 11.7000007629395 11.6700010299683 11.7300004959106 11.8120002746582 12.0830001831055 12.3990001678467 12.7320003509521 12.9530010223389 13.1350002288818 -3.4e+38 -3.4e+38 -3.4e+38 -3.4e+38 -3.4e+38 -3.4e+38 -3.4e+38 -3.4e+38
11.577000617981 11.5290002822876 11.4710006713867 11.5070009231567 11.4760007858276 11.4800004959106 11.4350004196167 11.4380006790161 11.44700050354 11.4860010147095 11.5670003890991 11.706000328064 11.8190002441406 11.8580007553101 11.8110008239746 11.8280010223389 11.8610010147095 11.8030004501343 11.7620000839233 11.7630004882812 11.7390003204346 11.7370004653931 11.7530002593994 11.7530002593994 11.7710008621216 11.8510007858276 11.9290008544922 11.9680004119873 11.9390001296997 11.8820009231567 11.903000831604 11.9320001602173 11.9450006484985 11.9610004425049 11.9150009155273 11.8950004577637 11.8840007781982 11.8160009384155 11.8340005874634 11.9640007019043 12.2170009613037 12.4950008392334 12.8840007781982 13.1350002288818 -3.4e+38 -3.4e+38 -3.4e+38 -3.4e+38 -3.4e+38 -3.4e+38 -3.4e+38 -3.4e+38 -3.4e+38
11.5560007095337 11.4840002059937 11.4990005493164 11.5190010070801 11.5100002288818 11.4990005493164 11.4740009307861 11.4820003509521 11.5690002441406 11.621000289917 11.7190008163452 11.7640008926392 11.8190002441406 11.8960008621216 11.8800001144409 11.8760004043579 11.8580007553101 11.8660001754761 11.7900009155273 11.7740001678467 11.8520002365112 11.9000005722046 11.8810005187988 11.8930006027222 11.9200010299683 11.9420003890991 12.0200004577637 12.0330009460449 12.0030002593994 12.0000009536743 11.9750003814697 11.9890003204346 12.0010004043579 12.0270004272461 12.0290002822876 12.0690002441406 12.0890007019043 12.0580005645752 12.0620002746582 12.1490001678467 12.3430004119873 12.5710010528564 12.8840007781982 13.2440004348755 -3.4e+38 -3.4e+38 -3.4e+38 -3.4e+38 -3.4e+38 -3.4e+38 -3.4e+38 -3.4e+38 -3.4e+38
11.5890007019043 11.5370006561279 11.5170001983643 11.5300006866455 11.5580005645752 11.5420007705688 11.5210008621216 11.5590009689331 11.6340007781982 11.7370004653931 11.7540006637573 11.7950010299683 11.8480005264282 11.8620004653931 11.8290004730225 11.8170003890991 11.8920001983643 11.8740005493164 11.871000289917 11.9000005722046 11.943000793457 11.992000579834 11.9970006942749 12.0010004043579 12.0700006484985 12.0910005569458 12.0640001296997 12.0880002975464 12.0500001907349 12.0190010070801 12.0250005722046 12.0150003433228 12.0390005111694 12.1020002365112 12.1260004043579 12.0840005874634 12.1410007476807 12.1460008621216 12.2100009918213 12.3390007019043 12.5100002288818 12.6730003356934 12.8910007476807 13.2680006027222 -3.4e+38 -3.4e+38 -3.4e+38 -3.4e+38 -3.4e+38 -3.4e+38 -3.4e+38 -3.4e+38 -3.4e+38
11.5690002441406 11.6010007858276 11.5690002441406 11.5800008773804 11.581000328064 11.6040000915527 11.6410007476807 11.6450004577637 11.7050008773804 11.8090009689331 11.8120002746582 11.818000793457 11.8400001525879 11.8460006713867 11.8600006103516 11.8760004043579 11.8770008087158 11.9000005722046 11.8990001678467 11.9780006408691 12.0520009994507 12.0520009994507 12.0170001983643 12.0730009078979 12.1800003051758 12.1520004272461 12.16100025177 12.1800003051758 12.1480007171631 12.1500005722046 12.1100006103516 12.068000793457 12.1540002822876 12.2330007553101 12.2180004119873 12.238000869751 12.3120002746582 12.3390007019043 12.4130010604858 12.5270004272461 12.6650009155273 12.8200006484985 13.1840009689331 13.3660001754761 -3.4e+38 -3.4e+38 -3.4e+38 -3.4e+38 -3.4e+38 -3.4e+38 -3.4e+38 -3.4e+38 -3.4e+38
11.5580005645752 11.6140003204346 11.6220006942749 11.6240005493164 11.6450004577637 11.6430006027222 11.6540002822876 11.7530002593994 11.8580007553101 11.8400001525879 11.8490009307861 11.8640003204346 11.8930006027222 11.8660001754761 11.8770008087158 11.9350004196167 12.0090007781982 12.0010004043579 12.0070009231567 12.076000213623 12.1190004348755 12.121000289917 12.0980005264282 12.1670007705688 12.2520008087158 12.2880001068115 12.1990003585815 12.2770004272461 12.2630004882812 12.1950006484985 12.1420001983643 12.1690006256104 12.2580003738403 12.3460006713867 12.3980007171631 12.4360008239746 12.4910001754761 12.5690002441406 12.6400003433228 12.6840009689331 12.8100004196167 13.1190004348755 -3.4e+38 -3.4e+38 -3.4e+38 -3.4e+38 -3.4e+38 -3.4e+38 -3.4e+38 -3.4e+38 -3.4e+38 -3.4e+38 -3.4e+38
11.5790004730225 11.6100006103516 11.6750001907349 11.6450004577637 11.6420001983643 11.6590003967285 11.6940002441406 11.7950010299683 11.8640003204346 11.9390001296997 11.9450006484985 11.9210004806519 11.94700050354 11.9630002975464 11.9550008773804 11.9810009002686 11.9670009613037 12.0520009994507 12.0920009613037 12.0540008544922 12.0840005874634 12.1420001983643 12.2490005493164 12.3240003585815 12.3480005264282 12.363000869751 12.327000617981 12.2690010070801 12.2400007247925 12.2350006103516 12.2390003204346 12.2900009155273 12.3990001678467 12.5390005111694 12.576000213623 12.6460008621216 12.7490005493164 12.8210010528564 12.8600006103516 12.9260005950928 13.1800003051758 -3.4e+38 -3.4e+38 -3.4e+38 -3.4e+38 -3.4e+38 -3.4e+38 -3.4e+38 -3.4e+38 -3.4e+38 -3.4e+38 -3.4e+38 -3.4e+38
11.6940002441406 11.69700050354 11.6900005340576 11.6890001296997 11.6740007400513 11.7360010147095 11.7990007400513 11.8380002975464 11.8800001144409 11.9330005645752 11.9400005340576 11.9290008544922 11.9640007019043 12.0230007171631 11.9970006942749 11.9640007019043 11.9900007247925 12.077000617981 12.0490007400513 12.068000793457 12.1200008392334 12.2150001525879 12.3750009536743 12.4280004501343 12.4700002670288 12.4830007553101 12.4390001296997 12.3910007476807 12.3210010528564 12.3540010452271 12.3890008926392 12.4790010452271 12.6090002059937 12.7500009536743 12.8500003814697 12.9090003967285 12.939001083374 13.0290002822876 13.1350002288818 13.189001083374 -3.4e+38 -3.4e+38 -3.4e+38 -3.4e+38 -3.4e+38 -3.4e+38 -3.4e+38 -3.4e+38 -3.4e+38 -3.4e+38 -3.4e+38 -3.4e+38 -3.4e+38
11.7830009460449 11.7950010299683 11.8050003051758 11.778000831604 11.7540006637573 11.7490005493164 11.7850008010864 11.8440008163452 11.8910007476807 11.9750003814697 11.9630002975464 12.0170001983643 12.0500001907349 12.0650005340576 12.0660009384155 12.0270004272461 12.0540008544922 12.1300001144409 12.1160001754761 12.1460008621216 12.2270002365112 12.3780002593994 12.5420007705688 12.532000541687 12.6050004959106 12.6140003204346 12.5840005874634 12.5560007095337 12.53600025177 12.5520009994507 12.6440010070801 12.7390003204346 12.8370008468628 13.0000009536743 -3.4e+38 -3.4e+38 -3.4e+38 -3.4e+38 -3.4e+38 -3.4e+38 -3.4e+38 -3.4e+38 -3.4e+38 -3.4e+38 -3.4e+38 -3.4e+38 -3.4e+38 -3.4e+38 -3.4e+38 -3.4e+38 -3.4e+38 -3.4e+38 -3.4e+38
11.9250001907349 11.8720006942749 11.8250007629395 11.7940006256104 11.7590007781982 11.7710008621216 11.8190002441406 11.8400001525879 11.9210004806519 11.9710006713867 12.0490007400513 12.1050004959106 12.1390008926392 12.1310005187988 12.1290006637573 12.1280002593994 12.1640005111694 12.2290010452271 12.2660007476807 12.3040008544922 12.4140005111694 12.5560007095337 12.6270008087158 12.6240005493164 12.6920003890991 12.706000328064 12.7270002365112 12.7850008010864 12.7750005722046 12.7890005111694 12.8690004348755 12.9590005874634 13.1340007781982 13.0880002975464 -3.4e+38 -3.4e+38 -3.4e+38 -3.4e+38 -3.4e+38 -3.4e+38 -3.4e+38 -3.4e+38 -3.4e+38 -3.4e+38 -3.4e+38 -3.4e+38 -3.4e+38 -3.4e+38 -3.4e+38 -3.4e+38 -3.4e+38 -3.4e+38 -3.4e+38
12.0470008850098 11.956000328064 11.8470001220703 11.8650007247925 11.8280010223389 11.8110008239746 11.8070001602173 11.9270009994507 11.9990005493164 12.0210008621216 12.1190004348755 12.1770009994507 12.2150001525879 12.2070007324219 12.2150001525879 12.2140007019043 12.2570009231567 12.3150005340576 12.3800001144409 12.4200010299683 12.5070009231567 12.6350002288818 12.653000831604 12.6790008544922 12.7610006332397 12.8530006408691 12.9460010528564 13.0610008239746 13.0270004272461 13.0100002288818 13.0560007095337 13.2040004730225 13.189001083374 13.278000831604 13.3280010223389 -3.4e+38 -3.4e+38 -3.4e+38 -3.4e+38 -3.4e+38 -3.4e+38 -3.4e+38 -3.4e+38 -3.4e+38 -3.4e+38 -3.4e+38 -3.4e+38 -3.4e+38 -3.4e+38 -3.4e+38 -3.4e+38 -3.4e+38 -3.4e+38
12.0600004196167 12.0460004806519 11.952000617981 11.9040002822876 11.8140001296997 11.7670001983643 11.7740001678467 11.8740005493164 12.0540008544922 12.0850009918213 12.1480007171631 12.2040004730225 12.2490005493164 12.2510004043579 12.3150005340576 12.3390007019043 12.3100004196167 12.3430004119873 12.4310007095337 12.5090007781982 12.568000793457 12.6450004577637 12.7200002670288 12.7330007553101 12.9000005722046 13.1270008087158 13.2300004959106 13.2400007247925 13.2390003204346 13.2580003738403 13.3100004196167 13.3100004196167 13.3910007476807 -3.4e+38 -3.4e+38 -3.4e+38 -3.4e+38 -3.4e+38 -3.4e+38 -3.4e+38 -3.4e+38 -3.4e+38 -3.4e+38 -3.4e+38 -3.4e+38 -3.4e+38 -3.4e+38 -3.4e+38 -3.4e+38 -3.4e+38 -3.4e+38 -3.4e+38 -3.4e+38
12.1050004959106 12.03600025177 11.9570007324219 11.9140005111694 11.8230009078979 11.7790002822876 11.8380002975464 11.9320001602173 12.0960006713867 12.1030006408691 12.1630001068115 12.2350006103516 12.2890005111694 12.3280010223389 12.3700008392334 12.4130010604858 12.4160003662109 12.4240007400513 12.4570007324219 12.4990005493164 12.6250009536743 12.6960010528564 12.7240009307861 12.8850002288818 13.1340007781982 13.32200050354 13.3910007476807 13.4540004730225 13.4400005340576 13.4060010910034 13.4210004806519 13.5040006637573 -3.4e+38 -3.4e+38 -3.4e+38 -3.4e+38 -3.4e+38 -3.4e+38 -3.4e+38 -3.4e+38 -3.4e+38 -3.4e+38 -3.4e+38 -3.4e+38 -3.4e+38 -3.4e+38 -3.4e+38 -3.4e+38 -3.4e+38 -3.4e+38 -3.4e+38 -3.4e+38 -3.4e+38
12.1240005493164 11.9990005493164 11.9270009994507 11.8580007553101 11.8480005264282 11.8340005874634 11.9870004653931 12.0980005264282 12.1510009765625 12.1840009689331 12.2170009613037 12.3030004501343 12.3390007019043 12.3500003814697 12.4300003051758 12.4630002975464 12.496000289917 12.5330009460449 12.6000003814697 12.6280002593994 12.6750001907349 12.7520008087158 12.8620004653931 13.0750007629395 13.2960004806519 13.4550008773804 13.5490007400513 13.581000328064 13.5690002441406 13.6040010452271 -3.4e+38 -3.4e+38 -3.4e+38 -3.4e+38 -3.4e+38 -3.4e+38 -3.4e+38 -3.4e+38 -3.4e+38 -3.4e+38 -3.4e+38 -3.4e+38 -3.4e+38 -3.4e+38 -3.4e+38 -3.4e+38 -3.4e+38 -3.4e+38 -3.4e+38 -3.4e+38 -3.4e+38 -3.4e+38 -3.4e+38
12.1090002059937 11.9440002441406 11.8350009918213 11.7760009765625 11.7990007400513 11.8450002670288 12.0330009460449 12.1510009765625 12.1840009689331 12.2320003509521 12.3370008468628 12.4000005722046 12.4270009994507 12.4440002441406 12.5100002288818 12.5600004196167 12.5950002670288 12.7040004730225 12.8500003814697 12.9180002212524 12.9240007400513 12.9820003509521 13.0940008163452 13.2620010375977 13.41100025177 13.5780010223389 13.5740003585815 13.7510004043579 -3.4e+38 -3.4e+38 -3.4e+38 -3.4e+38 -3.4e+38 -3.4e+38 -3.4e+38 -3.4e+38 -3.4e+38 -3.4e+38 -3.4e+38 -3.4e+38 -3.4e+38 -3.4e+38 -3.4e+38 -3.4e+38 -3.4e+38 -3.4e+38 -3.4e+38 -3.4e+38 -3.4e+38 -3.4e+38 -3.4e+38 -3.4e+38 -3.4e+38
12.07200050354 11.9650001525879 11.8870010375977 11.9140005111694 11.8900003433228 11.9000005722046 12.0270004272461 12.153000831604 12.2340002059937 12.2590007781982 12.3540010452271 12.4390001296997 12.5010004043579 12.5750007629395 12.6780004501343 12.7440004348755 12.7950010299683 12.9380006790161 13.1150007247925 13.1760005950928 13.2150001525879 13.2530002593994 13.3210010528564 13.4350004196167 13.5630006790161 13.5480003356934 13.6550006866455 -3.4e+38 -3.4e+38 -3.4e+38 -3.4e+38 -3.4e+38 -3.4e+38 -3.4e+38 -3.4e+38 -3.4e+38 -3.4e+38 -3.4e+38 -3.4e+38 -3.4e+38 -3.4e+38 -3.4e+38 -3.4e+38 -3.4e+38 -3.4e+38 -3.4e+38 -3.4e+38 -3.4e+38 -3.4e+38 -3.4e+38 -3.4e+38 -3.4e+38 -3.4e+38
12.1710004806519 12.1390008926392 12.1300001144409 12.1580009460449 12.0920009613037 12.0590009689331 12.0870008468628 12.1840009689331 12.28600025177 12.3040008544922 12.3930006027222 12.5250005722046 12.6380004882812 12.7620010375977 12.8840007781982 12.9730005264282 13.064001083374 13.2080001831055 13.3390007019043 13.4000005722046 13.4150009155273 13.4610004425049 13.4820003509521 13.5590009689331 13.6100006103516 13.7240009307861 -3.4e+38 -3.4e+38 -3.4e+38 -3.4e+38 -3.4e+38 -3.4e+38 -3.4e+38 -3.4e+38 -3.4e+38 -3.4e+38 -3.4e+38 -3.4e+38 -3.4e+38 -3.4e+38 -3.4e+38 -3.4e+38 -3.4e+38 -3.4e+38 -3.4e+38 -3.4e+38 -3.4e+38 -3.4e+38 -3.4e+38 -3.4e+38 -3.4e+38 -3.4e+38 -3.4e+38
12.2690010070801 12.3040008544922 12.2680006027222 12.2230005264282 12.2350006103516 12.2250003814697 12.2540006637573 12.3300008773804 12.3730001449585 12.4370002746582 12.5340003967285 12.7200002670288 12.831000328064 12.943000793457 13.0800008773804 13.1600008010864 13.2680006027222 13.3930006027222 13.5330009460449 13.6150007247925 13.5750007629395 13.5470008850098 13.5790004730225 13.6520004272461 13.8040008544922 -3.4e+38 -3.4e+38 -3.4e+38 -3.4e+38 -3.4e+38 -3.4e+38 -3.4e+38 -3.4e+38 -3.4e+38 -3.4e+38 -3.4e+38 -3.4e+38 -3.4e+38 -3.4e+38 -3.4e+38 -3.4e+38 -3.4e+38 -3.4e+38 -3.4e+38 -3.4e+38 -3.4e+38 -3.4e+38 -3.4e+38 -3.4e+38 -3.4e+38 -3.4e+38 -3.4e+38 -3.4e+38
