layers/tdmean11.asc
NCOLS 292 
NROWS 291 
XLLCORNER -87.6458333327872 
YLLCORNER 24.4791666666667 
CELLSIZE 0.0416666666669039 
NODATA_value -3.4e+38 
[rows 216 to 239 of 291, columns 106 to 158 of 292]
-3.4e+38 -3.4e+38 -3.4e+38 -3.4e+38 -3.4e+38 -3.4e+38 -3.4e+38 -3.4e+38 -3.4e+38 -3.4e+38 -3.4e+38 -3.4e+38 -3.4e+38 -3.4e+38 -3.4e+38 17.0300006866455 16.8200016021729 16.7220001220703 16.6599998474121 16.5570011138916 16.4130001068115 16.3200016021729 16.2660007476807 16.2670001983643 16.2770004272461 16.3190002441406 16.3320007324219 16.359001159668 16.431001663208 16.4770011901855 16.4900016784668 16.4710006713867 16.4910011291504 16.5340003967285 16.451000213623 16.5230007171631 16.5590000152588 16.5190010070801 16.5050010681152 16.5060005187988 16.5970001220703 16.5950012207031 16.613000869751 16.6340007781982 16.6680011749268 16.7620010375977 16.8010005950928 16.7700004577637 16.7650012969971 16.6960010528564 16.6960010528564 16.7250003814697 16.7220001220703
-3.4e+38 -3.4e+38 -3.4e+38 -3.4e+38 -3.4e+38 -3.4e+38 -3.4e+38 -3.4e+38 -3.4e+38 -3.4e+38 -3.4e+38 -3.4e+38 -3.4e+38 -3.4e+38 17.2130012512207 16.9500007629395 16.7450008392334 16.6740016937256 16.6290016174316 16.5370006561279 16.4250011444092 16.3420009613037 16.3200016021729 16.314001083374 16.3280010223389 16.3490009307861 16.3500003814697 16.3970012664795 16.484001159668 16.5279998779297 16.5330009460449 16.5810012817383 16.5939998626709 16.5900001525879 16.5010013580322 16.5240001678467 16.5520000457764 16.564001083374 16.5320014953613 16.5340003967285 16.6560001373291 16.6670017242432 16.7370014190674 16.8420009613037 16.9070014953613 16.9029998779297 16.8950004577637 16.8580017089844 16.8380012512207 16.7790012359619 16.7890014648438 16.7590007781982 16.7200012207031
-3.4e+38 -3.4e+38 -3.4e+38 -3.4e+38 -3.4e+38 -3.4e+38 -3.4e+38 -3.4e+38 -3.4e+38 -3.4e+38 -3.4e+38 -3.4e+38 17.3390007019043 17.3290004730225 17.0670013427734 16.8080005645752 16.6860008239746 16.6550006866455 16.6200008392334 16.5420017242432 16.4660015106201 16.439001083374 16.4710006713867 16.4610004425049 16.4640007019043 16.4670009613037 16.480001449585 16.5550003051758 16.6470012664795 16.6979999542236 16.7240009307861 16.7020015716553 16.6319999694824 16.5780010223389 16.5330009460449 16.5659999847412 16.5590000152588 16.5750007629395 16.5690002441406 16.6370010375977 16.7860012054443 16.8990001678467 16.9290008544922 16.9730014801025 17.0240001678467 16.9980010986328 16.9360008239746 16.8800010681152 16.8380012512207 16.8190002441406 16.7930011749268 16.7709999084473 16.7639999389648
-3.4e+38 -3.4e+38 -3.4e+38 -3.4e+38 -3.4e+38 -3.4e+38 -3.4e+38 -3.4e+38 -3.4e+38 -3.4e+38 -3.4e+38 -3.4e+38 -3.4e+38 17.2730007171631 16.9970016479492 16.7290000915527 16.609001159668 16.5980014801025 16.5490016937256 16.4689998626709 16.4619998931885 16.4750003814697 16.4940013885498 16.5080013275146 16.5530014038086 16.5630016326904 16.5990009307861 16.6550006866455 16.7240009307861 16.7950000762939 16.8150005340576 16.8290004730225 16.7790012359619 16.6720008850098 16.609001159668 16.6030006408691 16.621000289917 16.6580009460449 16.746000289917 16.8340015411377 16.9170017242432 17.0080013275146 17.0869998931885 17.105001449585 17.1700000762939 17.0860004425049 17.0040016174316 16.9240016937256 16.8620014190674 16.8470001220703 16.806001663208 16.7840003967285 16.7820014953613
-3.4e+38 -3.4e+38 -3.4e+38 -3.4e+38 -3.4e+38 -3.4e+38 -3.4e+38 -3.4e+38 -3.4e+38 -3.4e+38 -3.4e+38 -3.4e+38 -3.4e+38 17.2350006103516 17.0860004425049 16.7770004272461 16.6000003814697 16.5840015411377 16.5920009613037 16.5450000762939 16.5540008544922 16.5650005340576 16.5320014953613 16.5360012054443 16.5650005340576 16.5990009307861 16.6640014648438 16.69700050354 16.7810001373291 16.859001159668 16.9070014953613 16.9050006866455 16.8830013275146 16.826000213623 16.7360000610352 16.69700050354 16.7470016479492 16.8250007629395 16.8620014190674 16.931001663208 16.976001739502 17.0440006256104 17.1640014648438 17.2049999237061 17.2730007171631 17.1690006256104 17.0240001678467 16.9560012817383 16.8780002593994 16.8490009307861 16.8240013122559 16.7849998474121 16.8500003814697
-3.4e+38 -3.4e+38 -3.4e+38 -3.4e+38 -3.4e+38 -3.4e+38 -3.4e+38 -3.4e+38 -3.4e+38 -3.4e+38 -3.4e+38 -3.4e+38 -3.4e+38 -3.4e+38 17.1300010681152 16.9060001373291 16.6420001983643 16.6220016479492 16.7000007629395 16.6840000152588 16.6450004577637 16.6290016174316 16.5890007019043 16.5950012207031 16.6280002593994 16.6529998779297 16.6770000457764 16.7070007324219 16.8000011444092 16.8570003509521 16.9060001373291 16.9440002441406 16.8990001678467 16.855001449585 16.8020000457764 16.8340015411377 16.8570003509521 16.8460006713867 16.8650016784668 16.9060001373291 16.9580001831055 17.0440006256104 17.1450004577637 17.2410011291504 17.2160015106201 17.1760005950928 17.0630016326904 16.9520015716553 16.8700008392334 16.8240013122559 16.8600006103516 16.9070014953613 16.9300003051758
-3.4e+38 -3.4e+38 -3.4e+38 -3.4e+38 -3.4e+38 -3.4e+38 -3.4e+38 -3.4e+38 -3.4e+38 -3.4e+38 -3.4e+38 -3.4e+38 -3.4e+38 -3.4e+38 -3.4e+38 17.0420017242432 16.7770004272461 16.689001083374 16.7700004577637 16.7660007476807 16.7280006408691 16.6880016326904 16.6780014038086 16.6990013122559 16.69700050354 16.6800003051758 16.7000007629395 16.6950016021729 16.7690010070801 16.8040008544922 16.8439998626709 16.8570003509521 16.8390007019043 16.8310012817383 16.814001083374 16.8800010681152 16.8720016479492 16.8500003814697 16.8900012969971 16.8940010070801 16.9290008544922 16.9900016784668 17.0340003967285 17.121000289917 17.0850009918213 17.0900001525879 17.0659999847412 16.9740009307861 16.9600009918213 16.9500007629395 17.0110015869141 17.0440006256104 17.0160007476807
-3.4e+38 -3.4e+38 -3.4e+38 -3.4e+38 -3.4e+38 -3.4e+38 -3.4e+38 -3.4e+38 -3.4e+38 -3.4e+38 -3.4e+38 -3.4e+38 -3.4e+38 -3.4e+38 -3.4e+38 -3.4e+38 16.9630012512207 16.7690010070801 16.810001373291 16.859001159668 16.7930011749268 16.7550010681152 16.7590007781982 16.7560005187988 16.701000213623 16.6800003051758 16.6790008544922 16.7100009918213 16.734001159668 16.742000579834 16.7920017242432 16.7940006256104 16.8210010528564 16.8439998626709 16.9090003967285 16.9050006866455 16.8700008392334 16.8470001220703 16.8470001220703 16.8520011901855 16.8930015563965 16.9300003051758 16.9790000915527 17.0010013580322 16.9780006408691 16.9770011901855 16.9750003814697 16.9600009918213 16.9750003814697 17.0139999389648 17.0780010223389 17.068000793457 17.0400009155273
-3.4e+38 -3.4e+38 -3.4e+38 -3.4e+38 -3.4e+38 -3.4e+38 -3.4e+38 -3.4e+38 -3.4e+38 -3.4e+38 -3.4e+38 -3.4e+38 -3.4e+38 -3.4e+38 -3.4e+38 -3.4e+38 -3.4e+38 16.9710006713867 16.9120006561279 16.9870014190674 16.9409999847412 16.8620014190674 16.8280010223389 16.7840003967285 16.7250003814697 16.6950016021729 16.6950016021729 16.693000793457 16.7290000915527 16.7150001525879 16.7530002593994 16.8080005645752 16.8850002288818 16.9020004272461 16.9549999237061 16.9180011749268 16.8840007781982 16.855001449585 16.8400001525879 16.8360004425049 16.8530006408691 16.8680000305176 16.9090003967285 16.8959999084473 16.9180011749268 16.8959999084473 16.9240016937256 16.976001739502 16.9980010986328 17.0850009918213 17.0960006713867 17.07200050354 17.0520000457764
-3.4e+38 -3.4e+38 -3.4e+38 -3.4e+38 -3.4e+38 -3.4e+38 -3.4e+38 -3.4e+38 -3.4e+38 -3.4e+38 -3.4e+38 -3.4e+38 -3.4e+38 -3.4e+38 -3.4e+38 -3.4e+38 -3.4e+38 17.2330017089844 17.0799999237061 17.1150016784668 17.1540012359619 17.0290012359619 16.939001083374 16.8470001220703 16.8130016326904 16.7530002593994 16.7320003509521 16.7440013885498 16.742000579834 16.7400016784668 16.7440013885498 16.7730007171631 16.8889999389648 16.9600009918213 16.9540004730225 16.9220008850098 16.8720016479492 16.8290004730225 16.8090000152588 16.7800006866455 16.82200050354 16.8490009307861 16.867000579834 16.8130016326904 16.8270015716553 16.7740001678467 16.8500003814697 16.9500007629395 17.0260009765625 17.0890007019043 17.1070003509521 17.113000869751 17.0790004730225
-3.4e+38 -3.4e+38 -3.4e+38 -3.4e+38 -3.4e+38 -3.4e+38 -3.4e+38 -3.4e+38 -3.4e+38 -3.4e+38 -3.4e+38 -3.4e+38 -3.4e+38 -3.4e+38 -3.4e+38 -3.4e+38 -3.4e+38 -3.4e+38 17.25 17.234001159668 17.3390007019043 17.2320003509521 17.0610008239746 16.9250011444092 16.8650016784668 16.8010005950928 16.7630004882812 16.7849998474121 16.7849998474121 16.7510013580322 16.734001159668 16.7950000762939 16.8889999389648 16.9120006561279 16.8780002593994 16.8500003814697 16.8340015411377 16.7950000762939 16.8310012817383 16.8460006713867 16.8350009918213 16.8350009918213 16.8090000152588 16.7630004882812 16.6880016326904 16.6760005950928 16.8390007019043 17.0040016174316 17.0990009307861 17.1310005187988 17.1319999694824 17.1690006256104 17.1570014953613
-3.4e+38 -3.4e+38 -3.4e+38 -3.4e+38 -3.4e+38 -3.4e+38 -3.4e+38 -3.4e+38 -3.4e+38 -3.4e+38 -3.4e+38 -3.4e+38 -3.4e+38 -3.4e+38 -3.4e+38 -3.4e+38 -3.4e+38 -3.4e+38 17.4240016937256 17.2950000762939 17.3600006103516 17.3810005187988 17.1430015563965 16.9890003204346 16.9040012359619 16.8520011901855 16.8170013427734 16.7990016937256 16.7960014343262 16.7650012969971 16.7480010986328 16.7670001983643 16.8290004730225 16.8439998626709 16.8490009307861 16.8350009918213 16.8310012817383 16.8229999542236 16.8730010986328 16.8690013885498 16.8610000610352 16.851001739502 16.8350009918213 16.730001449585 16.6800003051758 16.685001373291 16.8930015563965 17.0490016937256 17.1180000305176 17.1590003967285 17.1960010528564 17.1670017242432 17.1610012054443
-3.4e+38 -3.4e+38 -3.4e+38 -3.4e+38 -3.4e+38 -3.4e+38 -3.4e+38 -3.4e+38 -3.4e+38 -3.4e+38 -3.4e+38 -3.4e+38 -3.4e+38 -3.4e+38 -3.4e+38 -3.4e+38 -3.4e+38 -3.4e+38 -3.4e+38 17.3340015411377 17.2960014343262 17.3440017700195 17.2270011901855 17.076000213623 17.0170001983643 16.9860000610352 16.9380016326904 16.8720016479492 16.8330001831055 16.8040008544922 16.7550010681152 16.7660007476807 16.7950000762939 16.8480014801025 16.863000869751 16.8640003204346 16.8680000305176 16.8400001525879 16.8700008392334 16.8790016174316 16.8900012969971 16.8730010986328 16.8740005493164 16.8170013427734 16.7730007171631 16.806001663208 16.9950008392334 17.0880012512207 17.1410007476807 17.1940002441406 17.189001083374 17.19700050354 17.2020015716553
-3.4e+38 -3.4e+38 -3.4e+38 -3.4e+38 -3.4e+38 -3.4e+38 -3.4e+38 -3.4e+38 -3.4e+38 -3.4e+38 -3.4e+38 -3.4e+38 -3.4e+38 -3.4e+38 -3.4e+38 -3.4e+38 -3.4e+38 -3.4e+38 -3.4e+38 17.4660015106201 17.3080005645752 17.2600002288818 17.2930011749268 17.2400016784668 17.1470012664795 17.1000003814697 17.0090007781982 16.931001663208 16.8900012969971 16.859001159668 16.8040008544922 16.8159999847412 16.8690013885498 16.9020004272461 16.8990001678467 16.9120006561279 16.9120006561279 16.9250011444092 16.9440002441406 16.980001449585 16.9530010223389 16.9290008544922 16.9300003051758 16.9440002441406 16.9560012817383 17.0340003967285 17.1040000915527 17.1270008087158 17.1900005340576 17.2510013580322 17.2639999389648 17.2660007476807 17.2530002593994
-3.4e+38 -3.4e+38 -3.4e+38 -3.4e+38 -3.4e+38 -3.4e+38 -3.4e+38 -3.4e+38 -3.4e+38 -3.4e+38 -3.4e+38 -3.4e+38 -3.4e+38 -3.4e+38 -3.4e+38 -3.4e+38 -3.4e+38 -3.4e+38 -3.4e+38 -3.4e+38 17.3980007171631 17.2760009765625 17.2100009918213 17.1880016326904 17.193000793457 17.1030006408691 17.0110015869141 16.9220008850098 16.867000579834 16.8010005950928 16.7849998474121 16.7779998779297 16.8299999237061 16.859001159668 16.8930015563965 16.8940010070801 16.9000015258789 16.9370002746582 16.9640007019043 16.9970016479492 17.0060005187988 17 17.0480003356934 17.109001159668 17.1190013885498 17.1909999847412 17.2590007781982 17.2860012054443 17.3070011138916 17.3280010223389 17.318000793457 17.3050003051758 17.2950000762939
-3.4e+38 -3.4e+38 -3.4e+38 -3.4e+38 -3.4e+38 -3.4e+38 -3.4e+38 -3.4e+38 -3.4e+38 -3.4e+38 -3.4e+38 -3.4e+38 -3.4e+38 -3.4e+38 -3.4e+38 -3.4e+38 -3.4e+38 -3.4e+38 -3.4e+38 -3.4e+38 17.5950012207031 17.3490009307861 17.2090015411377 17.1310005187988 17.0510005950928 16.996000289917 16.9070014953613 16.8040008544922 16.7290000915527 16.6540012359619 16.6599998474121 16.6610012054443 16.7400016784668 16.8000011444092 16.8310012817383 16.8660011291504 16.9090003967285 16.9110012054443 16.9479999542236 16.9700012207031 16.9670009613037 16.9990005493164 17.1190013885498 17.1909999847412 17.2510013580322 17.2850017547607 17.3410015106201 17.359001159668 17.3690013885498 17.3680000305176 17.3790016174316 17.3740005493164 17.3540000915527
-3.4e+38 -3.4e+38 -3.4e+38 -3.4e+38 -3.4e+38 -3.4e+38 -3.4e+38 -3.4e+38 -3.4e+38 -3.4e+38 -3.4e+38 -3.4e+38 -3.4e+38 -3.4e+38 -3.4e+38 -3.4e+38 -3.4e+38 -3.4e+38 -3.4e+38 -3.4e+38 -3.4e+38 17.5350017547607 17.3299999237061 17.1860008239746 17.0900001525879 17.0590000152588 16.9870014190674 16.7849998474121 16.6660003662109 16.605001449585 16.5500011444092 16.5750007629395 16.6640014648438 16.742000579834 16.8020000457764 16.8410015106201 16.8430004119873 16.8480014801025 16.8810005187988 16.951000213623 16.984001159668 17.0480003356934 17.0900001525879 17.2190017700195 17.2790012359619 17.3430004119873 17.3780002593994 17.4090003967285 17.4110012054443 17.4130001068115 17.4210014343262 17.4340000152588 17.4580001831055
-3.4e+38 -3.4e+38 -3.4e+38 -3.4e+38 -3.4e+38 -3.4e+38 -3.4e+38 -3.4e+38 -3.4e+38 -3.4e+38 -3.4e+38 -3.4e+38 -3.4e+38 -3.4e+38 -3.4e+38 -3.4e+38 -3.4e+38 -3.4e+38 -3.4e+38 -3.4e+38 -3.4e+38 -3.4e+38 17.5209999084473 17.4029998779297 17.310001373291 17.2180004119873 17.1319999694824 16.9590015411377 16.7600002288818 16.6470012664795 16.609001159668 16.6060009002686 16.6470012664795 16.7320003509521 16.7709999084473 16.7770004272461 16.8250007629395 16.8350009918213 16.8760013580322 16.94700050354 17.0080013275146 17.0750007629395 17.1590003967285 17.2750015258789 17.3150005340576 17.3600006103516 17.3819999694824 17.4280014038086 17.4450016021729 17.4740009307861 17.5470008850098 17.5940017700195 17.5750007629395
-3.4e+38 -3.4e+38 -3.4e+38 -3.4e+38 -3.4e+38 -3.4e+38 -3.4e+38 -3.4e+38 -3.4e+38 -3.4e+38 -3.4e+38 -3.4e+38 -3.4e+38 -3.4e+38 -3.4e+38 -3.4e+38 -3.4e+38 -3.4e+38 -3.4e+38 -3.4e+38 -3.4e+38 -3.4e+38 17.6330013275146 17.5230007171631 17.4440002441406 17.3240013122559 17.2060012817383 17.0729999542236 16.9140014648438 16.7660007476807 16.7830009460449 16.7290000915527 16.7160015106201 16.7620010375977 16.8000011444092 16.826000213623 16.8439998626709 16.9050006866455 16.9460010528564 17.0500011444092 17.0830001831055 17.1190013885498 17.2040004730225 17.2650012969971 17.3350009918213 17.3620014190674 17.4070014953613 17.4640007019043 17.5440006256104 17.625 17.6820011138916 17.7320003509521 17.7320003509521
-3.4e+38 -3.4e+38 -3.4e+38 -3.4e+38 -3.4e+38 -3.4e+38 -3.4e+38 -3.4e+38 -3.4e+38 -3.4e+38 -3.4e+38 -3.4e+38 -3.4e+38 -3.4e+38 -3.4e+38 -3.4e+38 -3.4e+38 -3.4e+38 -3.4e+38 -3.4e+38 -3.4e+38 -3.4e+38 -3.4e+38 17.6220016479492 17.5160007476807 17.4120006561279 17.2700004577637 17.1940002441406 17.0510005950928 16.8780002593994 16.9260005950928 16.8620014190674 16.810001373291 16.7960014343262 16.8020000457764 16.8159999847412 16.8490009307861 16.9090003967285 17.0030002593994 17.0950012207031 17.125 17.1790008544922 17.2540016174316 17.3070011138916 17.3390007019043 17.3930015563965 17.5150012969971 17.5970001220703 17.6520004272461 17.7400016784668 17.7890014648438 17.7990016937256 17.8299999237061
-3.4e+38 -3.4e+38 -3.4e+38 -3.4e+38 -3.4e+38 -3.4e+38 -3.4e+38 -3.4e+38 -3.4e+38 -3.4e+38 -3.4e+38 -3.4e+38 -3.4e+38 -3.4e+38 -3.4e+38 -3.4e+38 -3.4e+38 -3.4e+38 -3.4e+38 -3.4e+38 -3.4e+38 -3.4e+38 -3.4e+38 17.7639999389648 17.6430015563965 17.5390014648438 17.3850002288818 17.3270015716553 17.1500015258789 16.9710006713867 17.0320014953613 17.0180015563965 16.9549999237061 16.9110012054443 16.9130001068115 16.8720016479492 16.9029998779297 16.9910011291504 17.1000003814697 17.1540012359619 17.185001373291 17.2180004119873 17.2930011749268 17.3660011291504 17.4540004730225 17.5610008239746 17.6220016479492 17.6750011444092 17.7540016174316 17.7850017547607 17.814001083374 17.851001739502 17.9010009765625
-3.4e+38 -3.4e+38 -3.4e+38 -3.4e+38 -3.4e+38 -3.4e+38 -3.4e+38 -3.4e+38 -3.4e+38 -3.4e+38 -3.4e+38 -3.4e+38 -3.4e+38 -3.4e+38 -3.4e+38 -3.4e+38 -3.4e+38 -3.4e+38 -3.4e+38 -3.4e+38 -3.4e+38 -3.4e+38 -3.4e+38 17.9200000762939 17.8040008544922 17.6550006866455 17.484001159668 17.4040012359619 17.2090015411377 17.0500011444092 17.1300010681152 17.1180000305176 17.0580005645752 17.0400009155273 17.0270004272461 17.0220012664795 17.0190010070801 17.0990009307861 17.1660003662109 17.1870002746582 17.201000213623 17.25 17.3850002288818 17.4590015411377 17.5360012054443 17.6350002288818 17.6870002746582 17.7250003814697 17.7709999084473 17.8229999542236 17.8990001678467 17.9620018005371 18.0040016174316
-3.4e+38 -3.4e+38 -3.4e+38 -3.4e+38 -3.4e+38 -3.4e+38 -3.4e+38 -3.4e+38 -3.4e+38 -3.4e+38 -3.4e+38 -3.4e+38 -3.4e+38 -3.4e+38 -3.4e+38 -3.4e+38 -3.4e+38 -3.4e+38 -3.4e+38 -3.4e+38 -3.4e+38 -3.4e+38 -3.4e+38 18.0270004272461 17.9200000762939 17.7490005493164 17.5780010223389 17.4370002746582 17.2310009002686 17.0900001525879 17.181001663208 17.1770000457764 17.1070003509521 17.0820007324219 17.0320014953613 17.0400009155273 17.0930004119873 17.1490001678467 17.2049999237061 17.2350006103516 17.2950000762939 17.4050006866455 17.4830017089844 17.5380001068115 17.6350002288818 17.7210006713867 17.75 17.7930011749268 17.8390007019043 17.9340000152588 17.9620018005371 17.9750003814697 17.9830017089844
-3.4e+38 -3.4e+38 -3.4e+38 -3.4e+38 -3.4e+38 -3.4e+38 -3.4e+38 -3.4e+38 -3.4e+38 -3.4e+38 -3.4e+38 -3.4e+38 -3.4e+38 -3.4e+38 -3.4e+38 -3.4e+38 -3.4e+38 -3.4e+38 -3.4e+38 -3.4e+38 -3.4e+38 -3.4e+38 -3.4e+38 18.0540008544922 18.0390014648438 17.8780002593994 17.6420001983643 17.5050010681152 17.3159999847412 17.1420001983643 17.1300010681152 17.0890007019043 17.0440006256104 17.0420017242432 17.0100002288818 17.0390014648438 17.0960006713867 17.1520004272461 17.2230014801025 17.326000213623 17.3990001678467 17.4870014190674 17.601001739502 17.6720008850098 17.746000289917 17.7920017242432 17.8340015411377 17.8780002593994 17.9170017242432 17.9870014190674 17.9850006103516 17.984001159668 18.0050010681152
