layers/tdmean9.asc
NCOLS 292 
NROWS 291 
XLLCORNER -87.6458333327872 
YLLCORNER 24.4791666666667 
CELLSIZE 0.0416666666669039 
NODATA_value -3.4e+38 
[rows 120 to 143 of 291, columns 53 to 105 of 292]
-3.4e+38 -3.4e+38 -3.4e+38 -3.4e+38 -3.4e+38 -3.4e+38 -3.4e+38 -3.4e+38 -3.4e+38 12.7330007553101 12.7570009231567 12.7430009841919 12.6550006866455 12.5570001602173 12.5800008773804 12.6140003204346 12.6950006484985 12.7200002670288 12.7990007400513 12.8420009613037 12.8540010452271 12.8720006942749 12.8640003204346 12.8720006942749 12.8720006942749 12.8900003433228 12.9270009994507 12.9290008544922 12.9060001373291 12.8980007171631 12.8990001678467 12.9210004806519 12.9690008163452 13.0450010299683 13.121000289917 13.2130002975464 13.2550010681152 13.318000793457 13.3750009536743 13.4310007095337 13.4990005493164 13.5450010299683 13.5140008926392 13.568000793457 13.6330003738403 13.6400003433228 13.6250009536743 13.5780010223389 13.5030002593994 13.5160007476807 13.4620008468628 13.4280004501343 13.4000005722046
-3.4e+38 -3.4e+38 -3.4e+38 -3.4e+38 -3.4e+38 -3.4e+38 -3.4e+38 -3.4e+38 -3.4e+38 12.6960010528564 12.8050003051758 12.8280010223389 12.7490005493164 12.657000541687 12.6630010604858 12.6740007400513 12.7630004882812 12.7930002212524 12.8320007324219 12.8550004959106 12.8600006103516 12.8900003433228 12.8860006332397 12.9020004272461 12.9100008010864 12.9540004730225 12.9540004730225 12.956000328064 12.9100008010864 12.8940010070801 12.9050006866455 12.9320001602173 13.0000009536743 13.1160001754761 13.2070007324219 13.2720003128052 13.3700008392334 13.452000617981 13.4740009307861 13.4950008392334 13.5530004501343 13.613000869751 13.6800003051758 13.7430009841919 13.8230009078979 13.8440008163452 13.7720003128052 13.66100025177 13.5950002670288 13.5730009078979 13.5090007781982 13.4540004730225 13.4080009460449
-3.4e+38 -3.4e+38 -3.4e+38 -3.4e+38 -3.4e+38 -3.4e+38 -3.4e+38 -3.4e+38 -3.4e+38 12.8120002746582 12.863000869751 12.8550004959106 12.8640003204346 12.7920007705688 12.8390007019043 12.8250007629395 12.8660001754761 12.8540010452271 12.8680009841919 12.8510007858276 12.8440008163452 12.8800010681152 12.8890008926392 12.8950004577637 12.91100025177 12.9730005264282 12.9600009918213 12.9670009613037 12.9340009689331 12.9140005111694 12.9010009765625 12.9440002441406 13.0370006561279 13.1580009460449 13.3040008544922 13.3640003204346 13.4440002441406 13.5080003738403 13.5170001983643 13.577000617981 13.6250009536743 13.693000793457 13.7840003967285 13.8570003509521 13.899001121521 13.9200010299683 13.8420009613037 13.7510004043579 13.6940002441406 13.6250009536743 13.5400009155273 13.4540004730225 13.4050006866455
-3.4e+38 -3.4e+38 -3.4e+38 -3.4e+38 -3.4e+38 -3.4e+38 -3.4e+38 -3.4e+38 -3.4e+38 12.8750009536743 12.8760004043579 12.8800010681152 12.8440008163452 12.8490009307861 12.9020004272461 12.9260005950928 12.9350004196167 12.9020004272461 12.8840007781982 12.8660001754761 12.8570003509521 12.8780002593994 12.8880004882812 12.8940010070801 12.9490003585815 12.9700002670288 12.9750003814697 12.9800004959106 13.0020008087158 12.9750003814697 12.9320001602173 12.9640007019043 13.0560007095337 13.2400007247925 13.2880010604858 13.443000793457 13.6630010604858 13.564001083374 13.528000831604 13.5930004119873 13.6300010681152 13.7100009918213 13.7590007781982 13.827000617981 13.8700008392334 13.8490009307861 13.8150005340576 13.7330007553101 13.6950006484985 13.5930004119873 13.5050010681152 13.4170007705688 13.3780002593994
-3.4e+38 -3.4e+38 -3.4e+38 -3.4e+38 -3.4e+38 -3.4e+38 -3.4e+38 -3.4e+38 -3.4e+38 12.8600006103516 12.8730001449585 12.907000541687 12.9400005340576 12.9750003814697 12.9760007858276 13.032000541687 13.0090007781982 12.9500007629395 12.9450006484985 12.9000005722046 12.91100025177 12.9290008544922 12.8970003128052 12.9190006256104 12.9730005264282 12.9930009841919 13.0330009460449 12.9800004959106 13.0040006637573 12.9990005493164 12.9220008850098 13.0110006332397 13.1960010528564 13.2700004577637 13.4840002059937 13.6690006256104 13.6810007095337 13.6550006866455 13.5390005111694 13.5890007019043 13.6360006332397 13.6960010528564 13.7270002365112 13.7600002288818 13.8160009384155 13.8300008773804 13.7830009460449 13.7650003433228 13.7090005874634 13.6110010147095 13.5060005187988 13.3920001983643 13.3550004959106
-3.4e+38 -3.4e+38 -3.4e+38 -3.4e+38 -3.4e+38 -3.4e+38 -3.4e+38 -3.4e+38 12.8300008773804 12.9050006866455 12.9350004196167 12.9650001525879 12.9850006103516 13.0300006866455 13.0330009460449 13.0440006256104 13.0670003890991 12.9950008392334 13.0060005187988 13.0220003128052 13.0090007781982 12.9890003204346 12.9630002975464 13.0150003433228 13.0270004272461 13.0600004196167 13.0700006484985 13.028000831604 13.0330009460449 13.0080003738403 13.0050010681152 13.0650005340576 13.1950006484985 13.3010005950928 13.4850006103516 13.6940002441406 13.6600008010864 13.6290006637573 13.6390008926392 13.5800008773804 13.6100006103516 13.6450004577637 13.6690006256104 13.7040004730225 13.7570009231567 13.7530002593994 13.7400007247925 13.693000793457 13.693000793457 13.6020002365112 13.5270004272461 13.4140005111694 13.3500003814697
-3.4e+38 -3.4e+38 -3.4e+38 -3.4e+38 -3.4e+38 -3.4e+38 -3.4e+38 -3.4e+38 13.0850009918213 13.0530004501343 13.0300006866455 13.0350008010864 13.0070009231567 13.0410003662109 13.0980005264282 13.0850009918213 13.1160001754761 13.0590009689331 13.0340003967285 13.0000009536743 13.0340003967285 13.0520009994507 13.0610008239746 13.0710010528564 13.0560007095337 13.068000793457 13.0550003051758 13.0520009994507 13.0010004043579 13.0840005874634 13.1260004043579 13.2720003128052 13.4610004425049 13.4230003356934 13.5380010604858 13.7220010757446 13.7320003509521 13.6690006256104 13.6950006484985 13.6730003356934 13.6370010375977 13.6190004348755 13.6300010681152 13.693000793457 13.6990003585815 13.6790008544922 13.6640005111694 13.6390008926392 13.6290006637573 13.5820007324219 13.5090007781982 13.4120006561279 13.32200050354
-3.4e+38 -3.4e+38 -3.4e+38 -3.4e+38 -3.4e+38 -3.4e+38 -3.4e+38 -3.4e+38 13.19700050354 13.1790008544922 13.0870008468628 13.0710010528564 13.0440006256104 13.0620002746582 13.1230010986328 13.1500005722046 13.1650009155273 13.1000003814697 13.07200050354 13.0840005874634 13.077000617981 13.1140003204346 13.1110010147095 13.0630006790161 13.0980005264282 13.0750007629395 13.07200050354 13.1460008621216 13.157000541687 13.1800003051758 13.1840009689331 13.3570003509521 13.693000793457 13.7850008010864 13.7520008087158 13.8370008468628 13.8280010223389 13.7170009613037 13.6870002746582 13.6830005645752 13.701000213623 13.6630010604858 13.6190004348755 13.6690006256104 13.6650009155273 13.6400003433228 13.6370010375977 13.5780010223389 13.617000579834 13.5750007629395 13.5000009536743 13.407000541687 13.3510007858276
-3.4e+38 -3.4e+38 -3.4e+38 -3.4e+38 -3.4e+38 -3.4e+38 -3.4e+38 -3.4e+38 13.3190002441406 13.314001083374 13.2680006027222 13.1630010604858 13.0800008773804 13.0870008468628 13.1330003738403 13.189001083374 13.1910009384155 13.1540002822876 13.1120004653931 13.1450004577637 13.1710004806519 13.1850004196167 13.1420001983643 13.1020002365112 13.0840005874634 13.0660009384155 13.1120004653931 13.1640005111694 13.2230005264282 13.1960010528564 13.2560005187988 13.3900003433228 13.8300008773804 13.8440008163452 13.7710008621216 13.8340005874634 13.8200006484985 13.7700004577637 13.6360006332397 13.6390008926392 13.6550006866455 13.6880006790161 13.6950006484985 13.689001083374 13.6880006790161 13.7100009918213 13.6730003356934 13.5690002441406 13.5550003051758 13.6060009002686 13.57200050354 13.4450006484985 13.3730010986328
-3.4e+38 -3.4e+38 -3.4e+38 -3.4e+38 -3.4e+38 -3.4e+38 -3.4e+38 -3.4e+38 13.4060010910034 13.4050006866455 13.3860006332397 13.2740001678467 13.1390008926392 13.1390008926392 13.2150001525879 13.2620010375977 13.3160009384155 13.2640008926392 13.2470006942749 13.2310009002686 13.246000289917 13.2250003814697 13.1860008239746 13.1460008621216 13.0820007324219 13.0930004119873 13.1050004959106 13.1720008850098 13.2350006103516 13.2850008010864 13.3430004119873 13.5160007476807 13.8470010757446 13.8290004730225 13.7550010681152 13.778000831604 13.7550010681152 13.7490005493164 13.6100006103516 13.6220006942749 13.6140003204346 13.6410007476807 13.6740007400513 13.6950006484985 13.657000541687 13.7230005264282 13.7140007019043 13.6390008926392 13.6200008392334 13.6290006637573 13.6020002365112 13.4660005569458 13.4270009994507
-3.4e+38 -3.4e+38 -3.4e+38 -3.4e+38 -3.4e+38 -3.4e+38 -3.4e+38 -3.4e+38 13.4940004348755 13.4850006103516 13.4900007247925 13.3590002059937 13.2530002593994 13.2790002822876 13.3450002670288 13.4090003967285 13.4250001907349 13.3890008926392 13.3680009841919 13.3700008392334 13.3470010757446 13.2770004272461 13.2290010452271 13.1700010299683 13.1540002822876 13.1280002593994 13.1230010986328 13.1950006484985 13.2940006256104 13.3700008392334 13.5100002288818 13.7260007858276 13.8730010986328 13.7470006942749 13.6650009155273 13.7190008163452 13.6100006103516 13.6360006332397 13.5620002746582 13.5450010299683 13.5620002746582 13.5830001831055 13.6300010681152 13.7050008773804 13.7050008773804 13.7530002593994 13.7200002670288 13.7040004730225 13.693000793457 13.6730003356934 13.6340007781982 13.5350008010864 13.4650011062622
-3.4e+38 -3.4e+38 -3.4e+38 -3.4e+38 -3.4e+38 -3.4e+38 -3.4e+38 -3.4e+38 -3.4e+38 13.6270008087158 13.6230010986328 13.4730005264282 13.4530010223389 13.4460010528564 13.451000213623 13.5240001678467 13.5160007476807 13.5350008010864 13.4930009841919 13.5130004882812 13.4630002975464 13.3780002593994 13.3000001907349 13.246000289917 13.1940002441406 13.189001083374 13.1760005950928 13.2240009307861 13.3920001983643 13.5650005340576 13.8360004425049 13.8280010223389 13.7660007476807 13.6770009994507 13.6160001754761 13.6190004348755 13.5330009460449 13.4740009307861 13.4050006866455 13.4340009689331 13.4950008392334 13.5580005645752 13.5780010223389 13.6440010070801 13.6870002746582 13.7630004882812 13.746000289917 13.7440004348755 13.7290010452271 13.7130002975464 13.6960010528564 13.5710010528564 13.5230007171631
-3.4e+38 -3.4e+38 -3.4e+38 -3.4e+38 -3.4e+38 -3.4e+38 -3.4e+38 -3.4e+38 -3.4e+38 -3.4e+38 13.6660003662109 13.5580005645752 13.5700006484985 13.5970010757446 13.6050004959106 13.6260004043579 13.6460008621216 13.6780004501343 13.6820011138916 13.6700010299683 13.6090002059937 13.5300006866455 13.4600009918213 13.3460006713867 13.318000793457 13.314001083374 13.2660007476807 13.3800010681152 13.4690008163452 13.8790006637573 13.9350004196167 13.8860006332397 13.8010005950928 13.5840005874634 13.5190010070801 13.532000541687 13.4440002441406 13.3960008621216 13.3480005264282 13.4200010299683 13.443000793457 13.5100002288818 13.5700006484985 13.6450004577637 13.702000617981 13.7840003967285 13.7830009460449 13.82200050354 13.7900009155273 13.7330007553101 13.7150011062622 13.6180009841919 13.5490007400513
-3.4e+38 -3.4e+38 -3.4e+38 -3.4e+38 -3.4e+38 -3.4e+38 -3.4e+38 -3.4e+38 -3.4e+38 -3.4e+38 13.7150011062622 13.621000289917 13.6340007781982 13.6680002212524 13.6990003585815 13.7580003738403 13.7760009765625 13.8440008163452 13.8410005569458 13.8340005874634 13.7830009460449 13.693000793457 13.6080007553101 13.4850006103516 13.4090003967285 13.3840007781982 13.3920001983643 13.4690008163452 13.7930002212524 13.9800004959106 13.8820009231567 13.8010005950928 13.8070011138916 13.6000003814697 13.4870004653931 13.5210008621216 13.4010009765625 13.4720010757446 13.5050010681152 13.5140008926392 13.53600025177 13.5780010223389 13.6000003814697 13.6190004348755 13.6950006484985 13.7410011291504 13.8160009384155 13.7940006256104 13.7870006561279 13.7450008392334 13.7090005874634 13.6370010375977 13.5600004196167
-3.4e+38 -3.4e+38 -3.4e+38 -3.4e+38 13.4490003585815 13.4780006408691 13.5290002822876 13.5650005340576 13.5600004196167 13.5880002975464 13.7340002059937 13.6700010299683 13.6640005111694 13.742000579834 13.7610006332397 13.8560009002686 13.8770008087158 13.9050006866455 13.91100025177 13.8930006027222 13.8460006713867 13.7970008850098 13.6920003890991 13.5610008239746 13.4850006103516 13.4490003585815 13.4940004348755 13.8020009994507 13.9600009918213 13.9340009689331 13.8050003051758 13.7090005874634 13.7450008392334 13.6500005722046 13.613000869751 13.5150003433228 13.5070009231567 13.5410003662109 13.568000793457 13.613000869751 13.6300010681152 13.6310005187988 13.5820007324219 13.5930004119873 13.6700010299683 13.7180004119873 13.701000213623 13.7870006561279 13.7290010452271 13.7140007019043 13.6740007400513 13.6450004577637 13.5400009155273
13.1300010681152 13.201000213623 13.3000001907349 13.4540004730225 13.4760007858276 13.5160007476807 13.5750007629395 13.5500001907349 13.564001083374 13.6240005493164 13.7450008392334 13.7070007324219 13.6960010528564 13.8030004501343 13.8610010147095 13.9250001907349 13.992000579834 13.9600009918213 13.9210004806519 13.9250001907349 13.9240007400513 13.8490009307861 13.706000328064 13.6030006408691 13.5200004577637 13.4720010757446 13.6400003433228 13.7850008010864 13.826000213623 13.8540010452271 13.7880010604858 13.701000213623 13.6430006027222 13.6750001907349 13.5740003585815 13.5070009231567 13.5850009918213 13.6150007247925 13.6650009155273 13.6990003585815 13.6660003662109 13.5920009613037 13.5970010757446 13.5980005264282 13.6230010986328 13.6820011138916 13.6910009384155 13.7320003509521 13.7190008163452 13.7150011062622 13.6380004882812 13.6140003204346 13.4940004348755
13.1600008010864 13.2300004959106 13.3320007324219 13.4060010910034 13.4240007400513 13.4890003204346 13.5440006256104 13.496000289917 13.5530004501343 13.6180009841919 13.6750001907349 13.7700004577637 13.7710008621216 13.7990007400513 13.8400011062622 13.8770008087158 13.9450006484985 13.9680004119873 13.9100008010864 13.9050006866455 13.903000831604 13.8040008544922 13.7140007019043 13.6280002593994 13.5900011062622 13.6500005722046 13.6680002212524 13.7410011291504 13.7470006942749 13.7950010299683 13.8170003890991 13.7700004577637 13.6120004653931 13.6350002288818 13.5800008773804 13.7030010223389 13.6690006256104 13.702000617981 13.7280006408691 13.7300004959106 13.7520008087158 13.6900005340576 13.6950006484985 13.5790004730225 13.6050004959106 13.7200002670288 13.7110004425049 13.7130002975464 13.7330007553101 13.7470006942749 13.689001083374 13.6550006866455 13.5350008010864
13.1020002365112 13.2100009918213 13.3000001907349 13.3660001754761 13.3790006637573 13.3900003433228 13.4310007095337 13.4720010757446 13.5440006256104 13.6010007858276 13.6520004272461 13.7520008087158 13.7660007476807 13.8230009078979 13.8190002441406 13.814001083374 13.8460006713867 13.8500003814697 13.8490009307861 13.8450002670288 13.7700004577637 13.7120008468628 13.6370010375977 13.6440010070801 13.6820011138916 13.7070007324219 13.7760009765625 13.7090005874634 13.7150011062622 13.7530002593994 13.7960004806519 13.7630004882812 13.6700010299683 13.5980005264282 13.7100009918213 13.706000328064 13.7970008850098 13.7230005264282 13.7390003204346 13.7530002593994 13.7590007781982 13.7550010681152 13.7570009231567 13.7100009918213 13.6380004882812 13.7480010986328 13.7180004119873 13.7140007019043 13.7400007247925 13.7690010070801 13.7280006408691 13.6260004043579 13.5800008773804
13.1000003814697 13.1730003356934 13.2320003509521 13.3150005340576 13.3480005264282 13.4140005111694 13.4380006790161 13.496000289917 13.5440006256104 13.6000003814697 13.6600008010864 13.7570009231567 13.7900009155273 13.8240003585815 13.8530006408691 13.8440008163452 13.7880010604858 13.7710008621216 13.7950010299683 13.7600002288818 13.6390008926392 13.576000213623 13.6290006637573 13.6760005950928 13.7040004730225 13.7710008621216 13.7890005111694 13.7700004577637 13.7320003509521 13.7560005187988 13.831000328064 13.6360006332397 13.6150007247925 13.7150011062622 13.8480005264282 13.8660011291504 13.7390003204346 13.7100009918213 13.7260007858276 13.7530002593994 13.746000289917 13.7540006637573 13.8100004196167 13.7560005187988 13.617000579834 13.6640005111694 13.7220010757446 13.7100009918213 13.7390003204346 13.7450008392334 13.7030010223389 13.6560010910034 13.6440010070801
13.1280002593994 13.1410007476807 13.1550006866455 13.2490005493164 13.3190002441406 13.3970003128052 13.4260005950928 13.5120010375977 13.5380010604858 13.5890007019043 13.6760005950928 13.7660007476807 13.7990007400513 13.8170003890991 13.8520002365112 13.8610010147095 13.8520002365112 13.7960004806519 13.689001083374 13.5040006637573 13.4790010452271 13.5030002593994 13.5530004501343 13.66100025177 13.7140007019043 13.7340002059937 13.7690010070801 13.8060007095337 13.8540010452271 13.8660011291504 13.8340005874634 13.831000328064 13.8560009002686 13.907000541687 13.8920001983643 13.8580007553101 13.7900009155273 13.7090005874634 13.6780004501343 13.746000289917 13.7550010681152 13.6470003128052 13.6540002822876 13.6950006484985 13.6740007400513 13.5920009613037 13.6260004043579 13.6260004043579 13.7190008163452 13.7290010452271 13.7220010757446 13.6820011138916 13.6980009078979
13.0860004425049 13.1140003204346 13.1690006256104 13.1760005950928 13.2750005722046 13.4410009384155 13.439001083374 13.4860010147095 13.5080003738403 13.5650005340576 13.6470003128052 13.7530002593994 13.8070011138916 13.826000213623 13.7500009536743 13.7190008163452 13.5970010757446 13.5170001983643 13.4350004196167 13.4310007095337 13.5240001678467 13.5110006332397 13.6710004806519 13.689001083374 13.7580003738403 13.7720003128052 13.7800006866455 13.8500003814697 13.8370008468628 13.8110008239746 13.8860006332397 13.9140005111694 13.9650011062622 13.7990007400513 13.7880010604858 13.8170003890991 13.8520002365112 13.827000617981 13.742000579834 13.657000541687 13.6840009689331 13.742000579834 13.6990003585815 13.6190004348755 13.6040010452271 13.6340007781982 13.5890007019043 13.5530004501343 13.7340002059937 13.7520008087158 13.7200002670288 13.7120008468628 13.7410011291504
13.0940008163452 13.1540002822876 13.2300004959106 13.3050003051758 13.3660001754761 13.456000328064 13.4700002670288 13.5230007171631 13.5250005722046 13.5170001983643 13.6360006332397 13.6140003204346 13.7350006103516 13.8150005340576 13.6980009078979 13.5690002441406 13.5200004577637 13.5380010604858 13.4750003814697 13.5050010681152 13.5700006484985 13.6650009155273 13.7700004577637 13.8000001907349 13.7980003356934 13.7900009155273 13.8240003585815 13.8120002746582 13.8170003890991 13.8590002059937 13.8740005493164 13.8840007781982 13.9120006561279 13.8650007247925 13.818000793457 13.7910003662109 13.7570009231567 13.8290004730225 13.7290010452271 13.7300004959106 13.6400003433228 13.6900005340576 13.7290010452271 13.6670007705688 13.649001121521 13.6520004272461 13.7080001831055 13.6580009460449 13.6850004196167 13.7960004806519 13.8190002441406 13.7660007476807 13.7890005111694
13.0490007400513 13.0880002975464 13.189001083374 13.2870006561279 13.3150005340576 13.452000617981 13.4620008468628 13.4680004119873 13.4650011062622 13.4700002670288 13.5390005111694 13.6560010910034 13.7190008163452 13.7680006027222 13.6310005187988 13.6050004959106 13.5440006256104 13.4760007858276 13.4990005493164 13.5730009078979 13.6540002822876 13.7220010757446 13.7900009155273 13.7450008392334 13.78600025177 13.8010005950928 13.8290004730225 13.831000328064 13.8540010452271 13.8590002059937 13.8360004425049 13.7950010299683 13.7760009765625 13.7190008163452 13.8190002441406 13.8440008163452 13.8200006484985 13.7530002593994 13.8170003890991 13.6740007400513 13.6060009002686 13.6660003662109 13.7270002365112 13.6900005340576 13.6690006256104 13.6900005340576 13.7590007781982 13.7730007171631 13.827000617981 13.9760007858276 13.9850006103516 13.8540010452271 13.8580007553101
12.7570009231567 12.8510007858276 12.9810009002686 13.1350002288818 13.0200004577637 13.2610006332397 13.4630002975464 13.4050006866455 13.3470010757446 13.443000793457 13.5000009536743 13.6300010681152 13.7240009307861 13.6310005187988 13.6160001754761 13.5180006027222 13.4500007629395 13.4570007324219 13.5050010681152 13.5930004119873 13.6700010299683 13.7100009918213 13.7140007019043 13.7470006942749 13.8030004501343 13.8290004730225 13.8320007324219 13.8250007629395 13.818000793457 13.8440008163452 13.8340005874634 13.8010005950928 13.8250007629395 13.774001121521 13.7920007705688 13.8230009078979 13.7210006713867 13.7300004959106 13.8000001907349 13.7350006103516 13.7810010910034 13.7500009536743 13.8090009689331 13.8210010528564 13.8090009689331 13.831000328064 13.8510007858276 13.8880004882812 13.9360008239746 14.0050010681152 14.0750007629395 14.068000793457 13.943000793457
