layers/tmax9.asc
NCOLS 292 
NROWS 291 
XLLCORNER -87.6458333327872 
YLLCORNER 24.4791666666667 
CELLSIZE 0.0416666666669039 
NODATA_value -3.4e+38 
[rows 216 to 239 of 291, columns 106 to 158 of 292]
-3.4e+38 -3.4e+38 -3.4e+38 -3.4e+38 -3.4e+38 -3.4e+38 -3.4e+38 -3.4e+38 -3.4e+38 -3.4e+38 -3.4e+38 -3.4e+38 -3.4e+38 -3.4e+38 -3.4e+38 27.8479995727539 28.1725826263428 28.4295825958252 28.5184993743896 28.5418338775635 28.5855827331543 28.7361660003662 28.7702503204346 28.7249164581299 28.7471656799316 28.7465839385986 28.7891674041748 28.8271675109863 28.8740005493164 28.9451675415039 29.0015830993652 29.0473327636719 29.0690002441406 29.0960006713867 29.1489162445068 29.1460838317871 29.1655826568604 29.2129993438721 29.2475833892822 29.2398338317871 29.2076663970947 29.2049160003662 29.2083339691162 29.2269172668457 29.2807502746582 29.2995834350586 29.3045825958252 29.265417098999 29.2864990234375 29.3030834197998 29.292667388916 29.2794990539551 29.2616672515869
-3.4e+38 -3.4e+38 -3.4e+38 -3.4e+38 -3.4e+38 -3.4e+38 -3.4e+38 -3.4e+38 -3.4e+38 -3.4e+38 -3.4e+38 -3.4e+38 -3.4e+38 -3.4e+38 27.6406669616699 27.9534168243408 28.3119163513184 28.5137500762939 28.595251083374 28.6574172973633 28.7072486877441 28.8042507171631 28.8033332824707 28.7711658477783 28.7788333892822 28.8047504425049 28.7935009002686 28.8629169464111 28.8725833892822 28.9871673583984 29.0591659545898 29.0955829620361 29.1149997711182 29.1202507019043 29.1820831298828 29.1936664581299 29.2173328399658 29.2334175109863 29.2722492218018 29.2612495422363 29.2035007476807 29.1895008087158 29.2430839538574 29.2705001831055 29.3089160919189 29.3275833129883 29.3318328857422 29.320499420166 29.3330821990967 29.3029174804688 29.2954998016357 29.2703342437744 29.2644176483154
-3.4e+38 -3.4e+38 -3.4e+38 -3.4e+38 -3.4e+38 -3.4e+38 -3.4e+38 -3.4e+38 -3.4e+38 -3.4e+38 -3.4e+38 -3.4e+38 26.9925003051758 27.3221664428711 27.8155841827393 28.0849990844727 28.3637504577637 28.5872497558594 28.7146663665771 28.8121662139893 28.8600826263428 28.8884162902832 28.8839988708496 28.8731670379639 28.861499786377 28.8600845336914 28.8407497406006 28.8735008239746 28.9443340301514 29.033332824707 29.1183319091797 29.1502494812012 29.1871662139893 29.2350006103516 29.2902507781982 29.2323341369629 29.2416667938232 29.2810001373291 29.294750213623 29.2764167785645 29.2210006713867 29.1955833435059 29.2595825195312 29.2845001220703 29.3488330841064 29.3679161071777 29.3621673583984 29.355167388916 29.3400840759277 29.3155822753906 29.3066654205322 29.2828330993652 29.265417098999
-3.4e+38 -3.4e+38 -3.4e+38 -3.4e+38 -3.4e+38 -3.4e+38 -3.4e+38 -3.4e+38 -3.4e+38 -3.4e+38 -3.4e+38 -3.4e+38 -3.4e+38 27.3673324584961 27.8017501831055 28.1876659393311 28.4484176635742 28.6447505950928 28.7452507019043 28.8985843658447 28.9467506408691 28.9830837249756 28.9675827026367 28.9809989929199 28.9504165649414 28.9160003662109 28.9455833435059 28.9794998168945 29.033166885376 29.1037502288818 29.157751083374 29.197416305542 29.2601661682129 29.3173332214355 29.3207511901855 29.3001670837402 29.3295841217041 29.3155002593994 29.2877502441406 29.2794170379639 29.3194160461426 29.2789993286133 29.2995834350586 29.3237495422363 29.363166809082 29.3925838470459 29.3924999237061 29.3886661529541 29.371166229248 29.3608341217041 29.3400001525879 29.3170833587646 29.2960834503174
-3.4e+38 -3.4e+38 -3.4e+38 -3.4e+38 -3.4e+38 -3.4e+38 -3.4e+38 -3.4e+38 -3.4e+38 -3.4e+38 -3.4e+38 -3.4e+38 -3.4e+38 27.3110828399658 27.6421661376953 27.9953327178955 28.3910827636719 28.5896663665771 28.7986660003662 28.9803333282471 29.0255832672119 29.0715827941895 28.9936676025391 28.9799995422363 28.9874172210693 29.0175838470459 29.0507507324219 29.0349159240723 29.0792503356934 29.1571655273438 29.1944999694824 29.2768325805664 29.3194999694824 29.3476676940918 29.3345832824707 29.3412494659424 29.3558330535889 29.3587493896484 29.3502502441406 29.335916519165 29.3657493591309 29.3528327941895 29.3535003662109 29.3848342895508 29.4466667175293 29.4769992828369 29.4642505645752 29.4467506408691 29.4163341522217 29.4073333740234 29.3920001983643 29.3746662139893 29.3393325805664
-3.4e+38 -3.4e+38 -3.4e+38 -3.4e+38 -3.4e+38 -3.4e+38 -3.4e+38 -3.4e+38 -3.4e+38 -3.4e+38 -3.4e+38 -3.4e+38 -3.4e+38 -3.4e+38 27.587833404541 27.8659172058105 28.3389167785645 28.5829162597656 28.8310832977295 29.0268325805664 29.1300830841064 29.1938343048096 29.1766662597656 29.1462497711182 29.1514167785645 29.1652507781982 29.1333332061768 29.0999164581299 29.1084995269775 29.1727504730225 29.2769165039062 29.312915802002 29.3436660766602 29.3703327178955 29.3739166259766 29.3792495727539 29.363582611084 29.3732490539551 29.3912506103516 29.4047508239746 29.4365005493164 29.4314994812012 29.4253330230713 29.4772491455078 29.4902496337891 29.5168342590332 29.5230007171631 29.5167503356934 29.4981670379639 29.4654998779297 29.4209175109863 29.4012508392334 29.3660831451416
-3.4e+38 -3.4e+38 -3.4e+38 -3.4e+38 -3.4e+38 -3.4e+38 -3.4e+38 -3.4e+38 -3.4e+38 -3.4e+38 -3.4e+38 -3.4e+38 -3.4e+38 -3.4e+38 -3.4e+38 27.8135833740234 28.1990833282471 28.5892505645752 28.8914165496826 29.121000289917 29.2950839996338 29.4199161529541 29.4253330230713 29.4061660766602 29.3675003051758 29.2810840606689 29.2254161834717 29.1391658782959 29.1504173278809 29.2294998168945 29.3125839233398 29.3387489318848 29.3570003509521 29.3894157409668 29.367000579834 29.3676662445068 29.3864994049072 29.4126663208008 29.4377498626709 29.4718322753906 29.4861660003662 29.5134162902832 29.4802494049072 29.5022506713867 29.5346660614014 29.5519161224365 29.5766658782959 29.5669994354248 29.547082901001 29.5136661529541 29.4630832672119 29.4132499694824 29.371000289917
-3.4e+38 -3.4e+38 -3.4e+38 -3.4e+38 -3.4e+38 -3.4e+38 -3.4e+38 -3.4e+38 -3.4e+38 -3.4e+38 -3.4e+38 -3.4e+38 -3.4e+38 -3.4e+38 -3.4e+38 -3.4e+38 28.1008338928223 28.5895004272461 28.8593330383301 29.1570835113525 29.3889999389648 29.489917755127 29.5415840148926 29.5920829772949 29.4664154052734 29.3329162597656 29.2335834503174 29.1788330078125 29.2058334350586 29.2739162445068 29.3262500762939 29.3665828704834 29.3990840911865 29.410083770752 29.4154167175293 29.4156665802002 29.4643325805664 29.5058326721191 29.5098342895508 29.5009155273438 29.5295829772949 29.5810832977295 29.5691661834717 29.5785827636719 29.6155834197998 29.6153335571289 29.6400833129883 29.6210842132568 29.5803337097168 29.54075050354 29.5139999389648 29.4351673126221 29.3755836486816
-3.4e+38 -3.4e+38 -3.4e+38 -3.4e+38 -3.4e+38 -3.4e+38 -3.4e+38 -3.4e+38 -3.4e+38 -3.4e+38 -3.4e+38 -3.4e+38 -3.4e+38 -3.4e+38 -3.4e+38 -3.4e+38 -3.4e+38 28.4054164886475 28.7063331604004 29.0435829162598 29.2998332977295 29.4812507629395 29.6038341522217 29.591667175293 29.5097503662109 29.4172496795654 29.3173332214355 29.2611675262451 29.2686672210693 29.3212490081787 29.3199996948242 29.3842506408691 29.4664993286133 29.4580841064453 29.4505825042725 29.4761657714844 29.5035839080811 29.5132503509521 29.5267505645752 29.5299987792969 29.5856666564941 29.6250839233398 29.6554164886475 29.6795825958252 29.7099170684814 29.6973342895508 29.7212505340576 29.7220840454102 29.6552505493164 29.5863342285156 29.5539169311523 29.4802494049072 29.3925838470459
-3.4e+38 -3.4e+38 -3.4e+38 -3.4e+38 -3.4e+38 -3.4e+38 -3.4e+38 -3.4e+38 -3.4e+38 -3.4e+38 -3.4e+38 -3.4e+38 -3.4e+38 -3.4e+38 -3.4e+38 -3.4e+38 -3.4e+38 28.1772499084473 28.548999786377 28.8530006408691 29.1840000152588 29.4290828704834 29.5677490234375 29.5974159240723 29.5343341827393 29.4045829772949 29.3222503662109 29.2835006713867 29.3095836639404 29.3622493743896 29.3468322753906 29.376916885376 29.4907493591309 29.4638328552246 29.4839992523193 29.497917175293 29.523250579834 29.5412502288818 29.5701656341553 29.5650825500488 29.6412506103516 29.6973323822021 29.7746677398682 29.7932510375977 29.7615833282471 29.7786674499512 29.814416885376 29.8126659393311 29.7360000610352 29.6631660461426 29.5974159240723 29.5386657714844 29.4550819396973
-3.4e+38 -3.4e+38 -3.4e+38 -3.4e+38 -3.4e+38 -3.4e+38 -3.4e+38 -3.4e+38 -3.4e+38 -3.4e+38 -3.4e+38 -3.4e+38 -3.4e+38 -3.4e+38 -3.4e+38 -3.4e+38 -3.4e+38 -3.4e+38 28.345832824707 28.5965843200684 28.9541664123535 29.3126659393311 29.5166664123535 29.5366668701172 29.4640007019043 29.3889999389648 29.3126659393311 29.2891674041748 29.3173332214355 29.359748840332 29.3629169464111 29.4158325195312 29.4918327331543 29.4896659851074 29.490083694458 29.5139999389648 29.5581665039062 29.5727500915527 29.5950832366943 29.6390838623047 29.7328338623047 29.8094158172607 29.8781661987305 29.9396667480469 29.9370822906494 29.8885841369629 29.9099159240723 29.8892498016357 29.7961673736572 29.7080001831055 29.6533336639404 29.576000213623 29.5006675720215
-3.4e+38 -3.4e+38 -3.4e+38 -3.4e+38 -3.4e+38 -3.4e+38 -3.4e+38 -3.4e+38 -3.4e+38 -3.4e+38 -3.4e+38 -3.4e+38 -3.4e+38 -3.4e+38 -3.4e+38 -3.4e+38 -3.4e+38 -3.4e+38 28.072416305542 28.3774166107178 28.6895008087158 29.0872497558594 29.3297500610352 29.3960838317871 29.3689994812012 29.3483333587646 29.2847499847412 29.2789993286133 29.2593326568604 29.3274173736572 29.3990840911865 29.4222507476807 29.4508323669434 29.4780006408691 29.5054168701172 29.5520839691162 29.5984172821045 29.6040000915527 29.6279163360596 29.6806659698486 29.7786674499512 29.8665828704834 29.9680004119873 30.0676670074463 30.1347503662109 30.0758323669434 30.0623321533203 29.9536666870117 29.8423328399658 29.749584197998 29.6730003356934 29.5879173278809 29.5275001525879
-3.4e+38 -3.4e+38 -3.4e+38 -3.4e+38 -3.4e+38 -3.4e+38 -3.4e+38 -3.4e+38 -3.4e+38 -3.4e+38 -3.4e+38 -3.4e+38 -3.4e+38 -3.4e+38 -3.4e+38 -3.4e+38 -3.4e+38 -3.4e+38 -3.4e+38 28.1834163665771 28.4270839691162 28.8395824432373 29.1391658782959 29.2678337097168 29.2725009918213 29.2896671295166 29.2821674346924 29.2312507629395 29.2408332824707 29.351167678833 29.4134998321533 29.4558334350586 29.49049949646 29.5184993743896 29.5646667480469 29.6065826416016 29.5914173126221 29.617000579834 29.6568336486816 29.7066669464111 29.8094997406006 29.9326667785645 30.0520000457764 30.1770839691162 30.259916305542 30.2310009002686 30.1542491912842 29.9987506866455 29.8541660308838 29.765417098999 29.6740837097168 29.59375 29.5424995422363
-3.4e+38 -3.4e+38 -3.4e+38 -3.4e+38 -3.4e+38 -3.4e+38 -3.4e+38 -3.4e+38 -3.4e+38 -3.4e+38 -3.4e+38 -3.4e+38 -3.4e+38 -3.4e+38 -3.4e+38 -3.4e+38 -3.4e+38 -3.4e+38 -3.4e+38 27.9418334960938 28.1863327026367 28.5359172821045 28.9447498321533 29.1773338317871 29.2719173431396 29.2843322753906 29.238582611084 29.228832244873 29.2569999694824 29.3257503509521 29.3704166412354 29.4679164886475 29.4901657104492 29.5207500457764 29.5672492980957 29.5780010223389 29.6161670684814 29.6601676940918 29.7077503204346 29.7668323516846 29.8513336181641 29.9707508087158 30.0700836181641 30.2182502746582 30.3130836486816 30.3337497711182 30.195499420166 30.0217514038086 29.8467502593994 29.7590827941895 29.6634998321533 29.5832500457764 29.5137500762939
-3.4e+38 -3.4e+38 -3.4e+38 -3.4e+38 -3.4e+38 -3.4e+38 -3.4e+38 -3.4e+38 -3.4e+38 -3.4e+38 -3.4e+38 -3.4e+38 -3.4e+38 -3.4e+38 -3.4e+38 -3.4e+38 -3.4e+38 -3.4e+38 -3.4e+38 -3.4e+38 28.0347499847412 28.3014163970947 28.6447505950928 28.9686660766602 29.1715831756592 29.2133331298828 29.2017498016357 29.2223339080811 29.2211666107178 29.27174949646 29.3324165344238 29.4098339080811 29.4699172973633 29.5141658782959 29.5555000305176 29.5801658630371 29.6182498931885 29.6424999237061 29.6891670227051 29.777250289917 29.8542499542236 29.9977493286133 30.0732498168945 30.1865825653076 30.2729167938232 30.2770004272461 30.1523342132568 30 29.8355007171631 29.7280006408691 29.6215000152588 29.5483322143555 29.4756660461426
-3.4e+38 -3.4e+38 -3.4e+38 -3.4e+38 -3.4e+38 -3.4e+38 -3.4e+38 -3.4e+38 -3.4e+38 -3.4e+38 -3.4e+38 -3.4e+38 -3.4e+38 -3.4e+38 -3.4e+38 -3.4e+38 -3.4e+38 -3.4e+38 -3.4e+38 -3.4e+38 27.7666664123535 28.1440010070801 28.4519996643066 28.7363338470459 28.9433326721191 28.9877510070801 28.9676666259766 29.0596656799316 29.1240825653076 29.1787490844727 29.2835826873779 29.3824996948242 29.4621658325195 29.50950050354 29.5345001220703 29.5898342132568 29.595832824707 29.6311664581299 29.6811676025391 29.7539176940918 29.816499710083 29.943416595459 30.0260009765625 30.1079158782959 30.1318340301514 30.1069164276123 30.0154991149902 29.8995838165283 29.7631664276123 29.6441669464111 29.5405006408691 29.4679164886475 29.416166305542
-3.4e+38 -3.4e+38 -3.4e+38 -3.4e+38 -3.4e+38 -3.4e+38 -3.4e+38 -3.4e+38 -3.4e+38 -3.4e+38 -3.4e+38 -3.4e+38 -3.4e+38 -3.4e+38 -3.4e+38 -3.4e+38 -3.4e+38 -3.4e+38 -3.4e+38 -3.4e+38 -3.4e+38 27.9097499847412 28.2584991455078 28.5421676635742 28.7170829772949 28.6857490539551 28.6612510681152 28.8645000457764 29.0739994049072 29.1981658935547 29.2712497711182 29.3600845336914 29.4350833892822 29.482084274292 29.5089168548584 29.5524997711182 29.581916809082 29.6028327941895 29.6672496795654 29.7402496337891 29.8033332824707 29.9071674346924 29.9634170532227 29.9962501525879 30.0080833435059 29.9645824432373 29.8930835723877 29.797082901001 29.6821670532227 29.5389175415039 29.4330005645752 29.3663330078125 29.3444995880127
-3.4e+38 -3.4e+38 -3.4e+38 -3.4e+38 -3.4e+38 -3.4e+38 -3.4e+38 -3.4e+38 -3.4e+38 -3.4e+38 -3.4e+38 -3.4e+38 -3.4e+38 -3.4e+38 -3.4e+38 -3.4e+38 -3.4e+38 -3.4e+38 -3.4e+38 -3.4e+38 -3.4e+38 -3.4e+38 27.9773330688477 28.2395839691162 28.3957500457764 28.4045829772949 28.386833190918 28.6152496337891 28.8894176483154 29.1282501220703 29.24391746521 29.3301658630371 29.4065837860107 29.4484176635742 29.4739990234375 29.5128326416016 29.5651664733887 29.6205825805664 29.6582508087158 29.7340831756592 29.8288326263428 29.9159164428711 29.945333480835 29.9621658325195 29.9540004730225 29.8949165344238 29.8315830230713 29.7254161834717 29.613000869751 29.4560832977295 29.347583770752 29.3070831298828 29.3043327331543
-3.4e+38 -3.4e+38 -3.4e+38 -3.4e+38 -3.4e+38 -3.4e+38 -3.4e+38 -3.4e+38 -3.4e+38 -3.4e+38 -3.4e+38 -3.4e+38 -3.4e+38 -3.4e+38 -3.4e+38 -3.4e+38 -3.4e+38 -3.4e+38 -3.4e+38 -3.4e+38 -3.4e+38 -3.4e+38 27.8900833129883 27.9710006713867 28.1163330078125 28.1169166564941 28.1560840606689 28.4438323974609 28.7323341369629 29.0389995574951 29.2044162750244 29.314582824707 29.3949165344238 29.4326667785645 29.4564990997314 29.503999710083 29.5632495880127 29.6242504119873 29.6911659240723 29.7854995727539 29.9085826873779 29.950834274292 29.9359169006348 29.9321670532227 29.9132499694824 29.8641662597656 29.7805824279785 29.699333190918 29.5827503204346 29.4450836181641 29.3655834197998 29.321834564209 29.3126659393311
-3.4e+38 -3.4e+38 -3.4e+38 -3.4e+38 -3.4e+38 -3.4e+38 -3.4e+38 -3.4e+38 -3.4e+38 -3.4e+38 -3.4e+38 -3.4e+38 -3.4e+38 -3.4e+38 -3.4e+38 -3.4e+38 -3.4e+38 -3.4e+38 -3.4e+38 -3.4e+38 -3.4e+38 -3.4e+38 -3.4e+38 28.0599174499512 28.0497493743896 28.0554161071777 28.0959167480469 28.3680839538574 28.6760005950928 28.9755001068115 29.1717491149902 29.2744998931885 29.3422508239746 29.3740005493164 29.3915824890137 29.4659156799316 29.549165725708 29.6164169311523 29.7124996185303 29.8097496032715 29.9133338928223 29.9594993591309 29.9320831298828 29.9283332824707 29.9312496185303 29.8844165802002 29.8096675872803 29.7207508087158 29.6128330230713 29.4901657104492 29.4064998626709 29.3612499237061 29.339916229248
-3.4e+38 -3.4e+38 -3.4e+38 -3.4e+38 -3.4e+38 -3.4e+38 -3.4e+38 -3.4e+38 -3.4e+38 -3.4e+38 -3.4e+38 -3.4e+38 -3.4e+38 -3.4e+38 -3.4e+38 -3.4e+38 -3.4e+38 -3.4e+38 -3.4e+38 -3.4e+38 -3.4e+38 -3.4e+38 -3.4e+38 28.1709175109863 28.1738338470459 28.1643333435059 28.0935840606689 28.3320827484131 28.6598339080811 28.9369163513184 29.1026668548584 29.1715831756592 29.2051658630371 29.2315006256104 29.2895832061768 29.3999156951904 29.4975833892822 29.6039161682129 29.7005844116211 29.7864170074463 29.8946666717529 29.9444999694824 29.9270839691162 29.9594993591309 29.9230842590332 29.8839988708496 29.8212509155273 29.7511672973633 29.6813335418701 29.5788326263428 29.5101661682129 29.4531669616699 29.3945007324219
-3.4e+38 -3.4e+38 -3.4e+38 -3.4e+38 -3.4e+38 -3.4e+38 -3.4e+38 -3.4e+38 -3.4e+38 -3.4e+38 -3.4e+38 -3.4e+38 -3.4e+38 -3.4e+38 -3.4e+38 -3.4e+38 -3.4e+38 -3.4e+38 -3.4e+38 -3.4e+38 -3.4e+38 -3.4e+38 -3.4e+38 28.2112503051758 28.253999710083 28.1841659545898 28.1019992828369 28.3387508392334 28.6324157714844 28.8875007629395 29.0130825042725 29.048999786377 29.0721664428711 29.0834159851074 29.1369171142578 29.279333114624 29.4534168243408 29.5462512969971 29.6342506408691 29.738582611084 29.84983253479 29.9225006103516 29.9539165496826 29.9495830535889 29.9092502593994 29.8652496337891 29.8194160461426 29.7943325042725 29.7426662445068 29.6892509460449 29.6284999847412 29.5620002746582 29.4939994812012
-3.4e+38 -3.4e+38 -3.4e+38 -3.4e+38 -3.4e+38 -3.4e+38 -3.4e+38 -3.4e+38 -3.4e+38 -3.4e+38 -3.4e+38 -3.4e+38 -3.4e+38 -3.4e+38 -3.4e+38 -3.4e+38 -3.4e+38 -3.4e+38 -3.4e+38 -3.4e+38 -3.4e+38 -3.4e+38 -3.4e+38 28.3059158325195 28.3560009002686 28.2210845947266 28.0507507324219 28.2997493743896 28.5650005340576 28.8137493133545 28.966667175293 28.9804172515869 28.935417175293 29.0033340454102 29.1420001983643 29.261833190918 29.4056663513184 29.5721664428711 29.6474170684814 29.7380828857422 29.8270835876465 29.888500213623 29.9364166259766 29.9170837402344 29.8972492218018 29.843334197998 29.8247489929199 29.8187503814697 29.8214168548584 29.7820835113525 29.7293338775635 29.6862506866455 29.595832824707
-3.4e+38 -3.4e+38 -3.4e+38 -3.4e+38 -3.4e+38 -3.4e+38 -3.4e+38 -3.4e+38 -3.4e+38 -3.4e+38 -3.4e+38 -3.4e+38 -3.4e+38 -3.4e+38 -3.4e+38 -3.4e+38 -3.4e+38 -3.4e+38 -3.4e+38 -3.4e+38 -3.4e+38 -3.4e+38 -3.4e+38 28.3202495574951 28.4483337402344 28.3191661834717 28.0852508544922 28.2006664276123 28.4455833435059 28.6968326568604 28.8554992675781 28.8386669158936 28.933666229248 29.0237503051758 29.1565837860107 29.2872505187988 29.386833190918 29.5237503051758 29.693000793457 29.7626667022705 29.8070831298828 29.8561668395996 29.8607501983643 29.8743324279785 29.8683338165283 29.8310832977295 29.8167495727539 29.8244171142578 29.8325824737549 29.8029174804688 29.7737503051758 29.7465000152588 29.6761665344238
