layers/tmax9.asc
NCOLS 292 
NROWS 291 
XLLCORNER -87.6458333327872 
YLLCORNER 24.4791666666667 
CELLSIZE 0.0416666666669039 
NODATA_value -3.4e+38 
[rows 120 to 143 of 291, columns 106 to 158 of 292]
25.4562492370605 25.5419158935547 25.6113338470459 25.5578327178955 25.6673336029053 25.7064990997314 25.8235836029053 25.9090824127197 25.988000869751 26.0688323974609 26.0960826873779 26.0621662139893 26.0688323974609 26.0480842590332 26.0286674499512 26.0216674804688 26.0186672210693 26.0273342132568 26.0405826568604 26.023416519165 26.0574169158936 26.0970840454102 26.1084156036377 26.0939998626709 26.0499172210693 26.0551662445068 26.0635833740234 26.0949993133545 26.1144161224365 26.0542507171631 26.0417499542236 26.1135005950928 26.1267509460449 26.1593322753906 26.125415802002 26.0702495574951 26.0395832061768 25.9783325195312 25.9382495880127 25.8719997406006 25.8432502746582 25.7940826416016 25.786750793457 25.7517490386963 25.7204990386963 25.6202507019043 25.3779163360596 25.1668338775635 24.8898334503174 24.6545829772949 -3.4e+38 -3.4e+38 -3.4e+38
25.5397491455078 25.5931663513184 25.6196670532227 25.701416015625 25.7315826416016 25.8266658782959 25.9310836791992 26.0434169769287 26.117166519165 26.1809158325195 26.1777496337891 26.1754989624023 26.1531658172607 26.113166809082 26.0589160919189 26.0310001373291 26.0511665344238 26.0559997558594 26.0735836029053 26.0739994049072 26.123083114624 26.1259174346924 26.1071662902832 26.125 26.0951671600342 26.0615825653076 26.05641746521 26.0974159240723 26.1185836791992 26.1412506103516 26.1240005493164 26.1380844116211 26.1533336639404 26.144250869751 26.1120834350586 26.0611667633057 26.0473327636719 26.0085010528564 25.9440841674805 25.8938331604004 25.8645839691162 25.8169994354248 25.8189163208008 25.7824172973633 25.6910839080811 25.5124168395996 25.2437496185303 24.97483253479 24.8049163818359 -3.4e+38 -3.4e+38 -3.4e+38 -3.4e+38
25.5482501983643 25.6107501983643 25.5955829620361 25.7671661376953 25.7802505493164 25.9040832519531 26.039249420166 26.1047496795654 26.1345844268799 26.1807498931885 26.2354164123535 26.2439155578613 26.1888332366943 26.1415004730225 26.1090831756592 26.056583404541 26.0728340148926 26.0944175720215 26.1082496643066 26.1882495880127 26.230749130249 26.2093334197998 26.1563339233398 26.1350841522217 26.1413326263428 26.1014995574951 26.0965843200684 26.1215000152588 26.1203327178955 26.1140003204346 26.2233333587646 26.2051658630371 26.1555824279785 26.1494159698486 26.1219158172607 26.0699157714844 26.0395832061768 26.0048332214355 25.9497489929199 25.8934173583984 25.8577499389648 25.8330841064453 25.8381671905518 25.8246669769287 25.7483329772949 25.4516658782959 25.2401657104492 24.9468326568604 24.7986660003662 -3.4e+38 -3.4e+38 -3.4e+38 -3.4e+38
25.3704166412354 25.4800834655762 25.5436668395996 25.7600002288818 25.8509178161621 26.0028343200684 26.0836658477783 26.1781673431396 26.1918334960938 26.2270832061768 26.3115005493164 26.3069171905518 26.2342491149902 26.193416595459 26.1765842437744 26.1718330383301 26.1718330383301 26.1932506561279 26.2331676483154 26.2863330841064 26.332332611084 26.2882499694824 26.240083694458 26.2297496795654 26.1694164276123 26.1113338470459 26.0863342285156 26.1413345336914 26.1075000762939 26.0980834960938 26.2256660461426 26.2387504577637 26.1956672668457 26.173583984375 26.1312503814697 26.0610008239746 26.0260829925537 25.9859161376953 25.9283332824707 25.8855838775635 25.8590831756592 25.8358325958252 25.8426666259766 25.8010005950928 25.6319999694824 25.4153327941895 25.2057495117188 24.9225826263428 -3.4e+38 -3.4e+38 -3.4e+38 -3.4e+38 -3.4e+38
25.3688335418701 25.4045829772949 25.5278339385986 25.6292495727539 25.7939987182617 25.9064178466797 26.0104999542236 26.1221656799316 26.2285003662109 26.2840843200684 26.3474159240723 26.3583335876465 26.3126659393311 26.2621669769287 26.224250793457 26.2428340911865 26.2434997558594 26.2691669464111 26.3356666564941 26.3985824584961 26.4231662750244 26.4190826416016 26.3622493743896 26.3000831604004 26.2369174957275 26.1785831451416 26.1585006713867 26.1654167175293 26.1744174957275 26.1360836029053 26.2317504882812 26.2325000762939 26.2124996185303 26.1615009307861 26.1119174957275 26.0834159851074 26.019832611084 25.9808330535889 25.9305000305176 25.8705005645752 25.8404998779297 25.8194160461426 25.8525009155273 25.783166885376 25.556583404541 25.3808326721191 25.0820827484131 24.8585834503174 -3.4e+38 -3.4e+38 -3.4e+38 -3.4e+38 -3.4e+38
25.4204998016357 25.4484996795654 25.5590000152588 25.6829166412354 25.7686672210693 25.8949165344238 25.9672508239746 26.0884170532227 26.185583114624 26.2681674957275 26.3005828857422 26.3370838165283 26.3414993286133 26.3325843811035 26.2788333892822 26.3079166412354 26.3420829772949 26.3850002288818 26.449333190918 26.5299987792969 26.5517501831055 26.5727500915527 26.5437507629395 26.4640827178955 26.3535003662109 26.2843341827393 26.2294158935547 26.210916519165 26.2078342437744 26.1923332214355 26.1915836334229 26.1881675720215 26.1860828399658 26.1864166259766 26.1388339996338 26.0945835113525 26.0327491760254 25.9769992828369 25.9564990997314 25.9174995422363 25.8617496490479 25.8344173431396 25.7955837249756 25.7458343505859 25.5388336181641 25.338249206543 24.9830837249756 -3.4e+38 -3.4e+38 -3.4e+38 -3.4e+38 -3.4e+38 -3.4e+38
25.4958324432373 25.5368328094482 25.6389999389648 25.7622489929199 25.7941665649414 25.9013328552246 25.9895839691162 26.07200050354 26.1417503356934 26.2162494659424 26.2800006866455 26.3169174194336 26.3425827026367 26.3593330383301 26.3777503967285 26.4174156188965 26.47825050354 26.5254993438721 26.6075839996338 26.6727504730225 26.6941661834717 26.7299156188965 26.7100009918213 26.6163330078125 26.4815826416016 26.3794994354248 26.3074989318848 26.1885833740234 26.197416305542 26.2001667022705 26.2202491760254 26.2235832214355 26.1984996795654 26.1609992980957 26.1475830078125 26.0934162139893 26.0405826568604 25.9926662445068 25.9928340911865 25.9719161987305 25.9020004272461 25.8487510681152 25.7494163513184 25.6104164123535 25.4462490081787 25.2017498016357 24.9356670379639 -3.4e+38 -3.4e+38 -3.4e+38 -3.4e+38 -3.4e+38 -3.4e+38
25.6560840606689 25.6772499084473 25.7207508087158 25.7635841369629 25.8951663970947 25.8994998931885 25.9498329162598 26.0302505493164 26.0906677246094 26.1733341217041 26.2334995269775 26.2825832366943 26.3287506103516 26.3960838317871 26.466667175293 26.5276660919189 26.5714168548584 26.6433334350586 26.7189178466797 26.7879161834717 26.8760833740234 26.8427505493164 26.7855834960938 26.722583770752 26.638500213623 26.4994163513184 26.3922500610352 26.3034992218018 26.2786674499512 26.2573337554932 26.2463340759277 26.2369174957275 26.2169170379639 26.1620826721191 26.1511669158936 26.113582611084 26.0360832214355 26.0002498626709 25.9722499847412 25.9427490234375 25.9147491455078 25.8971672058105 25.8067493438721 25.5676670074463 25.3751659393311 25.0936660766602 24.8513336181641 -3.4e+38 -3.4e+38 -3.4e+38 -3.4e+38 -3.4e+38 -3.4e+38
25.8320827484131 25.855583190918 25.8699169158936 25.8784160614014 25.9605827331543 25.956916809082 26.0077495574951 26.0421676635742 26.0764999389648 26.1453342437744 26.2158336639404 26.269832611084 26.3101673126221 26.3833332061768 26.4374160766602 26.492166519165 26.5655002593994 26.6519165039062 26.7571659088135 26.8715839385986 26.9292488098145 26.9496669769287 26.8736667633057 26.8149166107178 26.7255840301514 26.585750579834 26.4611663818359 26.351583480835 26.2542495727539 26.2433338165283 26.2449169158936 26.2475833892822 26.2113342285156 26.1948337554932 26.1277503967285 26.0890827178955 26.0488338470459 26.0250835418701 25.9739990234375 25.9211673736572 25.9084167480469 25.8865833282471 25.7198333740234 25.4627494812012 25.2239170074463 24.9188327789307 24.8050003051758 -3.4e+38 -3.4e+38 -3.4e+38 -3.4e+38 -3.4e+38 -3.4e+38
25.9785003662109 25.9785842895508 25.9734992980957 25.9757499694824 26.0170841217041 26.0147495269775 26.048999786377 26.0774173736572 26.0826663970947 26.1475830078125 26.2006664276123 26.2458324432373 26.3448333740234 26.4304161071777 26.4824161529541 26.5258331298828 26.5952491760254 26.6809997558594 26.7836666107178 26.8947505950928 26.9576663970947 26.9554176330566 26.9524154663086 26.8931655883789 26.783332824707 26.648416519165 26.4712505340576 26.427583694458 26.3578338623047 26.3009166717529 26.2827491760254 26.297082901001 26.1995830535889 26.2099990844727 26.1203327178955 26.0790004730225 26.0883331298828 26.0583324432373 25.9869995117188 25.9005832672119 25.8384990692139 25.7689170837402 25.4946670532227 25.2614994049072 24.9986667633057 24.8505840301514 -3.4e+38 -3.4e+38 -3.4e+38 -3.4e+38 -3.4e+38 -3.4e+38 -3.4e+38
26.0335826873779 26.0287494659424 26.0243339538574 26.0106658935547 26.0294170379639 26.0493335723877 26.0757503509521 26.1059989929199 26.0959167480469 26.1552505493164 26.1844158172607 26.2211666107178 26.339750289917 26.4281673431396 26.480583190918 26.5140838623047 26.6147499084473 26.7070007324219 26.7835006713867 26.859167098999 26.9092502593994 26.9443321228027 26.8883323669434 26.8171672821045 26.7374153137207 26.6345825195312 26.5354156494141 26.4580001831055 26.3810005187988 26.3188323974609 26.2854156494141 26.2737503051758 26.1828327178955 26.1877498626709 26.1240825653076 26.0832500457764 26.088249206543 26.0760841369629 26.0341663360596 25.9590835571289 25.7770824432373 25.5806674957275 25.3108329772949 25.0667495727539 24.9178333282471 -3.4e+38 -3.4e+38 -3.4e+38 -3.4e+38 -3.4e+38 -3.4e+38 -3.4e+38 -3.4e+38
26.0292491912842 26.0340824127197 26.0563335418701 26.0305004119873 26.0424995422363 26.0678329467773 26.0954170227051 26.1154174804688 26.11549949646 26.1924991607666 26.2098331451416 26.2369995117188 26.2927494049072 26.3759174346924 26.4060821533203 26.5206661224365 26.6268329620361 26.691499710083 26.7456665039062 26.8037509918213 26.8412494659424 26.8270835876465 26.7859992980957 26.7335834503174 26.6800003051758 26.611499786377 26.549165725708 26.4838333129883 26.4205837249756 26.3577499389648 26.3008327484131 26.2356662750244 26.1989994049072 26.173583984375 26.0661659240723 26.0562496185303 26.05299949646 26.0190830230713 25.9780006408691 25.8884162902832 25.6737499237061 25.4089164733887 25.1358337402344 25.0096664428711 -3.4e+38 -3.4e+38 -3.4e+38 -3.4e+38 -3.4e+38 -3.4e+38 -3.4e+38 -3.4e+38 -3.4e+38
26.0381660461426 26.0157508850098 26.0149173736572 26.0184173583984 26.0299987792969 26.0848331451416 26.1119155883789 26.1170845031738 26.1733341217041 26.232250213623 26.2755832672119 26.2910842895508 26.2856674194336 26.3356666564941 26.3790836334229 26.515417098999 26.5867500305176 26.6485843658447 26.7054996490479 26.7427501678467 26.7555828094482 26.732250213623 26.7141666412354 26.6873340606689 26.6363334655762 26.617166519165 26.5494174957275 26.4734992980957 26.4358329772949 26.3691673278809 26.3530826568604 26.2204990386963 26.2181663513184 26.1289176940918 26.0200004577637 26.0050830841064 26.0048332214355 26.0351657867432 26.0115833282471 25.8594169616699 25.5940837860107 25.3343334197998 25.0858325958252 25.0338325500488 -3.4e+38 -3.4e+38 -3.4e+38 -3.4e+38 -3.4e+38 -3.4e+38 -3.4e+38 -3.4e+38 -3.4e+38
25.9791660308838 25.939582824707 25.9770832061768 26.0009994506836 26.0265827178955 26.0821666717529 26.1082496643066 26.117166519165 26.1654167175293 26.2355003356934 26.2925834655762 26.3185005187988 26.3466663360596 26.3392505645752 26.3934993743896 26.5051670074463 26.5592498779297 26.615083694458 26.6510009765625 26.6830825805664 26.6805839538574 26.670166015625 26.6635837554932 26.6485824584961 26.6336669921875 26.6140823364258 26.5885009765625 26.5068340301514 26.4720840454102 26.435583114624 26.3789157867432 26.2387504577637 26.2415828704834 26.1159172058105 26.0244159698486 25.9689998626709 25.9681663513184 25.9659175872803 25.9811668395996 25.8195838928223 25.5574989318848 25.3217506408691 25.13450050354 25.1012496948242 -3.4e+38 -3.4e+38 -3.4e+38 -3.4e+38 -3.4e+38 -3.4e+38 -3.4e+38 -3.4e+38 -3.4e+38
25.9436664581299 25.9905834197998 26.0089168548584 26.0280838012695 26.0966663360596 26.1223335266113 26.1510829925537 26.1700000762939 26.2223339080811 26.2641677856445 26.2942504882812 26.3425006866455 26.3782501220703 26.4435005187988 26.4956665039062 26.4842510223389 26.5523338317871 26.6024169921875 26.6267509460449 26.6391677856445 26.6494159698486 26.64674949646 26.6425838470459 26.6317501068115 26.6345825195312 26.6293334960938 26.6221675872803 26.5739994049072 26.5244998931885 26.4724178314209 26.3893337249756 26.2502498626709 26.2254161834717 26.0655002593994 26.0063343048096 25.9594173431396 25.9440841674805 25.9565830230713 25.8651657104492 25.6822490692139 25.4729995727539 25.329833984375 25.228832244873 25.1608333587646 -3.4e+38 -3.4e+38 -3.4e+38 -3.4e+38 -3.4e+38 -3.4e+38 -3.4e+38 -3.4e+38 -3.4e+38
26.0345001220703 26.0550003051758 26.0329170227051 26.0540008544922 26.1526660919189 26.1431655883789 26.1774997711182 26.2070846557617 26.2770843505859 26.2942504882812 26.2992496490479 26.3473339080811 26.4112510681152 26.4957504272461 26.5844993591309 26.6167488098145 26.6113338470459 26.6239166259766 26.6599159240723 26.6457500457764 26.6593341827393 26.6683330535889 26.6425819396973 26.6307506561279 26.6615009307861 26.6823329925537 26.6719169616699 26.6391658782959 26.556999206543 26.5006675720215 26.3936672210693 26.2464160919189 26.1811656951904 26.0450839996338 25.9950008392334 25.9578323364258 25.9556655883789 25.9500007629395 25.8826675415039 25.6604995727539 25.4636669158936 25.3740005493164 25.2943325042725 25.2548332214355 -3.4e+38 -3.4e+38 -3.4e+38 -3.4e+38 -3.4e+38 -3.4e+38 -3.4e+38 -3.4e+38 -3.4e+38
26.1324996948242 26.097749710083 26.068416595459 26.1180839538574 26.2214164733887 26.2189178466797 26.2533340454102 26.2928333282471 26.341833114624 26.345666885376 26.3300838470459 26.3632507324219 26.4257507324219 26.5200824737549 26.5495834350586 26.6155834197998 26.6665000915527 26.6618347167969 26.685417175293 26.6819171905518 26.6598339080811 26.6643333435059 26.6837501525879 26.7013339996338 26.7193336486816 26.7342491149902 26.7219161987305 26.6654167175293 26.6019992828369 26.5395832061768 26.428165435791 26.2565841674805 26.1888332366943 26.0700836181641 25.9977493286133 26.0028324127197 25.9645824432373 25.9518337249756 25.8794174194336 25.7411670684814 25.4942493438721 25.3706665039062 25.3748340606689 25.3331661224365 -3.4e+38 -3.4e+38 -3.4e+38 -3.4e+38 -3.4e+38 -3.4e+38 -3.4e+38 -3.4e+38 -3.4e+38
26.1789169311523 26.179666519165 26.2025833129883 26.2283325195312 26.2729167938232 26.2819175720215 26.314582824707 26.3390827178955 26.3803329467773 26.3900833129883 26.3706665039062 26.378999710083 26.4328346252441 26.5299167633057 26.5714168548584 26.6324996948242 26.6439170837402 26.6471672058105 26.6592502593994 26.6881656646729 26.6837501525879 26.7083339691162 26.7175827026367 26.7315006256104 26.7596664428711 26.792667388916 26.8154163360596 26.7378330230713 26.7041664123535 26.6424160003662 26.4854164123535 26.3198337554932 26.2215843200684 26.1316661834717 26.0476665496826 26.0206661224365 25.9736671447754 25.9384994506836 25.8525829315186 25.6569175720215 25.4172496795654 25.3647499084473 25.4001655578613 -3.4e+38 -3.4e+38 -3.4e+38 -3.4e+38 -3.4e+38 -3.4e+38 -3.4e+38 -3.4e+38 -3.4e+38 -3.4e+38
26.2826671600342 26.3237495422363 26.3505840301514 26.3331661224365 26.3775005340576 26.3660831451416 26.3489990234375 26.3793334960938 26.439582824707 26.4519157409668 26.425666809082 26.4320831298828 26.4894161224365 26.547082901001 26.583667755127 26.6160831451416 26.6479167938232 26.6544990539551 26.6495838165283 26.677417755127 26.7120838165283 26.7140007019043 26.7215824127197 26.7676658630371 26.8233337402344 26.8899154663086 26.9405822753906 26.8720836639404 26.773416519165 26.7157497406006 26.4954166412354 26.363166809082 26.2749156951904 26.1887493133545 26.1180839538574 26.0564994812012 25.9815006256104 25.9656658172607 25.8623332977295 25.6377506256104 25.388916015625 25.4130001068115 25.4882507324219 -3.4e+38 -3.4e+38 -3.4e+38 -3.4e+38 -3.4e+38 -3.4e+38 -3.4e+38 -3.4e+38 -3.4e+38 -3.4e+38
26.4254989624023 26.4488334655762 26.4439163208008 26.4150829315186 26.5106678009033 26.459415435791 26.4441661834717 26.4645004272461 26.5169162750244 26.519416809082 26.531665802002 26.5526676177979 26.5435829162598 26.5443344116211 26.5870838165283 26.6429996490479 26.6783332824707 26.6940002441406 26.679666519165 26.6853332519531 26.7145004272461 26.7213344573975 26.7626667022705 26.8359985351562 26.9457492828369 26.997917175293 27.0262508392334 26.9675006866455 26.9064998626709 26.724250793457 26.6663341522217 26.5183334350586 26.3311672210693 26.232666015625 26.1526660919189 26.0836658477783 26.0339164733887 26.0045833587646 25.896333694458 25.6759166717529 25.4090003967285 25.4519157409668 25.5258331298828 -3.4e+38 -3.4e+38 -3.4e+38 -3.4e+38 -3.4e+38 -3.4e+38 -3.4e+38 -3.4e+38 -3.4e+38 -3.4e+38
26.4720001220703 26.5043334960938 26.5031661987305 26.4726676940918 26.5474166870117 26.4505825042725 26.5001659393311 26.5284175872803 26.5287494659424 26.5423336029053 26.6124172210693 26.6169166564941 26.6253337860107 26.6365013122559 26.6445007324219 26.685583114624 26.702751159668 26.7399997711182 26.7369995117188 26.7280006408691 26.7240829467773 26.7514991760254 26.7999992370605 26.9055824279785 27.0180835723877 27.0359992980957 27.0651664733887 27.0237503051758 26.9505825042725 26.9237499237061 26.8471660614014 26.6282501220703 26.5128326416016 26.3687496185303 26.2858333587646 26.2250843048096 26.1625003814697 26.0712509155273 25.9224166870117 25.7115001678467 25.5209999084473 25.5674991607666 25.5599994659424 -3.4e+38 -3.4e+38 -3.4e+38 -3.4e+38 -3.4e+38 -3.4e+38 -3.4e+38 -3.4e+38 -3.4e+38 -3.4e+38
26.4403324127197 26.4917507171631 26.5340003967285 26.4934997558594 26.5763320922852 26.490665435791 26.5301666259766 26.5150833129883 26.548583984375 26.5539169311523 26.6041660308838 26.6435832977295 26.6689167022705 26.6809158325195 26.6893329620361 26.699499130249 26.7272510528564 26.7403335571289 26.7577495574951 26.773250579834 26.755916595459 26.7891674041748 26.8485832214355 26.9602508544922 27.0507507324219 27.0768337249756 27.1337509155273 27.051082611084 26.9825839996338 26.9977493286133 26.9344177246094 26.724250793457 26.5948333740234 26.5053329467773 26.3998336791992 26.3585834503174 26.3310832977295 26.2458343505859 26.0804176330566 25.8619155883789 25.7448329925537 25.7275009155273 25.6161670684814 -3.4e+38 -3.4e+38 -3.4e+38 -3.4e+38 -3.4e+38 -3.4e+38 -3.4e+38 -3.4e+38 -3.4e+38 -3.4e+38
26.4895000457764 26.4959163665771 26.5128326416016 26.5305004119873 26.5673332214355 26.5151672363281 26.5687503814697 26.577917098999 26.6027507781982 26.609167098999 26.6392498016357 26.6843338012695 26.6944999694824 26.6900825500488 26.7089157104492 26.7471675872803 26.7418327331543 26.7591667175293 26.8294162750244 26.8440837860107 26.8277492523193 26.8599166870117 26.8911666870117 26.9449996948242 27.039249420166 27.1377506256104 27.2344989776611 27.1658325195312 26.9839992523193 26.9766674041748 26.9143333435059 26.7830009460449 26.6240825653076 26.5171661376953 26.4305839538574 26.375415802002 26.3369998931885 26.3347492218018 26.1927509307861 26.03733253479 25.8691673278809 25.8448333740234 25.7493343353271 -3.4e+38 -3.4e+38 -3.4e+38 -3.4e+38 -3.4e+38 -3.4e+38 -3.4e+38 -3.4e+38 -3.4e+38 -3.4e+38
26.5227508544922 26.489917755127 26.5060005187988 26.5865001678467 26.570333480835 26.5615005493164 26.5858325958252 26.6144161224365 26.6308326721191 26.6410827636719 26.6604156494141 26.7277488708496 26.7497501373291 26.7876663208008 26.7908325195312 26.7604999542236 26.786750793457 26.8440837860107 26.8447494506836 26.8609161376953 26.8841667175293 26.8829174041748 26.8895835876465 26.9530830383301 27.0472507476807 27.1136665344238 27.1570835113525 27.0464992523193 26.9284172058105 26.9236660003662 26.8686656951904 26.7696666717529 26.5901660919189 26.4850006103516 26.3894157409668 26.3321666717529 26.3077507019043 26.2901668548584 26.1995830535889 26.0967502593994 25.945333480835 25.9267501831055 25.778751373291 -3.4e+38 -3.4e+38 -3.4e+38 -3.4e+38 -3.4e+38 -3.4e+38 -3.4e+38 -3.4e+38 -3.4e+38 -3.4e+38
