layers/tmax11.asc
NCOLS 292 
NROWS 291 
XLLCORNER -87.6458333327872 
YLLCORNER 24.4791666666667 
CELLSIZE 0.0416666666669039 
NODATA_value -3.4e+38 
[rows 0 to 23 of 291, columns 106 to 158 of 292]
-3.4e+38 -3.4e+38 -3.4e+38 -3.4e+38 -3.4e+38 -3.4e+38 -3.4e+38 -3.4e+38 -3.4e+38 -3.4e+38 -3.4e+38 -3.4e+38 -3.4e+38 -3.4e+38 -3.4e+38 -3.4e+38 -3.4e+38 -3.4e+38 -3.4e+38 -3.4e+38 -3.4e+38 -3.4e+38 -3.4e+38 -3.4e+38 -3.4e+38 -3.4e+38 -3.4e+38 -3.4e+38 -3.4e+38 -3.4e+38 -3.4e+38 -3.4e+38 -3.4e+38 -3.4e+38 -3.4e+38 -3.4e+38 -3.4e+38 15.2533330917358 16.2992496490479 16.4553337097168 -3.4e+38 -3.4e+38 -3.4e+38 -3.4e+38 -3.4e+38 -3.4e+38 -3.4e+38 -3.4e+38 -3.4e+38 -3.4e+38 -3.4e+38 -3.4e+38 -3.4e+38
-3.4e+38 -3.4e+38 -3.4e+38 -3.4e+38 -3.4e+38 -3.4e+38 -3.4e+38 -3.4e+38 -3.4e+38 -3.4e+38 -3.4e+38 -3.4e+38 -3.4e+38 -3.4e+38 -3.4e+38 -3.4e+38 -3.4e+38 -3.4e+38 -3.4e+38 -3.4e+38 -3.4e+38 -3.4e+38 -3.4e+38 -3.4e+38 -3.4e+38 -3.4e+38 -3.4e+38 -3.4e+38 -3.4e+38 -3.4e+38 -3.4e+38 -3.4e+38 -3.4e+38 -3.4e+38 -3.4e+38 -3.4e+38 -3.4e+38 16.7215824127197 16.5824165344238 16.7114162445068 17.0577507019043 17.0248336791992 17.1952495574951 17.2504997253418 17.55641746521 17.5139999389648 17.2857494354248 17.3115005493164 17.5711669921875 17.6176662445068 17.0571670532227 17.1399173736572 17.601749420166
-3.4e+38 -3.4e+38 -3.4e+38 -3.4e+38 -3.4e+38 -3.4e+38 -3.4e+38 -3.4e+38 -3.4e+38 -3.4e+38 -3.4e+38 -3.4e+38 -3.4e+38 -3.4e+38 -3.4e+38 -3.4e+38 -3.4e+38 -3.4e+38 -3.4e+38 -3.4e+38 -3.4e+38 -3.4e+38 -3.4e+38 -3.4e+38 -3.4e+38 -3.4e+38 -3.4e+38 -3.4e+38 -3.4e+38 -3.4e+38 -3.4e+38 -3.4e+38 -3.4e+38 -3.4e+38 -3.4e+38 -3.4e+38 -3.4e+38 17.0244159698486 16.5092506408691 16.6592502593994 17.0485000610352 17.3077507019043 17.3469161987305 17.4874172210693 17.4255828857422 17.50950050354 17.2247505187988 16.9249172210693 17.154748916626 16.2468338012695 17.0178337097168 17.2649173736572 17.5281658172607
-3.4e+38 -3.4e+38 -3.4e+38 -3.4e+38 -3.4e+38 -3.4e+38 -3.4e+38 -3.4e+38 -3.4e+38 -3.4e+38 -3.4e+38 -3.4e+38 -3.4e+38 -3.4e+38 -3.4e+38 -3.4e+38 -3.4e+38 -3.4e+38 -3.4e+38 -3.4e+38 -3.4e+38 -3.4e+38 -3.4e+38 -3.4e+38 -3.4e+38 -3.4e+38 -3.4e+38 -3.4e+38 -3.4e+38 -3.4e+38 -3.4e+38 -3.4e+38 -3.4e+38 -3.4e+38 -3.4e+38 -3.4e+38 -3.4e+38 17.0537509918213 17.2275829315186 17.1576671600342 17.0708332061768 16.503833770752 16.324333190918 16.7700824737549 17.2140827178955 17.4645824432373 17.1126670837402 16.2916660308838 15.7365827560425 16.4015007019043 16.8687496185303 17.1475009918213 17.2590007781982
-3.4e+38 -3.4e+38 -3.4e+38 -3.4e+38 -3.4e+38 -3.4e+38 -3.4e+38 -3.4e+38 -3.4e+38 -3.4e+38 -3.4e+38 -3.4e+38 -3.4e+38 -3.4e+38 -3.4e+38 -3.4e+38 -3.4e+38 -3.4e+38 -3.4e+38 -3.4e+38 -3.4e+38 -3.4e+38 -3.4e+38 -3.4e+38 -3.4e+38 -3.4e+38 -3.4e+38 -3.4e+38 -3.4e+38 -3.4e+38 -3.4e+38 -3.4e+38 -3.4e+38 -3.4e+38 -3.4e+38 -3.4e+38 16.8428325653076 17.1373329162598 16.8583335876465 15.8217506408691 16.6859169006348 16.7167491912842 16.8027496337891 17.4174995422363 17.2514171600342 17.0713329315186 17.0652503967285 16.9584999084473 16.4965839385986 17.230583190918 16.9947490692139 18.257833480835 17.6648330688477
-3.4e+38 -3.4e+38 -3.4e+38 -3.4e+38 -3.4e+38 -3.4e+38 -3.4e+38 -3.4e+38 -3.4e+38 -3.4e+38 -3.4e+38 -3.4e+38 -3.4e+38 -3.4e+38 -3.4e+38 -3.4e+38 -3.4e+38 -3.4e+38 -3.4e+38 -3.4e+38 -3.4e+38 -3.4e+38 -3.4e+38 -3.4e+38 -3.4e+38 -3.4e+38 -3.4e+38 -3.4e+38 -3.4e+38 -3.4e+38 -3.4e+38 -3.4e+38 -3.4e+38 -3.4e+38 -3.4e+38 -3.4e+38 16.6880836486816 16.3697490692139 15.9643335342407 15.7623338699341 15.9321660995483 16.7115001678467 16.7584991455078 17.1205005645752 16.9361667633057 16.4723339080811 16.6635837554932 16.7680835723877 17.6961669921875 19.2740840911865 20.1539173126221 20.2156658172607 20.0494995117188
-3.4e+38 -3.4e+38 -3.4e+38 -3.4e+38 -3.4e+38 -3.4e+38 -3.4e+38 -3.4e+38 -3.4e+38 -3.4e+38 -3.4e+38 -3.4e+38 -3.4e+38 -3.4e+38 -3.4e+38 -3.4e+38 -3.4e+38 -3.4e+38 -3.4e+38 -3.4e+38 -3.4e+38 -3.4e+38 -3.4e+38 -3.4e+38 -3.4e+38 -3.4e+38 -3.4e+38 -3.4e+38 -3.4e+38 -3.4e+38 -3.4e+38 -3.4e+38 -3.4e+38 16.4912490844727 15.9595832824707 16.628833770752 14.6678333282471 14.5943326950073 15.7326669692993 16.2555828094482 16.5561656951904 16.3525009155273 16.7888336181641 17.2006664276123 17.1840000152588 18.79075050354 19.1079998016357 19.3181667327881 19.8007507324219 19.9461669921875 20.1510829925537 20.4082489013672 20.9254169464111
-3.4e+38 -3.4e+38 -3.4e+38 -3.4e+38 -3.4e+38 -3.4e+38 -3.4e+38 -3.4e+38 -3.4e+38 -3.4e+38 -3.4e+38 -3.4e+38 -3.4e+38 -3.4e+38 -3.4e+38 -3.4e+38 -3.4e+38 -3.4e+38 -3.4e+38 -3.4e+38 -3.4e+38 -3.4e+38 -3.4e+38 -3.4e+38 -3.4e+38 -3.4e+38 -3.4e+38 -3.4e+38 -3.4e+38 -3.4e+38 -3.4e+38 -3.4e+38 16.9284992218018 17.1490001678467 16.6791667938232 16.7693328857422 14.7495832443237 16.0201663970947 16.2377490997314 16.6392498016357 16.8741664886475 16.9539165496826 16.8957500457764 16.4103336334229 16.8290004730225 19.1264991760254 20.0376663208008 19.6799163818359 20.5529174804688 20.3069171905518 20.9857501983643 21.2011661529541 21.1956672668457
-3.4e+38 -3.4e+38 -3.4e+38 -3.4e+38 -3.4e+38 -3.4e+38 -3.4e+38 -3.4e+38 -3.4e+38 -3.4e+38 -3.4e+38 -3.4e+38 -3.4e+38 -3.4e+38 -3.4e+38 -3.4e+38 -3.4e+38 -3.4e+38 -3.4e+38 -3.4e+38 -3.4e+38 -3.4e+38 -3.4e+38 -3.4e+38 -3.4e+38 -3.4e+38 -3.4e+38 -3.4e+38 -3.4e+38 -3.4e+38 -3.4e+38 16.7097492218018 16.9381675720215 17.2089157104492 17.3181667327881 16.8080825805664 15.1272497177124 16.1204166412354 16.55641746521 16.6335830688477 16.5107498168945 16.4512500762939 16.4391670227051 18.0578327178955 19.0353336334229 19.8020000457764 20.7799167633057 20.4098339080811 20.6948337554932 21.1479167938232 21.0335006713867 21.0674171447754 21.293249130249
-3.4e+38 -3.4e+38 -3.4e+38 -3.4e+38 -3.4e+38 -3.4e+38 -3.4e+38 -3.4e+38 -3.4e+38 -3.4e+38 -3.4e+38 -3.4e+38 -3.4e+38 -3.4e+38 -3.4e+38 -3.4e+38 -3.4e+38 -3.4e+38 -3.4e+38 -3.4e+38 -3.4e+38 -3.4e+38 -3.4e+38 -3.4e+38 -3.4e+38 -3.4e+38 -3.4e+38 -3.4e+38 -3.4e+38 -3.4e+38 16.5575828552246 14.8429164886475 14.2470836639404 15.1138334274292 16.9381675720215 16.9535827636719 16.213249206543 16.4226665496826 16.3519992828369 17.3002490997314 18.4982490539551 17.8281669616699 18.7934169769287 19.4825000762939 19.9169158935547 20.3997497558594 20.4576663970947 20.8884162902832 21.1691665649414 21.1251659393311 21.232084274292 21.2271671295166 21.3479156494141
-3.4e+38 -3.4e+38 -3.4e+38 -3.4e+38 -3.4e+38 -3.4e+38 -3.4e+38 -3.4e+38 -3.4e+38 -3.4e+38 -3.4e+38 -3.4e+38 -3.4e+38 -3.4e+38 -3.4e+38 -3.4e+38 -3.4e+38 -3.4e+38 -3.4e+38 -3.4e+38 -3.4e+38 -3.4e+38 -3.4e+38 -3.4e+38 -3.4e+38 -3.4e+38 -3.4e+38 -3.4e+38 -3.4e+38 16.4136657714844 16.7941665649414 15.6873331069946 15.2550001144409 14.9367504119873 16.2097492218018 16.7953338623047 15.4214162826538 15.4614162445068 15.5962495803833 16.3486671447754 18.3490829467773 19.7084159851074 19.5504169464111 19.3262500762939 20.4694995880127 20.947416305542 21.0421657562256 20.9550838470459 21.1061668395996 21.3761672973633 21.4219169616699 21.341833114624 21.2999992370605
-3.4e+38 -3.4e+38 -3.4e+38 -3.4e+38 -3.4e+38 -3.4e+38 -3.4e+38 -3.4e+38 -3.4e+38 -3.4e+38 -3.4e+38 -3.4e+38 -3.4e+38 -3.4e+38 -3.4e+38 -3.4e+38 -3.4e+38 -3.4e+38 -3.4e+38 -3.4e+38 -3.4e+38 -3.4e+38 15.5455827713013 16.0391674041748 16.7446670532227 16.2297496795654 -3.4e+38 -3.4e+38 -3.4e+38 14.6045837402344 15.6596660614014 15.1172504425049 14.3969163894653 14.7459163665771 14.8902502059937 16.1379165649414 16.7704162597656 16.1704158782959 17.5230827331543 18.2968330383301 18.8330001831055 20.4328327178955 20.1333332061768 20.1774997711182 20.9346675872803 21.0805835723877 21.2779159545898 21.3729991912842 21.3761672973633 21.3782501220703 21.2110004425049 21.0055828094482 20.4207496643066
-3.4e+38 -3.4e+38 -3.4e+38 -3.4e+38 -3.4e+38 -3.4e+38 -3.4e+38 -3.4e+38 -3.4e+38 -3.4e+38 -3.4e+38 -3.4e+38 -3.4e+38 -3.4e+38 -3.4e+38 -3.4e+38 -3.4e+38 -3.4e+38 -3.4e+38 -3.4e+38 18.2180824279785 18.5556659698486 17.8617496490479 17.0413341522217 18.1459999084473 14.9989166259766 14.3675832748413 14.2736663818359 15.4130830764771 16.1049175262451 15.4889163970947 15.6160001754761 15.247917175293 14.8979167938232 16.310583114624 18.3471660614014 19.736499786377 18.8682498931885 18.6903343200684 19.175500869751 20.1264991760254 19.1074161529541 19.9985828399658 21.0167503356934 21.1322498321533 21.0171661376953 21.0240001678467 21.1634998321533 21.1960830688477 20.9069995880127 19.5343322753906 19.6456661224365 20.4712505340576
-3.4e+38 -3.4e+38 -3.4e+38 -3.4e+38 -3.4e+38 -3.4e+38 -3.4e+38 -3.4e+38 -3.4e+38 -3.4e+38 -3.4e+38 -3.4e+38 -3.4e+38 17.7606658935547 17.1982498168945 -3.4e+38 -3.4e+38 -3.4e+38 -3.4e+38 16.7427501678467 17.9391670227051 19.3755836486816 19.5080833435059 18.9624156951904 18.2164173126221 17.9244155883789 17.146333694458 15.6684169769287 16.2234992980957 16.7876663208008 15.7146663665771 16.044750213623 15.7733335494995 17.2872505187988 18.7352504730225 18.8997497558594 20.5387496948242 20.2420825958252 20.2080841064453 19.6007499694824 19.783166885376 20.6699161529541 21.0725002288818 21.1910839080811 20.4308338165283 20.912166595459 20.9524173736572 20.4055004119873 19.7351665496826 19.8882503509521 19.8270835876465 20.2214164733887 20.3153343200684
-3.4e+38 -3.4e+38 -3.4e+38 -3.4e+38 -3.4e+38 -3.4e+38 -3.4e+38 -3.4e+38 -3.4e+38 -3.4e+38 -3.4e+38 19.1147499084473 18.798583984375 19.2444171905518 18.404333114624 -3.4e+38 -3.4e+38 -3.4e+38 16.3455009460449 18.0335826873779 19.0161666870117 18.542667388916 19.3981666564941 19.6896667480469 19.3950004577637 19.0458335876465 18.2800827026367 16.5697498321533 15.7130832672119 16.8579158782959 16.7660827636719 16.158166885376 15.9002494812012 17.9498329162598 19.6480827331543 19.7377510070801 19.4085006713867 20.7345008850098 20.785249710083 20.2680835723877 21.2141666412354 20.9090824127197 20.5580005645752 21.0914993286133 20.8685836791992 19.7919158935547 19.9659996032715 20.7864170074463 20.6577491760254 20.7152500152588 20.9779167175293 21.05299949646 20.7140007019043
-3.4e+38 -3.4e+38 -3.4e+38 -3.4e+38 -3.4e+38 -3.4e+38 -3.4e+38 -3.4e+38 -3.4e+38 -3.4e+38 -3.4e+38 20.08424949646 20.0212497711182 18.7200832366943 17.6375827789307 17.3178329467773 17.1306667327881 16.2846660614014 16.6335830688477 17.2837505340576 18.337833404541 18.8380832672119 18.6530838012695 17.3460826873779 18.6967506408691 18.4227504730225 18.2474174499512 16.8273334503174 17.5962505340576 18.1858329772949 17.0443344116211 16.3590831756592 16.3034172058105 18.448917388916 19.0322494506836 20.0635833740234 21.1011657714844 21.0490837097168 21.3686656951904 21.2534999847412 21.3715839385986 21.3381671905518 21.299165725708 20.3121662139893 20.21266746521 20.5252494812012 20.6965827941895 21.0800838470459 21.130500793457 21.0628337860107 21.0500831604004 21.1372509002686 20.9314994812012
-3.4e+38 -3.4e+38 -3.4e+38 -3.4e+38 -3.4e+38 -3.4e+38 -3.4e+38 -3.4e+38 21.0106658935547 20.1880836486816 19.6424160003662 20.422082901001 20.2162494659424 19.718334197998 19.1475830078125 18.4125003814697 17.7582492828369 17.4345836639404 18.0639991760254 18.5840835571289 19.0263328552246 18.4836673736572 18.5307502746582 18.7882499694824 18.898250579834 18.5467491149902 18.3365840911865 18.5966663360596 18.6082496643066 18.2362499237061 17.2980823516846 17.2823333740234 17.6772499084473 20.0152492523193 20.5796661376953 19.6957492828369 21.2410831451416 21.3700008392334 21.3484992980957 21.6221656799316 21.8712501525879 21.5398330688477 20.9825839996338 20.8887500762939 20.7676658630371 20.8674163818359 20.9125003814697 21.0227508544922 21.2304992675781 21.0978336334229 21.1279163360596 21.1922492980957 21.1123332977295
-3.4e+38 -3.4e+38 -3.4e+38 -3.4e+38 -3.4e+38 -3.4e+38 -3.4e+38 -3.4e+38 19.9205837249756 20.6000823974609 20.527250289917 20.2741661071777 19.3928337097168 19.1261672973633 19.3939990997314 18.455415725708 18.4179992675781 18.8384170532227 18.9561672210693 18.2557506561279 18.1886672973633 17.4050827026367 17.3915004730225 16.0032501220703 18.1700000762939 17.6610832214355 16.9564170837402 17.5240840911865 18.3508338928223 18.8259162902832 19.5907497406006 18.5904159545898 19.0413341522217 20.6476669311523 21.4224166870117 21.55299949646 21.4703330993652 21.3819160461426 21.4962501525879 21.6304168701172 21.4004993438721 21.2915000915527 20.8426666259766 21.072416305542 21.1603336334229 21.092248916626 21.2346668243408 20.7672500610352 21.3235836029053 21.30641746521 21.1227493286133 21.1688327789307 21.2146663665771
-3.4e+38 -3.4e+38 -3.4e+38 -3.4e+38 -3.4e+38 -3.4e+38 -3.4e+38 17.8211669921875 19.7280006408691 19.5304164886475 19.8530826568604 20.5464992523193 20.2098331451416 20.0555839538574 19.923999786377 19.7214164733887 19.6872501373291 19.8037490844727 19.2320003509521 17.6609992980957 16.2200832366943 16.6024169921875 16.5621662139893 14.0909996032715 17.4479160308838 17.5794162750244 17.1054992675781 19.0629177093506 20.1416664123535 20.8149166107178 19.5262489318848 19.5904159545898 20.1191673278809 21.5448341369629 21.6310005187988 21.6090831756592 21.6153335571289 21.572416305542 21.5821666717529 21.3851661682129 21.2613334655762 21.2584991455078 21.2660827636719 21.1954174041748 21.2372493743896 21.390832901001 21.3783340454102 21.3989162445068 21.4099998474121 21.4667491912842 21.2748336791992 21.2467498779297 21.160083770752
-3.4e+38 -3.4e+38 -3.4e+38 -3.4e+38 -3.4e+38 -3.4e+38 17.3468341827393 18.6264171600342 19.530834197998 18.6216659545898 19.0179996490479 20.2175006866455 20.6205825805664 20.5276660919189 20.3239994049072 20.2604999542236 20.1133327484131 19.6936664581299 19.1105842590332 18.2534999847412 16.8470001220703 15.1845836639404 15.1134166717529 13.708083152771 17.273250579834 16.6540832519531 18.8535823822021 19.3215007781982 21.0966663360596 19.9672508239746 19.904333114624 21.075834274292 21.5780830383301 21.538667678833 21.5709991455078 21.5446662902832 21.7499160766602 21.7310829162598 21.6560840606689 21.5444164276123 21.5397491455078 21.4195823669434 21.3657493591309 21.3324165344238 21.4837493896484 21.5563335418701 21.4709167480469 21.3877506256104 21.3569164276123 21.3870830535889 21.3499164581299 21.205415725708 21.1255836486816
-3.4e+38 17.2678337097168 19.3423328399658 20.0480003356934 19.7408332824707 18.8899993896484 17.5339164733887 17.7046661376953 19.1532497406006 18.1194171905518 18.7180004119873 19.7477493286133 20.1173324584961 20.4340839385986 20.2950000762939 20.224666595459 19.818416595459 18.6727504730225 18.6262493133545 18.5480003356934 17.21266746521 14.1500835418701 13.3225831985474 14.0315837860107 16.5428333282471 18.0550842285156 19.2328338623047 20.0640830993652 20.9877510070801 21.6016674041748 21.8059997558594 21.7977504730225 21.6879997253418 21.6580829620361 21.7459163665771 21.7399997711182 21.7443332672119 21.5641670227051 21.3739166259766 21.4859161376953 21.3949165344238 21.2609996795654 21.3276672363281 21.5129165649414 21.4185009002686 21.3299160003662 21.3208332061768 21.4107494354248 21.5096664428711 21.4235000610352 21.3833332061768 21.3736667633057 21.2989158630371
16.1276664733887 17.4506664276123 16.138500213623 18.1251659393311 19.3133335113525 18.6341667175293 18.0551662445068 18.3198337554932 18.1213340759277 17.9443340301514 19.6297492980957 20.0978336334229 20.2450008392334 20.3719158172607 20.4323329925537 20.204833984375 19.8155002593994 19.1544990539551 18.6145000457764 16.5814990997314 14.891583442688 16.2417507171631 14.5496673583984 15.1612501144409 16.7110824584961 17.7827491760254 18.6847496032715 21.1255836486816 21.9865837097168 21.9739170074463 21.8992500305176 21.8766670227051 21.8455829620361 21.6439170837402 21.5750007629395 21.7243328094482 21.6100826263428 21.4778327941895 21.0164165496826 20.7424163818359 20.9401664733887 20.9883327484131 21.2030830383301 21.3183326721191 21.5235004425049 21.539249420166 21.5805835723877 21.6366672515869 21.511417388916 21.5346660614014 21.5359992980957 21.548583984375 21.5307502746582
15.2419996261597 15.037166595459 16.8155002593994 18.4371662139893 18.9300003051758 19.4864158630371 18.8108329772949 17.8474998474121 17.5438327789307 19.654167175293 19.7807502746582 19.9247493743896 20.1961669921875 20.2413330078125 20.3063335418701 20.1180839538574 19.8700008392334 18.9418334960938 18.0170001983643 17.3844165802002 16.830415725708 17.7790832519531 16.1770000457764 18.3646659851074 19.4371662139893 19.5931663513184 20.9556655883789 21.6961669921875 21.8994159698486 21.7576675415039 21.88450050354 21.9358329772949 21.7597503662109 21.6857490539551 21.589916229248 21.6173324584961 21.1005001068115 21.0105838775635 21.207332611084 21.318000793457 21.4270000457764 21.3763332366943 21.2097492218018 21.0815830230713 21.4361667633057 21.7498340606689 21.8487491607666 21.8016662597656 21.6603336334229 21.605167388916 21.5898342132568 21.5049171447754 21.5171661376953
17.0698337554932 16.2621669769287 18.0702495574951 18.2395000457764 17.581750869751 19.2018337249756 18.933500289917 18.4969997406006 18.203332901001 18.076416015625 18.437084197998 19.896333694458 20.1404991149902 20.1747493743896 20.1970825195312 20.300666809082 20.009916305542 19.4645843505859 20.0069999694824 19.5138339996338 18.9465007781982 18.8939990997314 18.205249786377 18.8863334655762 20.6364994049072 21.1774997711182 21.3034172058105 21.3414993286133 21.5027503967285 21.945499420166 21.6544170379639 21.099666595459 21.7649173736572 21.6066665649414 21.0827503204346 19.9764995574951 19.7180843353271 20.4270000457764 20.5004997253418 20.8959999084473 21.1385841369629 21.2837505340576 21.420166015625 21.5380840301514 21.5778331756592 21.6909999847412 21.9335823059082 21.8817501068115 21.8818340301514 21.6542491912842 21.466667175293 21.5850830078125 21.7311668395996
