layers/tmax11.asc
NCOLS 292 
NROWS 291 
XLLCORNER -87.6458333327872 
YLLCORNER 24.4791666666667 
CELLSIZE 0.0416666666669039 
NODATA_value -3.4e+38 
[rows 24 to 47 of 291, columns 53 to 105 of 292]
-3.4e+38 -3.4e+38 -3.4e+38 -3.4e+38 -3.4e+38 -3.4e+38 -3.4e+38 -3.4e+38 -3.4e+38 -3.4e+38 -3.4e+38 -3.4e+38 -3.4e+38 -3.4e+38 -3.4e+38 -3.4e+38 -3.4e+38 -3.4e+38 -3.4e+38 -3.4e+38 -3.4e+38 -3.4e+38 -3.4e+38 -3.4e+38 -3.4e+38 -3.4e+38 -3.4e+38 -3.4e+38 -3.4e+38 -3.4e+38 -3.4e+38 -3.4e+38 -3.4e+38 -3.4e+38 -3.4e+38 -3.4e+38 -3.4e+38 -3.4e+38 -3.4e+38 -3.4e+38 -3.4e+38 -3.4e+38 -3.4e+38 -3.4e+38 -3.4e+38 -3.4e+38 -3.4e+38 14.8914995193481 16.875 17.4288330078125 18.5631675720215 17.5150833129883 18.1509170532227
-3.4e+38 -3.4e+38 -3.4e+38 -3.4e+38 -3.4e+38 -3.4e+38 -3.4e+38 -3.4e+38 -3.4e+38 -3.4e+38 -3.4e+38 -3.4e+38 -3.4e+38 -3.4e+38 -3.4e+38 -3.4e+38 -3.4e+38 -3.4e+38 -3.4e+38 -3.4e+38 -3.4e+38 -3.4e+38 -3.4e+38 -3.4e+38 -3.4e+38 -3.4e+38 -3.4e+38 -3.4e+38 -3.4e+38 -3.4e+38 -3.4e+38 -3.4e+38 -3.4e+38 -3.4e+38 -3.4e+38 -3.4e+38 -3.4e+38 -3.4e+38 -3.4e+38 17.4069156646729 17.9054164886475 16.8852500915527 18.2989158630371 17.6696662902832 16.8552494049072 17.0184993743896 15.3146667480469 16.8234996795654 18.5393333435059 16.750415802002 18.1816673278809 19.4777507781982 18.5623340606689
-3.4e+38 -3.4e+38 -3.4e+38 -3.4e+38 -3.4e+38 -3.4e+38 -3.4e+38 -3.4e+38 -3.4e+38 -3.4e+38 -3.4e+38 -3.4e+38 -3.4e+38 -3.4e+38 -3.4e+38 -3.4e+38 -3.4e+38 -3.4e+38 -3.4e+38 -3.4e+38 -3.4e+38 -3.4e+38 -3.4e+38 -3.4e+38 -3.4e+38 -3.4e+38 -3.4e+38 -3.4e+38 -3.4e+38 -3.4e+38 -3.4e+38 -3.4e+38 -3.4e+38 -3.4e+38 -3.4e+38 -3.4e+38 -3.4e+38 18.2780838012695 18.486499786377 18.9829998016357 19.3310832977295 19.0634155273438 18.9144172668457 17.1960830688477 18.4335842132568 18.5629997253418 18.5503330230713 17.9644165039062 19.2865829467773 18.5659999847412 19.0256671905518 19.5031661987305 18.1431655883789
-3.4e+38 -3.4e+38 -3.4e+38 -3.4e+38 -3.4e+38 -3.4e+38 -3.4e+38 -3.4e+38 -3.4e+38 -3.4e+38 -3.4e+38 -3.4e+38 -3.4e+38 -3.4e+38 -3.4e+38 -3.4e+38 -3.4e+38 -3.4e+38 -3.4e+38 -3.4e+38 -3.4e+38 -3.4e+38 -3.4e+38 -3.4e+38 -3.4e+38 -3.4e+38 -3.4e+38 -3.4e+38 -3.4e+38 -3.4e+38 -3.4e+38 -3.4e+38 -3.4e+38 -3.4e+38 -3.4e+38 -3.4e+38 20.2185840606689 20.2535839080811 19.9994163513184 20.1517505645752 19.9235000610352 19.8954162597656 19.4076671600342 19.4096660614014 20.1044998168945 20.2022495269775 19.8816661834717 19.9610824584961 20.2294998168945 20.5061664581299 20.4120006561279 20.2042503356934 18.9122505187988
-3.4e+38 -3.4e+38 -3.4e+38 -3.4e+38 -3.4e+38 -3.4e+38 -3.4e+38 -3.4e+38 -3.4e+38 -3.4e+38 -3.4e+38 -3.4e+38 -3.4e+38 -3.4e+38 -3.4e+38 -3.4e+38 -3.4e+38 -3.4e+38 -3.4e+38 -3.4e+38 -3.4e+38 -3.4e+38 -3.4e+38 -3.4e+38 -3.4e+38 -3.4e+38 -3.4e+38 -3.4e+38 -3.4e+38 -3.4e+38 -3.4e+38 -3.4e+38 -3.4e+38 -3.4e+38 19.3084163665771 19.099250793457 19.7715835571289 19.9288330078125 19.5195007324219 19.1405830383301 19.5388336181641 20.2391662597656 20.2426662445068 20.5031661987305 20.6873340606689 20.589916229248 20.0123329162598 20.63108253479 19.9944171905518 19.8037509918213 20.6296672821045 19.7163333892822 18.331916809082
-3.4e+38 -3.4e+38 -3.4e+38 -3.4e+38 -3.4e+38 -3.4e+38 -3.4e+38 -3.4e+38 -3.4e+38 -3.4e+38 -3.4e+38 -3.4e+38 -3.4e+38 -3.4e+38 -3.4e+38 -3.4e+38 -3.4e+38 -3.4e+38 -3.4e+38 -3.4e+38 -3.4e+38 -3.4e+38 -3.4e+38 -3.4e+38 -3.4e+38 -3.4e+38 -3.4e+38 -3.4e+38 -3.4e+38 -3.4e+38 -3.4e+38 -3.4e+38 -3.4e+38 -3.4e+38 16.7188339233398 17.6937503814697 19.1510009765625 20.0666656494141 19.4755840301514 18.6214160919189 18.7548332214355 19.2705841064453 19.8448333740234 20.0139999389648 20.0093326568604 20.6221656799316 20.4300003051758 19.7075004577637 17.4481658935547 17.6402492523193 18.8700828552246 20.0353336334229 20.5046672821045
-3.4e+38 -3.4e+38 -3.4e+38 -3.4e+38 -3.4e+38 -3.4e+38 -3.4e+38 -3.4e+38 -3.4e+38 -3.4e+38 -3.4e+38 -3.4e+38 -3.4e+38 -3.4e+38 -3.4e+38 -3.4e+38 -3.4e+38 -3.4e+38 -3.4e+38 -3.4e+38 -3.4e+38 -3.4e+38 -3.4e+38 -3.4e+38 -3.4e+38 -3.4e+38 -3.4e+38 -3.4e+38 -3.4e+38 -3.4e+38 -3.4e+38 -3.4e+38 -3.4e+38 -3.4e+38 16.8375835418701 18.2740001678467 19.347583770752 19.9914169311523 20.1105842590332 19.9399166107178 19.4159164428711 18.4291667938232 17.5270824432373 19.4939994812012 20.2875823974609 20.2531661987305 20.1124992370605 18.5446662902832 17.7297496795654 16.9874172210693 16.8540000915527 19.1483325958252 20.4875831604004
-3.4e+38 -3.4e+38 -3.4e+38 -3.4e+38 -3.4e+38 -3.4e+38 -3.4e+38 -3.4e+38 -3.4e+38 -3.4e+38 -3.4e+38 -3.4e+38 -3.4e+38 -3.4e+38 -3.4e+38 -3.4e+38 -3.4e+38 -3.4e+38 -3.4e+38 -3.4e+38 -3.4e+38 -3.4e+38 -3.4e+38 -3.4e+38 -3.4e+38 -3.4e+38 -3.4e+38 -3.4e+38 -3.4e+38 -3.4e+38 -3.4e+38 -3.4e+38 -3.4e+38 -3.4e+38 16.6462497711182 17.7551670074463 19.3384170532227 19.6224174499512 19.4571666717529 19.5635833740234 19.2271671295166 18.2775840759277 19.0499172210693 18.5563335418701 18.2716674804688 18.9675006866455 20.2749156951904 19.882417678833 19.1928329467773 19.5866661071777 18.1434993743896 18.6574172973633 19.1175003051758
-3.4e+38 -3.4e+38 -3.4e+38 -3.4e+38 -3.4e+38 -3.4e+38 -3.4e+38 -3.4e+38 -3.4e+38 -3.4e+38 -3.4e+38 -3.4e+38 -3.4e+38 -3.4e+38 -3.4e+38 -3.4e+38 -3.4e+38 -3.4e+38 -3.4e+38 -3.4e+38 -3.4e+38 -3.4e+38 -3.4e+38 -3.4e+38 -3.4e+38 -3.4e+38 -3.4e+38 -3.4e+38 20.3090000152588 20.2676658630371 -3.4e+38 -3.4e+38 18.96266746521 18.0785007476807 17.4510841369629 18.2585830688477 18.9775829315186 18.7748336791992 18.6016674041748 18.0150833129883 18.357250213623 18.5504989624023 18.7319164276123 18.738000869751 17.1940841674805 17.4638328552246 19.3935832977295 20.1070003509521 20.394416809082 19.5834159851074 19.0046672821045 18.2849998474121 17.226583480835
-3.4e+38 -3.4e+38 -3.4e+38 -3.4e+38 -3.4e+38 -3.4e+38 -3.4e+38 -3.4e+38 -3.4e+38 -3.4e+38 -3.4e+38 -3.4e+38 -3.4e+38 -3.4e+38 -3.4e+38 -3.4e+38 -3.4e+38 -3.4e+38 -3.4e+38 -3.4e+38 -3.4e+38 -3.4e+38 -3.4e+38 -3.4e+38 -3.4e+38 -3.4e+38 -3.4e+38 -3.4e+38 21.380500793457 20.4946670532227 20.2309169769287 20.6065006256104 20.0846672058105 19.595666885376 19.5883331298828 19.0200004577637 20.0295829772949 20.6263332366943 20.9377498626709 20.3645839691162 19.1167488098145 17.2532501220703 17.9833335876465 17.6222496032715 16.6275005340576 18.3522491455078 19.5345840454102 19.6774158477783 20.0510005950928 20.45924949646 20.1879997253418 18.6384162902832 18.2314167022705
-3.4e+38 -3.4e+38 -3.4e+38 -3.4e+38 -3.4e+38 -3.4e+38 -3.4e+38 -3.4e+38 -3.4e+38 -3.4e+38 -3.4e+38 -3.4e+38 -3.4e+38 -3.4e+38 -3.4e+38 -3.4e+38 -3.4e+38 -3.4e+38 -3.4e+38 -3.4e+38 -3.4e+38 -3.4e+38 -3.4e+38 -3.4e+38 -3.4e+38 -3.4e+38 -3.4e+38 21.6037502288818 21.5682506561279 21.2659168243408 21.3873329162598 20.7030830383301 20.4759998321533 20.6945838928223 19.617166519165 20.5170841217041 21.2009162902832 20.9072494506836 20.291166305542 19.2375831604004 17.622917175293 17.4525833129883 17.9939994812012 16.9465007781982 16.4026660919189 18.3554992675781 19.6393337249756 20.2350006103516 20.3295001983643 20.5163326263428 20.337833404541 19.3457508087158 17.6326675415039
-3.4e+38 -3.4e+38 -3.4e+38 -3.4e+38 -3.4e+38 -3.4e+38 -3.4e+38 -3.4e+38 -3.4e+38 -3.4e+38 -3.4e+38 -3.4e+38 -3.4e+38 -3.4e+38 -3.4e+38 -3.4e+38 -3.4e+38 -3.4e+38 -3.4e+38 -3.4e+38 -3.4e+38 -3.4e+38 -3.4e+38 -3.4e+38 -3.4e+38 -3.4e+38 -3.4e+38 21.2205009460449 21.1139163970947 21.294750213623 21.4555835723877 21.3752498626709 21.2292499542236 20.7119159698486 21.1234169006348 21.1789169311523 20.3490009307861 18.3709163665771 18.3451671600342 17.9522495269775 16.8721656799316 17.6324996948242 17.3692493438721 17.7457504272461 16.8637504577637 17.4104175567627 19.9756660461426 19.7053337097168 20.4716663360596 20.6477508544922 18.8468322753906 19.3794994354248 18.2515830993652
-3.4e+38 -3.4e+38 -3.4e+38 -3.4e+38 -3.4e+38 -3.4e+38 -3.4e+38 -3.4e+38 -3.4e+38 -3.4e+38 -3.4e+38 -3.4e+38 -3.4e+38 -3.4e+38 -3.4e+38 -3.4e+38 -3.4e+38 -3.4e+38 -3.4e+38 -3.4e+38 -3.4e+38 -3.4e+38 -3.4e+38 -3.4e+38 -3.4e+38 -3.4e+38 -3.4e+38 21.1415843963623 20.7480010986328 20.8996658325195 21.3367500305176 21.3090839385986 21.400333404541 21.3775825500488 21.3047504425049 21.3550834655762 20.5774154663086 20.429500579834 20.2916660308838 20.1314163208008 20.1202507019043 19.747917175293 18.099250793457 17.2756671905518 16.9329166412354 17.314582824707 17.7334995269775 19.1687507629395 20.4711666107178 20.7690830230713 19.1544170379639 17.3199996948242 17.455249786377
-3.4e+38 -3.4e+38 -3.4e+38 -3.4e+38 -3.4e+38 -3.4e+38 -3.4e+38 -3.4e+38 -3.4e+38 -3.4e+38 -3.4e+38 -3.4e+38 -3.4e+38 -3.4e+38 -3.4e+38 -3.4e+38 -3.4e+38 -3.4e+38 -3.4e+38 -3.4e+38 -3.4e+38 -3.4e+38 -3.4e+38 -3.4e+38 -3.4e+38 -3.4e+38 -3.4e+38 19.8213329315186 19.7450828552246 21.0155830383301 21.1438331604004 21.3169174194336 21.4217491149902 21.1665840148926 20.9130001068115 21.2999992370605 20.6263332366943 20.4236660003662 20.5719165802002 20.6364994049072 20.3050003051758 19.4908332824707 19.2009162902832 19.2177505493164 16.9305000305176 16.5348339080811 16.833833694458 17.7571659088135 19.953332901001 20.7542495727539 18.3179168701172 16.8287506103516 16.9184169769287
-3.4e+38 -3.4e+38 -3.4e+38 -3.4e+38 -3.4e+38 -3.4e+38 -3.4e+38 -3.4e+38 -3.4e+38 -3.4e+38 -3.4e+38 -3.4e+38 -3.4e+38 -3.4e+38 -3.4e+38 -3.4e+38 -3.4e+38 -3.4e+38 -3.4e+38 -3.4e+38 -3.4e+38 -3.4e+38 -3.4e+38 -3.4e+38 -3.4e+38 -3.4e+38 -3.4e+38 20.99391746521 20.9610004425049 20.9804992675781 21.467248916626 21.5015830993652 21.2980003356934 20.6155834197998 20.2860832214355 20.7813339233398 21.009334564209 20.5563335418701 20.185583114624 20.5738334655762 20.3495826721191 19.8758335113525 19.5650825500488 18.6907501220703 17.3022499084473 17.7432498931885 16.6996669769287 18.6770839691162 19.2613334655762 20.2619171142578 18.1805839538574 17.4788341522217 19.2061672210693
21.9605007171631 20.1871662139893 22.1333332061768 22.2537498474121 22.5458335876465 22.5632495880127 22.3510837554932 22.2425842285156 21.8062496185303 21.9693336486816 21.8519172668457 21.8448333740234 22.1488342285156 22.088249206543 22.2526664733887 22.2560844421387 22.0590839385986 21.2595825195312 21.3050003051758 20.8916664123535 20.5455837249756 19.970666885376 19.9541664123535 21.0133323669434 21.4278335571289 21.5296669006348 21.5862503051758 21.4089164733887 21.0665836334229 21.2095832824707 20.8594169616699 21.0633335113525 21.1263332366943 20.705249786377 20.3880004882812 20.2636661529541 19.7986660003662 20.64674949646 20.0270843505859 20.1921672821045 20.2501659393311 19.2221660614014 19.0098342895508 19.3325004577637 18.7279167175293 19.1110000610352 19.1812496185303 18.4637489318848 19.6727504730225 20.2919178009033 17.9327507019043 17.7202491760254 19.4577503204346
20.2586669921875 21.1450004577637 22.2509155273438 22.4459171295166 22.8306655883789 22.5305004119873 22.1909160614014 22.2567501068115 22.0636672973633 22.009916305542 21.8331661224365 21.9656677246094 22.1590003967285 22.1326656341553 22.3282508850098 22.2509994506836 22.0461673736572 21.2343330383301 20.7674999237061 20.3443336486816 18.7514171600342 19.4439163208008 20.0254173278809 21.0522499084473 21.3959999084473 21.3233337402344 21.6365833282471 21.5671672821045 21.4204158782959 20.9907493591309 20.4968338012695 20.5614166259766 20.8850002288818 20.9532508850098 20.5590839385986 19.8027496337891 19.2068328857422 20.2304992675781 19.3824157714844 19.0258331298828 20.2155838012695 20.3484172821045 19.824333190918 19.3178329467773 19.1669998168945 20.3193340301514 20.4321670532227 19.1415824890137 19.109582901001 19.6540832519531 19.0137500762939 20.3482494354248 20.851749420166
19.6784992218018 21.36891746521 22.1691665649414 22.6649169921875 22.7300834655762 22.4844989776611 22.1081657409668 21.9988327026367 22.0735836029053 21.8606662750244 21.7544174194336 22.0296669006348 22.1471672058105 22.2061672210693 22.3015003204346 22.2534160614014 22.1153335571289 21.3540840148926 19.3314990997314 18.9769992828369 18.835750579834 19.1341667175293 19.6783332824707 20.3396663665771 20.880500793457 21.1762504577637 21.4160003662109 21.4884166717529 21.3539161682129 21.0768337249756 20.7300834655762 20.452917098999 20.736083984375 20.3899173736572 20.875415802002 20.7041664123535 19.8552494049072 19.4934158325195 17.8687496185303 17.7741661071777 19.410083770752 19.6075000762939 17.8789176940918 18.4065837860107 20.1714992523193 20.5981674194336 20.0396671295166 19.9295825958252 20.6529998779297 20.408166885376 20.5642509460449 20.9520835876465 21.2856674194336
19.785083770752 21.8686656951904 22.2579154968262 22.4680843353271 22.3898334503174 22.2502498626709 22.082332611084 21.7616672515869 21.9133338928223 21.8915824890137 21.7229175567627 21.9682502746582 22.107084274292 22.185417175293 22.2888336181641 22.2645835876465 22.285249710083 21.6483325958252 20.863582611084 20.0867500305176 19.4457492828369 20.138500213623 18.906665802002 19.7839164733887 20.7316665649414 21.1493339538574 21.005916595459 20.9764995574951 21.1923332214355 20.697416305542 19.7362499237061 20.0227508544922 20.6241664886475 20.3312492370605 20.6749992370605 20.3141670227051 20.6285839080811 20.3134155273438 19.4304161071777 18.2010841369629 18.910083770752 19.3575000762939 17.9577503204346 18.9594993591309 20.5793342590332 20.5315837860107 20.0041656494141 20.5412502288818 20.9514999389648 21.2134170532227 21.5321674346924 21.3826675415039 21.279167175293
21.3360824584961 21.9409999847412 22.132833480835 21.8465843200684 22.0047492980957 21.78733253479 22.0124168395996 21.6012496948242 21.8891658782959 21.8704166412354 21.8748340606689 22.1158332824707 22.0098323822021 22.1059169769287 22.2543334960938 22.4433345794678 22.4200839996338 21.5052509307861 20.6426658630371 20.5214176177979 20.7781658172607 20.9340000152588 20.2980842590332 20.6820831298828 21.3194160461426 21.0978336334229 19.9589996337891 20.2792491912842 20.8158340454102 19.8316669464111 19.9394989013672 18.8214168548584 18.7681674957275 18.6625003814697 18.7802505493164 18.8111667633057 20.1861667633057 20.3848342895508 19.1545829772949 18.7491664886475 18.4367504119873 17.8421669006348 18.2468338012695 20.080249786377 20.7507495880127 20.6843338012695 20.1469173431396 20.2953338623047 21.1539173126221 21.2049999237061 21.812915802002 21.5688343048096 21.293083190918
21.3334159851074 21.8653335571289 21.3141670227051 21.7097492218018 21.8462505340576 21.7060832977295 21.6329174041748 21.577917098999 21.7218322753906 21.7802505493164 21.6276664733887 21.9976654052734 21.831750869751 21.9365825653076 22.1685829162598 22.4503326416016 22.3181667327881 20.4400005340576 20.4839992523193 20.4787502288818 21.1528339385986 21.2135009765625 20.90625 21.3256664276123 21.308666229248 19.6730842590332 18.2830009460449 19.2946662902832 20.2836666107178 20.4492492675781 20.2193336486816 20.0379161834717 19.6714992523193 19.3269157409668 18.6001663208008 17.7569160461426 18.775333404541 19.4914169311523 18.4489994049072 19.6884994506836 20.1347503662109 19.6866664886475 20.9150009155273 20.9568328857422 20.9992504119873 19.6708335876465 20.6126670837402 20.9384994506836 20.9575004577637 21.3460006713867 22.0041675567627 21.5669994354248 21.8329162597656
21.6280841827393 20.5479164123535 21.460750579834 21.8702507019043 21.5930824279785 21.5205841064453 21.1086673736572 21.5295829772949 21.4926662445068 21.2616672515869 21.8036670684814 21.9998340606689 21.9085006713867 21.8792495727539 22.0450000762939 22.3222503662109 22.4143333435059 21.7879161834717 20.3508338928223 20.7898330688477 21.0061664581299 21.3619174957275 21.1675834655762 21.3390007019043 20.6536674499512 19.4363327026367 19.6987495422363 20.1690006256104 19.8443336486816 19.7133331298828 19.4983329772949 19.062915802002 19.7064170837402 19.3997497558594 18.4371662139893 19.4025001525879 19.1979999542236 19.1421661376953 18.4190006256104 19.7363338470459 20.9185829162598 21.1406669616699 21.3931655883789 21.4160823822021 21.1744995117188 21.2268333435059 21.0669174194336 21.1734161376953 21.466667175293 21.8961658477783 22.2914161682129 22.1332511901855 22.5364170074463
20.7494163513184 19.9979991912842 21.7513332366943 21.7959175109863 21.6204166412354 21.3695831298828 21.6284999847412 21.7887496948242 21.5480842590332 21.1594161987305 21.9004173278809 22.1067504882812 22.072416305542 21.9985828399658 22.1093330383301 22.2726669311523 22.34375 22.0423336029053 21.1537494659424 21.1740837097168 21.3596668243408 21.4513339996338 21.3884162902832 21.2849998474121 20.9689998626709 20.8981666564941 20.9968338012695 20.6327495574951 19.2675838470459 18.7009162902832 18.5433330535889 18.7317504882812 19.3388328552246 18.8554992675781 19.2351665496826 19.8542499542236 20.8521671295166 20.5796661376953 19.9148330688477 20.390832901001 20.9252510070801 21.1767501831055 21.4549999237061 21.2628326416016 21.3169994354248 21.5908336639404 21.6785831451416 21.707332611084 21.7788333892822 22.4181671142578 22.6903324127197 23.033332824707 22.9733333587646
20.2155838012695 21.1492500305176 22.0348339080811 21.9417495727539 21.7878341674805 21.6517505645752 21.8380832672119 21.8161659240723 21.2434158325195 21.3393325805664 21.9399166107178 22.2005004882812 22.295166015625 22.2524166107178 22.2425003051758 22.3258323669434 22.4312496185303 22.4075832366943 21.6158332824707 21.5831661224365 21.2057495117188 21.1189994812012 20.9821662902832 20.8487491607666 20.8808326721191 20.7609996795654 20.4823322296143 20.4349174499512 20.0280838012695 18.8954162597656 19.3401660919189 20.4982490539551 20.8760833740234 20.2675838470459 20.9684162139893 20.7624168395996 21.1311664581299 20.9840831756592 21.1369171142578 21.2186660766602 21.1548328399658 20.7549171447754 21.5543327331543 21.6077499389648 21.5511665344238 21.751916885376 21.7835006713867 21.769832611084 21.8715000152588 22.0344161987305 22.8129177093506 23.2044162750244 23.2338333129883
