layers/tmax9.asc
NCOLS 292 
NROWS 291 
XLLCORNER -87.6458333327872 
YLLCORNER 24.4791666666667 
CELLSIZE 0.0416666666669039 
NODATA_value -3.4e+38 
[rows 24 to 47 of 291, columns 159 to 211 of 292]
21.3195838928223 21.3568325042725 21.335750579834 21.2058334350586 21.1505832672119 21.0812492370605 21.1674995422363 21.125 21.1248340606689 21.1704158782959 21.27174949646 21.1619167327881 21.1804161071777 21.0427494049072 21.2824172973633 21.5145835876465 21.6538333892822 21.6713333129883 21.8018341064453 21.9753341674805 21.8501663208008 21.7681674957275 21.6764163970947 21.7914161682129 21.9790840148926 22.0526657104492 21.3159999847412 21.1035003662109 21.1647491455078 21.1495838165283 21.4070835113525 21.5947494506836 21.6030006408691 21.7154159545898 21.6829166412354 21.687915802002 21.6281661987305 21.674165725708 21.7388343811035 21.8486671447754 21.8569164276123 22.07200050354 22.1144161224365 22.0053329467773 21.8900833129883 21.990083694458 22.1752510070801 22.2074165344238 22.0520000457764 22.0577507019043 21.7858333587646 21.6168327331543 21.513500213623
21.3137493133545 21.4249992370605 21.3699169158936 21.3328323364258 21.2377510070801 21.2522506713867 21.322416305542 21.1800003051758 21.1118335723877 21.1690006256104 21.3215827941895 21.2361660003662 21.1580829620361 21.2283344268799 21.4431667327881 21.5625 21.6009998321533 21.6830005645752 21.9143333435059 22.003833770752 21.8190841674805 21.7525825500488 21.7220001220703 21.6665000915527 22.1136665344238 21.7041664123535 21.3028335571289 21.3274993896484 21.4851665496826 21.3834171295166 21.5579166412354 21.8403339385986 21.9113330841064 21.8985843658447 21.9087505340576 21.7971668243408 21.8069171905518 21.8232498168945 21.8794994354248 22.0356674194336 22.2309169769287 22.2458324432373 22.1766662597656 22.1235828399658 22.0153331756592 22.0966663360596 22.1854991912842 22.1956672668457 22.1700839996338 21.8869171142578 21.7877502441406 21.6924991607666 21.7426662445068
21.261417388916 21.3931655883789 21.3761672973633 21.3358325958252 21.2957496643066 21.306999206543 21.2992496490479 21.3312492370605 21.2598323822021 21.3052501678467 21.4755840301514 21.3461666107178 21.4638328552246 21.426082611084 21.4147491455078 21.5659999847412 21.6140003204346 21.7754173278809 21.9505844116211 21.9650001525879 21.960750579834 22.1387500762939 22.0219993591309 22.0660839080811 22.3003330230713 21.7469997406006 21.577917098999 21.5205841064453 21.579833984375 21.6420001983643 21.7536659240723 21.8196659088135 21.8899993896484 22.002082824707 21.9969177246094 22.0228328704834 21.9400825500488 22.0960006713867 22.1344165802002 22.1956672668457 22.2119998931885 22.1516666412354 22.0555839538574 22.0699157714844 21.9781665802002 22.0498332977295 21.9586658477783 21.8985004425049 21.9750003814697 22.2434158325195 22.0495834350586 21.9729995727539 22.0377502441406
21.2899169921875 21.3435001373291 21.3124160766602 21.3037490844727 21.2987499237061 21.4351673126221 21.4145832061768 21.5280838012695 21.4589157104492 21.4468326568604 21.5971660614014 21.6038341522217 21.5812492370605 21.6591663360596 21.591833114624 21.7196674346924 21.7851657867432 21.9177494049072 21.9384994506836 21.8584995269775 22.0079174041748 22.3664169311523 22.357084274292 22.3136672973633 22.4774169921875 21.7986660003662 21.5904998779297 21.761417388916 21.7878341674805 21.8282508850098 21.8356666564941 21.9351673126221 21.9830837249756 21.9849166870117 22.0446662902832 22.0216674804688 22.0938339233398 22.0760841369629 22.2689170837402 22.2726669311523 22.2091674804688 22.1494998931885 22.0668334960938 21.9657497406006 21.9205837249756 21.8794174194336 21.8425006866455 21.7703342437744 21.9939994812012 22.1856670379639 22.1880836486816 22.3374156951904 22.2165832519531
21.3748340606689 21.4145011901855 21.3540000915527 21.3855838775635 21.306583404541 21.4811668395996 21.5843334197998 21.502082824707 21.5860004425049 21.5614166259766 21.6195831298828 21.7355003356934 21.6722507476807 21.7094993591309 21.8863334655762 21.8215827941895 21.9693336486816 21.9236660003662 22.1767501831055 22.1820831298828 22.1795825958252 22.3667507171631 22.2939167022705 22.2854995727539 22.4530830383301 21.6770000457764 21.7179164886475 21.9198341369629 22.0035839080811 21.8627490997314 21.8985824584961 21.9354991912842 21.9934158325195 22.0588340759277 22.0102500915527 22.0354995727539 22.0865001678467 22.2912502288818 22.2834167480469 22.2574157714844 22.2280006408691 22.0712509155273 22.0511665344238 21.9682502746582 22.0540008544922 22.13108253479 22.1457500457764 22.0311660766602 21.9082489013672 22.003999710083 22.0931663513184 22.0735836029053 22.4069995880127
21.4662494659424 21.5186672210693 21.4268341064453 21.2937507629395 21.1850833892822 21.316499710083 21.4430828094482 21.5972499847412 21.7185001373291 21.7174167633057 21.7203330993652 21.8499164581299 21.6648330688477 21.7405834197998 21.8989162445068 21.9265003204346 22.0061664581299 21.9396667480469 22.17799949646 22.3533325195312 22.3191661834717 22.4624176025391 22.4797496795654 22.791166305542 22.0358333587646 21.7560005187988 21.9857501983643 22.1650009155273 22.2275829315186 22 22.0252494812012 22.0381660461426 22.047082901001 22.0152492523193 21.9249992370605 22.0608329772949 22.2683334350586 22.291166305542 22.2534999847412 22.2287502288818 22.195333480835 22.0938339233398 22.124584197998 22.1238327026367 22.1820831298828 22.2355003356934 22.2457504272461 22.2430839538574 22.285249710083 22.2412490844727 22.3130836486816 22.3900833129883 22.4310836791992
21.593334197998 21.4866676330566 21.4468326568604 21.3613338470459 21.2572498321533 21.3435001373291 21.4455833435059 21.6122493743896 21.7210826873779 21.8231658935547 21.7683334350586 21.9199161529541 21.8513336181641 21.9723339080811 21.7733325958252 21.8913326263428 22.0917491912842 22.0700836181641 22.2019176483154 22.4215831756592 22.2123336791992 22.3746662139893 22.8639163970947 22.3598327636719 21.9158325195312 21.9735832214355 22.1879997253418 22.2311668395996 22.2373332977295 22.0157508850098 21.9104995727539 21.8970832824707 21.9070835113525 21.9480838775635 21.9821662902832 22.2875003814697 22.2458324432373 22.1673336029053 22.0924167633057 22.1107501983643 22.198917388916 22.2343330383301 22.2801666259766 22.2335834503174 22.2611675262451 22.3251667022705 22.3612499237061 22.3540000915527 22.2788333892822 22.4101657867432 22.4970836639404 22.4457492828369 22.5519161224365
21.6270008087158 21.4331665039062 21.2690830230713 21.1859169006348 21.1946659088135 21.2447490692139 21.4246673583984 21.4160823822021 21.4985008239746 21.7551670074463 21.7828330993652 21.8199996948242 21.9748344421387 21.9983329772949 21.7481670379639 21.7989158630371 22.1144161224365 22.3691673278809 22.44700050354 22.3662490844727 22.4181671142578 22.8186664581299 22.9680824279785 22.4257507324219 22.3643341064453 22.3111667633057 22.5049171447754 22.3617496490479 22.2357501983643 21.9350833892822 21.6792507171631 21.8140830993652 21.8859157562256 21.948917388916 22.155834197998 22.2169170379639 22.2508335113525 22.236499786377 22.2192497253418 22.2513332366943 22.2665004730225 22.3402500152588 22.329833984375 22.3410835266113 22.3021659851074 22.3453330993652 22.3514175415039 22.2797508239746 22.3653335571289 22.3934173583984 22.5237503051758 22.4783325195312 22.4770832061768
21.5959167480469 21.4654159545898 21.285249710083 21.3056659698486 21.3063335418701 21.3167495727539 21.3370838165283 21.4496669769287 21.5734996795654 21.6133327484131 21.6426658630371 21.8503341674805 22.0995006561279 21.9618339538574 21.8128337860107 21.933666229248 22.2386665344238 22.5758323669434 22.5279159545898 22.3350830078125 22.5295829772949 22.9283332824707 22.9852504730225 22.7229995727539 22.6480827331543 22.5519161224365 22.6035842895508 22.4679164886475 22.2437496185303 22.1497497558594 21.9130840301514 21.953498840332 22.1365013122559 22.1161670684814 22.1273326873779 22.2556667327881 22.3160839080811 22.3339157104492 22.3720836639404 22.3520832061768 22.3731670379639 22.4023342132568 22.3945007324219 22.4367504119873 22.3951663970947 22.4243335723877 22.4204177856445 22.3983345031738 22.5247497558594 22.4357490539551 22.5939159393311 22.6901664733887 22.6370830535889
21.5832500457764 21.4436664581299 21.4509162902832 21.3805828094482 21.3715000152588 21.3727493286133 21.3350830078125 21.4078330993652 21.4060001373291 21.5982494354248 21.8030834197998 22.1082496643066 22.1787490844727 21.9461669921875 22.0995006561279 22.3195838928223 22.3299160003662 22.5345840454102 22.6769161224365 22.5606670379639 22.7838325500488 22.9584159851074 23.0139999389648 22.8917503356934 22.6685009002686 22.80299949646 22.9385833740234 22.7591667175293 22.6933345794678 22.2942504882812 22.1167507171631 22.0087509155273 22.1840839385986 22.281665802002 22.2203330993652 22.3171672821045 22.2977504730225 22.2934169769287 22.3092498779297 22.4128341674805 22.3564167022705 22.4153327941895 22.5243339538574 22.5505828857422 22.4974994659424 22.5140838623047 22.484167098999 22.4669170379639 22.5556659698486 22.6470832824707 22.5900840759277 22.5160827636719 22.5662498474121
21.6325836181641 21.5311660766602 21.6287498474121 21.4441661834717 21.5205841064453 21.447416305542 21.537166595459 21.5825004577637 21.4705009460449 21.5786666870117 21.9630832672119 22.1264171600342 22.08424949646 22.1975841522217 22.3312492370605 22.4164161682129 22.5020008087158 22.5304164886475 22.7396659851074 22.9360828399658 23.0134162902832 23.0658340454102 23.0680828094482 22.7826671600342 22.880916595459 22.9407501220703 23.0497493743896 22.8955841064453 22.5990829467773 22.4262504577637 22.1831665039062 22.1204166412354 22.2169170379639 22.4278335571289 22.3497505187988 22.4572486877441 22.367166519165 22.3256664276123 22.3425827026367 22.3455009460449 22.4743328094482 22.4265823364258 22.46875 22.5045833587646 22.5750007629395 22.5930843353271 22.5413341522217 22.5480003356934 22.5284996032715 22.4681663513184 22.4670829772949 22.6281661987305 22.7170829772949
21.6634159088135 21.7108325958252 21.7576675415039 21.6768341064453 21.636833190918 21.7100830078125 21.6295833587646 21.5368328094482 21.5519161224365 21.7463340759277 21.9670829772949 21.99049949646 22.0305004119873 22.1301670074463 22.1472492218018 22.2630825042725 22.4654159545898 22.6683330535889 22.4950008392334 22.8256664276123 22.8200836181641 22.890832901001 23.0858325958252 22.9869174957275 22.955415725708 22.99049949646 23.0084991455078 22.6499156951904 22.3973331451416 22.3716659545898 22.2728328704834 22.1608333587646 22.329833984375 22.3816661834717 22.5764999389648 22.5790004730225 22.5495834350586 22.535083770752 22.5238342285156 22.468334197998 22.6709995269775 22.61549949646 22.4918327331543 22.4328327178955 22.4718341827393 22.4640827178955 22.4496669769287 22.3854999542236 22.4185009002686 22.5004997253418 22.5370826721191 22.5729999542236 22.6857490539551
21.6992492675781 21.8179168701172 21.8199157714844 21.8675003051758 21.8534164428711 21.8127498626709 21.623083114624 21.4914169311523 21.597749710083 21.7275829315186 21.818416595459 21.839916229248 21.9843330383301 22.1324157714844 22.2664165496826 22.386999130249 22.3965835571289 22.3879165649414 22.451000213623 22.5893325805664 22.7247505187988 22.867166519165 22.9924163818359 23.0559997558594 22.9581661224365 22.8287506103516 22.8294162750244 22.5354995727539 22.5625839233398 22.3059997558594 22.2212505340576 22.3185005187988 22.3649997711182 22.4524173736572 22.6235008239746 22.6060009002686 22.6233329772949 22.6811676025391 22.685417175293 22.7014999389648 22.7011661529541 22.7661666870117 22.6645832061768 22.6184158325195 22.5708332061768 22.5673332214355 22.5168323516846 22.5176658630371 22.5144996643066 22.5146675109863 22.5755004882812 22.6800003051758 22.7019996643066
21.9134998321533 21.8972492218018 21.914083480835 21.8605823516846 21.7249164581299 21.8147506713867 21.6028327941895 21.6515007019043 21.7081661224365 21.7124996185303 21.8522491455078 21.958667755127 22.1153335571289 22.238000869751 22.2309169769287 22.3457508087158 22.2552490234375 22.33424949646 22.4241676330566 22.5693340301514 22.6790008544922 22.8814163208008 22.8762493133545 22.8775825500488 22.7370834350586 22.6654167175293 22.6595001220703 22.7257499694824 22.4079990386963 22.4211673736572 22.3665828704834 22.5372505187988 22.5273323059082 22.5535831451416 22.488582611084 22.5437507629395 22.6805839538574 22.7724170684814 22.8081665039062 22.7994995117188 22.6559162139893 22.7725830078125 22.7994995117188 22.734001159668 22.6253337860107 22.6835823059082 22.6149997711182 22.5800838470459 22.5647506713867 22.5827503204346 22.6216659545898 22.7701663970947 22.7514991760254
22.170166015625 22.0830001831055 22.0373344421387 21.9911670684814 21.8732490539551 21.7846660614014 21.8148326873779 21.839750289917 21.8689155578613 21.7813339233398 21.9166660308838 22.0397491455078 22.2019996643066 22.2221660614014 22.1527500152588 22.2628326416016 22.3356666564941 22.4776668548584 22.5647506713867 22.7019176483154 22.722749710083 22.7251663208008 22.6935005187988 22.530834197998 22.5445003509521 22.4291667938232 22.7474174499512 22.679500579834 22.7685832977295 22.4986667633057 22.6009998321533 22.6723327636719 22.6604175567627 22.6065006256104 22.5662498474121 22.5795001983643 22.6125831604004 22.7470836639404 22.8830833435059 22.8460006713867 22.7906665802002 22.7490844726562 22.8169994354248 22.8294162750244 22.7824993133545 22.7931671142578 22.6779174804688 22.6799163818359 22.7344989776611 22.7057495117188 22.622917175293 22.6892490386963 22.7726669311523
22.2058334350586 22.2454166412354 22.1712493896484 22.1892509460449 22.0298328399658 21.9829158782959 22.0110836029053 21.9199161529541 21.9004173278809 21.8392505645752 21.9546661376953 22.1199989318848 22.2450828552246 22.1761665344238 22.1824989318848 22.3414173126221 22.4834995269775 22.5295009613037 22.7231674194336 22.585916519165 22.5472507476807 22.5427494049072 22.3440837860107 22.4484996795654 22.4124164581299 22.4112491607666 22.5610008239746 22.8741664886475 22.5881671905518 22.6783332824707 22.7697505950928 22.6769161224365 22.6341667175293 22.6509990692139 22.6643333435059 22.582332611084 22.6610832214355 22.6845836639404 22.7861671447754 22.9402503967285 22.8427505493164 22.8833332061768 22.8509159088135 22.8089160919189 22.8390827178955 22.8497505187988 22.7796669006348 22.7923336029053 22.8016662597656 22.7822494506836 22.7822494506836 22.7987499237061 22.8773326873779
22.2290840148926 22.1374168395996 22.1260833740234 22.2515830993652 22.1536674499512 22.0914173126221 21.8449172973633 21.7669162750244 21.7260837554932 21.7668342590332 21.9886665344238 22.1393337249756 22.1676654815674 22.0755004882812 22.2743339538574 22.4540004730225 22.5440826416016 22.6724166870117 22.6832504272461 22.4988327026367 22.4016666412354 22.2555828094482 22.3981666564941 22.4974174499512 22.6101665496826 22.7330837249756 22.6225833892822 22.7955837249756 22.800500869751 22.7984161376953 22.7548332214355 22.660249710083 22.5683326721191 22.5756664276123 22.7191677093506 22.736665725708 22.7792491912842 22.8108329772949 22.835916519165 22.9404163360596 22.9870834350586 22.9602489471436 22.9110832214355 22.8549995422363 22.8596668243408 22.8264999389648 22.8122501373291 22.8195838928223 22.8146667480469 22.8155822753906 22.82200050354 22.8918342590332 22.9731674194336
22.2490825653076 22.0459175109863 22.1264171600342 22.2684993743896 22.1242504119873 21.8645839691162 21.9361667633057 21.9199161529541 21.8684997558594 21.8450832366943 21.9012489318848 21.9811668395996 22.1135845184326 22.3034992218018 22.5036678314209 22.5810832977295 22.6243324279785 22.7140007019043 22.6446666717529 22.6253337860107 22.4118328094482 22.4096660614014 22.4579162597656 22.6197509765625 22.6527500152588 22.7329158782959 22.7397499084473 22.8533325195312 22.8150825500488 22.7391662597656 22.6626663208008 22.6618328094482 22.6164989471436 22.718334197998 22.7550830841064 22.8613338470459 22.8453330993652 22.8878326416016 22.9119167327881 22.9357490539551 22.9530830383301 22.9509162902832 22.9497509002686 22.905834197998 22.8666667938232 22.8393325805664 22.8336658477783 22.8589172363281 22.8745002746582 22.8640003204346 22.8738327026367 22.9145832061768 22.9815006256104
22.1159992218018 22.1199169158936 22.1234169006348 22.1831665039062 22.091833114624 22.0575828552246 21.9191665649414 21.9790840148926 21.9153327941895 21.8512496948242 22.0717506408691 22.2215824127197 22.3098335266113 22.4834995269775 22.564001083374 22.6919174194336 22.7394161224365 22.7243328094482 22.7448329925537 22.7110004425049 22.669750213623 22.6473331451416 22.63450050354 22.7071666717529 22.7491664886475 22.7801666259766 22.7554168701172 22.5858325958252 22.6510829925537 22.7018337249756 22.6683330535889 22.6569175720215 22.6727504730225 22.8052501678467 22.8063335418701 22.9739990234375 22.9402503967285 22.9566669464111 22.9828338623047 22.9948329925537 22.9704170227051 22.935583114624 22.9594993591309 22.9187507629395 22.9232501983643 22.9052505493164 22.89674949646 22.9101657867432 22.9087505340576 22.9020004272461 22.9379177093506 22.9570827484131 23.0162506103516
22.1888332366943 22.0582504272461 22.0420837402344 22.1521663665771 22.0003337860107 22.1141662597656 22.0400009155273 21.8987503051758 21.882833480835 21.9085826873779 22.1456661224365 22.4021663665771 22.5010833740234 22.5909156799316 22.6096668243408 22.6588325500488 22.7284164428711 22.7525825500488 22.7674160003662 22.7529163360596 22.8471660614014 22.8894157409668 22.8694171905518 22.851167678833 22.8644161224365 22.7964992523193 22.6601657867432 22.5534172058105 22.6241664886475 22.6677494049072 22.673999786377 22.6900825500488 22.7686672210693 22.8301658630371 22.9205837249756 23.0210838317871 22.9730834960938 22.9776668548584 23.0237503051758 23.0567493438721 23.0248336791992 22.9831657409668 23.0004997253418 22.9951667785645 22.9777507781982 22.9862499237061 22.9498329162598 22.9446659088135 22.9705009460449 23.0056667327881 23.0332508087158 23.0547504425049 23.0610008239746
22.1506671905518 22.1538333892822 21.9787502288818 22.1166667938232 21.9839172363281 22.025749206543 21.9385833740234 21.8565826416016 21.8348331451416 21.8636665344238 22.1305828094482 22.4011669158936 22.5376663208008 22.4745006561279 22.5056667327881 22.623083114624 22.6536674499512 22.6749992370605 22.6863327026367 22.7410831451416 22.814416885376 22.9397506713867 22.9409999847412 22.8879165649414 22.8341674804688 22.7428340911865 22.6159172058105 22.5330009460449 22.5401668548584 22.6358337402344 22.6373329162598 22.6809158325195 22.7804164886475 22.8360004425049 22.9360828399658 23.0219993591309 23.0220832824707 23.02174949646 23.0482501983643 23.0693340301514 23.0433330535889 23.0223331451416 23.0389175415039 23.0600833892822 23.0454998016357 23.0485000610352 23.0572509765625 23.0609169006348 23.095666885376 23.0784168243408 23.0820827484131 23.0971660614014 23.1141662597656
22.1094169616699 22.1803340911865 22.0286655426025 22.0124168395996 21.9110832214355 21.8395843505859 21.7627506256104 21.7014999389648 21.7389163970947 21.8645000457764 22.0860004425049 22.263916015625 22.4375 22.4917507171631 22.5444164276123 22.6165008544922 22.6424160003662 22.6149158477783 22.6401672363281 22.617000579834 22.7922496795654 22.917667388916 22.9393329620361 22.9449157714844 22.8374156951904 22.744083404541 22.6334171295166 22.5467491149902 22.5781669616699 22.6222496032715 22.6337509155273 22.720666885376 22.8195838928223 22.8760833740234 22.9568328857422 23.013500213623 23.0434989929199 23.0687503814697 23.0611667633057 23.0675830841064 23.0389995574951 23.0524158477783 23.0791664123535 23.0905838012695 23.0991668701172 23.1149997711182 23.1607494354248 23.1766662597656 23.1777496337891 23.1699161529541 23.1525001525879 23.1669158935547 23.2094993591309
22.1525001525879 22.1157493591309 22.0930004119873 22.007833480835 21.8004169464111 21.6960830688477 21.5461673736572 21.5636672973633 21.6199169158936 21.8411674499512 22.078332901001 22.3091659545898 22.3501663208008 22.5071659088135 22.59983253479 22.619083404541 22.5892505645752 22.5980834960938 22.6253337860107 22.738166809082 22.8491668701172 22.9463329315186 22.9721660614014 22.9594993591309 22.8587493896484 22.7339172363281 22.6634998321533 22.638916015625 22.6175842285156 22.6324157714844 22.6794166564941 22.7415828704834 22.8439159393311 22.9209995269775 22.9483337402344 23.0096664428711 23.0655841827393 23.0994167327881 23.0877494812012 23.091833114624 23.0700836181641 23.091833114624 23.1151657104492 23.1319160461426 23.1222496032715 23.1591663360596 23.2330837249756 23.2289161682129 23.2455005645752 23.2161655426025 23.1943340301514 23.2045841217041 23.2516670227051
22.2860832214355 22.2170829772949 22.1572494506836 22.0653343200684 21.9500827789307 21.6438331604004 21.3343334197998 21.2510833740234 21.4908332824707 21.9810829162598 22.1096668243408 22.1818332672119 22.3468341827393 22.5022506713867 22.5942497253418 22.5934162139893 22.6457500457764 22.6073341369629 22.6109161376953 22.7089996337891 22.820333480835 22.8760833740234 22.89674949646 22.8766670227051 22.8317489624023 22.744083404541 22.7066669464111 22.6504173278809 22.6766662597656 22.6599159240723 22.7319164276123 22.785249710083 22.8564167022705 22.9261665344238 22.9751663208008 23.0034999847412 23.060583114624 23.0649166107178 23.0681667327881 23.0616664886475 23.1162490844727 23.1505832672119 23.1536674499512 23.1398334503174 23.1598339080811 23.2075824737549 23.2632503509521 23.2946662902832 23.2880001068115 23.2370834350586 23.2447490692139 23.2541675567627 23.3090000152588
