layers/tmax9.asc
NCOLS 292 
NROWS 291 
XLLCORNER -87.6458333327872 
YLLCORNER 24.4791666666667 
CELLSIZE 0.0416666666669039 
NODATA_value -3.4e+38 
[rows 0 to 23 of 291, columns 159 to 211 of 292]
-3.4e+38 -3.4e+38 -3.4e+38 -3.4e+38 -3.4e+38 -3.4e+38 -3.4e+38 -3.4e+38 -3.4e+38 -3.4e+38 -3.4e+38 -3.4e+38 -3.4e+38 -3.4e+38 -3.4e+38 -3.4e+38 -3.4e+38 -3.4e+38 -3.4e+38 -3.4e+38 -3.4e+38 -3.4e+38 -3.4e+38 -3.4e+38 -3.4e+38 -3.4e+38 -3.4e+38 -3.4e+38 -3.4e+38 -3.4e+38 -3.4e+38 -3.4e+38 -3.4e+38 -3.4e+38 -3.4e+38 -3.4e+38 -3.4e+38 -3.4e+38 -3.4e+38 -3.4e+38 -3.4e+38 -3.4e+38 -3.4e+38 -3.4e+38 -3.4e+38 -3.4e+38 -3.4e+38 -3.4e+38 -3.4e+38 -3.4e+38 -3.4e+38 -3.4e+38 -3.4e+38
17.7194175720215 17.6695003509521 18.2868328094482 19.7420825958252 19.1214160919189 20.2164993286133 20.4511661529541 20.6127490997314 20.757833480835 20.8312492370605 20.8469161987305 20.3877506256104 19.8804168701172 20.1440830230713 20.4184989929199 20.5090827941895 20.4032497406006 20.5131664276123 20.4978332519531 20.4074172973633 20.4579162597656 20.5939998626709 20.7555828094482 20.8550834655762 20.8696670532227 20.6995830535889 20.5933322906494 20.6681671142578 20.8166656494141 20.8204154968262 -3.4e+38 -3.4e+38 -3.4e+38 -3.4e+38 -3.4e+38 -3.4e+38 -3.4e+38 -3.4e+38 -3.4e+38 -3.4e+38 -3.4e+38 -3.4e+38 -3.4e+38 -3.4e+38 -3.4e+38 21.1692504882812 21.1285839080811 21.1075000762939 21.1155834197998 21.1027507781982 21.0714168548584 21.0604991912842 21.0072498321533
17.8799171447754 17.6865825653076 18.8171672821045 20.343334197998 20.3567504882812 20.4403324127197 20.6301670074463 20.6574172973633 20.8964157104492 21.0489158630371 21.0283336639404 20.5050830841064 20.1247501373291 20.5163326263428 20.6049995422363 20.5562496185303 20.5927505493164 20.7439994812012 20.5550842285156 20.4143333435059 20.5119171142578 20.4071655273438 20.505500793457 20.579833984375 20.7199172973633 20.798999786377 20.6213340759277 20.7705001831055 20.8665008544922 20.9539165496826 20.9827499389648 21.0065002441406 21.0174999237061 20.9461669921875 21.046667098999 21.1323337554932 21.1310005187988 21.1395835876465 21.2040824890137 21.154167175293 21.1317501068115 21.1551666259766 21.1755828857422 21.1958332061768 21.1695003509521 21.1655006408691 21.1710834503174 21.1615009307861 21.1295833587646 21.1082496643066 21.0833339691162 21.0685005187988 21.0071659088135
17.825834274292 18.5458335876465 19.9969997406006 20.2350826263428 20.4703330993652 20.6389999389648 20.755916595459 20.6445827484131 20.8236656188965 21.0774173736572 20.9650840759277 20.5498332977295 20.5120830535889 20.6231670379639 20.5515003204346 20.5599174499512 20.4821662902832 20.732666015625 20.5814170837402 20.4675827026367 20.5494174957275 20.5178337097168 20.4401664733887 20.5926666259766 20.6540832519531 20.7769165039062 20.7576656341553 20.6976661682129 20.9248332977295 20.9792499542236 20.8785839080811 20.9749164581299 20.8619174957275 20.9219169616699 21.0472507476807 21.0610008239746 21.1540832519531 21.2402496337891 21.2613334655762 21.2233333587646 21.1922492980957 21.1771659851074 21.2054996490479 21.1949996948242 21.1742496490479 21.1958332061768 21.2104167938232 21.2082500457764 21.1367492675781 21.1200828552246 21.1025829315186 21.0553340911865 20.9799995422363
17.5731658935547 18.443416595459 19.9422492980957 20.5195007324219 20.6456661224365 20.6315002441406 20.791166305542 20.8682498931885 20.6554164886475 20.589750289917 20.8839988708496 20.8896675109863 20.7385005950928 20.7035827636719 20.418083190918 20.5324993133545 20.7140007019043 20.543249130249 20.4203338623047 20.6228332519531 20.5679168701172 20.5944175720215 20.5329170227051 20.6597499847412 20.7589168548584 20.8091659545898 20.8408336639404 20.8780002593994 20.94700050354 20.9011669158936 20.773250579834 20.8277492523193 20.8747501373291 21.0497493743896 21.1425838470459 21.2247505187988 21.175666809082 21.1975841522217 21.2567501068115 21.2409992218018 21.2431659698486 21.2715835571289 21.2597503662109 21.2455825805664 21.2611656188965 21.2639999389648 21.2377490997314 21.2094993591309 21.1895008087158 21.1329174041748 21.1066665649414 21.081916809082 20.9812507629395
19.3107490539551 20.194917678833 20.7026672363281 20.801082611084 20.8018341064453 20.6236667633057 20.6786670684814 20.8020839691162 20.8697509765625 20.7425842285156 20.9341659545898 21.0046672821045 20.8509998321533 20.5098342895508 20.5774173736572 19.9349174499512 20.2740840911865 19.8804168701172 20.2543334960938 20.4379177093506 20.5389995574951 20.707332611084 20.7014999389648 20.8280830383301 20.9203338623047 20.89674949646 20.8484172821045 20.8275833129883 20.7666664123535 20.7819175720215 20.6876659393311 20.7689170837402 20.8974170684814 21.0531673431396 21.1526660919189 21.2150001525879 21.1613330841064 21.2024993896484 21.261999130249 21.298583984375 21.2929992675781 21.3079166412354 21.301082611084 21.3026657104492 21.2905006408691 21.2643337249756 21.2576675415039 21.2688331604004 21.2581672668457 21.2025833129883 21.1515007019043 21.0887508392334 20.992166519165
20.99049949646 20.7316665649414 20.833667755127 20.6996669769287 20.8918323516846 20.8402500152588 20.8109169006348 20.9561672210693 20.8451671600342 20.7159156799316 20.7998332977295 20.9426670074463 20.5879173278809 20.500415802002 20.677583694458 20.5633335113525 20.4144992828369 20.5051670074463 20.4796657562256 20.4473342895508 20.6209163665771 20.7464160919189 20.7961673736572 20.9105834960938 20.8194160461426 20.7665004730225 20.7562503814697 20.7270832061768 20.69700050354 20.7902507781982 20.7865829467773 20.8015003204346 20.8430824279785 20.9249992370605 21.0874176025391 21.1622505187988 21.1555004119873 21.2229156494141 21.1819171905518 21.2119159698486 21.2526664733887 21.2775840759277 21.261999130249 21.2967491149902 21.3074169158936 21.3417510986328 21.3570003509521 21.3696670532227 21.2754993438721 21.2423343658447 21.2325839996338 21.1424999237061 21.0309162139893
20.9876670837402 21.0089168548584 20.9907493591309 21.0247497558594 21.0670833587646 21.2076663970947 21.0661659240723 21.0510005950928 20.9075832366943 21.0399990081787 20.9840831756592 21.0489158630371 20.7977504730225 20.8285007476807 20.8252506256104 20.486083984375 20.2900009155273 20.5143337249756 20.6014156341553 20.7659168243408 20.8192501068115 20.8001670837402 20.7747497558594 20.8227500915527 20.687084197998 20.6496658325195 20.6534996032715 20.6492500305176 20.7355823516846 20.7796669006348 20.8282508850098 20.9368324279785 20.9385833740234 21.010082244873 21.0957508087158 21.0744171142578 21.066333770752 21.132999420166 21.1630840301514 21.1714172363281 21.2189159393311 21.2210006713867 21.2955837249756 21.304500579834 21.3299160003662 21.3685836791992 21.4129161834717 21.3703327178955 21.3124160766602 21.2697505950928 21.2596664428711 21.2209167480469 21.0965824127197
21.1590003967285 21.2040004730225 21.2824172973633 21.3138332366943 21.3349990844727 21.3090839385986 21.0928325653076 20.9905834197998 21.0467491149902 20.8981666564941 20.8210830688477 21.0482501983643 21.007999420166 21.0340843200684 20.7481670379639 20.5116672515869 20.5125007629395 20.5071659088135 20.7919998168945 20.7655830383301 20.8136672973633 20.8019161224365 20.7386665344238 20.7324161529541 20.5482501983643 20.5292491912842 20.5995006561279 20.6835842132568 20.8353328704834 20.9131660461426 20.9018325805664 20.9111671447754 21.0544166564941 21.0524158477783 21.0630836486816 21.0635833740234 21.0731658935547 21.1689167022705 21.1638336181641 21.2501659393311 21.257833480835 21.2941665649414 21.3594169616699 21.3539161682129 21.3644161224365 21.3794174194336 21.4328327178955 21.4200839996338 21.3706665039062 21.3422508239746 21.3307495117188 21.2653331756592 21.1595001220703
21.4233341217041 21.4792499542236 21.4028339385986 21.1297492980957 20.8699169158936 20.6118335723877 20.7471675872803 20.9538326263428 20.8933334350586 20.8866672515869 20.882417678833 20.9016666412354 20.7591667175293 20.9842491149902 20.8569164276123 20.6564159393311 20.7501659393311 20.6744155883789 20.7680835723877 20.6458339691162 20.7620010375977 20.6904163360596 20.6951675415039 20.7514171600342 20.5231666564941 20.6077499389648 20.5760841369629 20.6282501220703 20.7415828704834 20.7609157562256 20.886417388916 20.9054164886475 20.9118328094482 20.9967498779297 21.0636672973633 21.1263332366943 21.0807495117188 21.2312507629395 21.3374996185303 21.337833404541 21.304666519165 21.3398323059082 21.4073333740234 21.3840007781982 21.3735828399658 21.3934173583984 21.4432506561279 21.4405002593994 21.4321670532227 21.4274997711182 21.3668327331543 21.3175830841064 21.2805824279785
21.0778331756592 20.9791660308838 20.8504161834717 20.6278343200684 20.5625839233398 20.7936668395996 20.826416015625 20.9059162139893 21.0515003204346 21.047082901001 21.0714168548584 21.0844993591309 20.9946670532227 21.0574169158936 21.0241661071777 20.8586673736572 20.8891658782959 20.9085826873779 20.7334156036377 20.6030826568604 20.5633335113525 20.6089172363281 20.6784992218018 20.4831657409668 20.4143333435059 20.5292491912842 20.5723323822021 20.7030830383301 20.8384170532227 20.9527492523193 20.8719158172607 20.9084167480469 20.9692497253418 21.085916519165 21.1637496948242 21.1749172210693 21.2875823974609 21.2308330535889 21.3867492675781 21.3672504425049 21.3439159393311 21.4093341827393 21.4411659240723 21.4292507171631 21.4147491455078 21.4115829467773 21.4317493438721 21.4404163360596 21.4080829620361 21.4114170074463 21.3764171600342 21.3444995880127 21.3710823059082
20.2155838012695 20.1648330688477 20.5159168243408 20.8400001525879 20.8394165039062 20.8810005187988 20.9877490997314 20.9772510528564 21.0358333587646 21.193000793457 21.2164173126221 21.2621669769287 21.277416229248 21.2051677703857 21.0340843200684 20.9966659545898 20.9985828399658 20.8081665039062 20.6978340148926 20.8062496185303 20.823917388916 20.7464160919189 20.4654159545898 20.4025001525879 20.441499710083 20.3365821838379 20.4507503509521 20.6280841827393 20.6214160919189 20.7945823669434 20.9286670684814 21.0239162445068 21.0666656494141 21.058500289917 21.0493335723877 21.211332321167 21.2984161376953 21.3152503967285 21.4229164123535 21.4426670074463 21.4545001983643 21.4713325500488 21.4615821838379 21.4156665802002 21.4199161529541 21.4015846252441 21.4076671600342 21.4152488708496 21.3889999389648 21.3759155273438 21.4004993438721 21.4186668395996 21.4429168701172
20.6414165496826 20.7123336791992 20.8510837554932 20.7910842895508 20.859167098999 20.9610004425049 20.9755001068115 21.0416660308838 21.0345840454102 21.1537494659424 21.1509170532227 21.2231674194336 21.267915725708 21.2164993286133 21.0034160614014 21.140417098999 21.0241661071777 20.9186668395996 20.9925003051758 20.9404163360596 20.8175010681152 20.765251159668 20.6282501220703 20.5400009155273 20.4012489318848 20.326416015625 20.2392501831055 20.4181671142578 20.7627506256104 20.9064998626709 20.9489994049072 21.035083770752 21.1264991760254 21.1305828094482 21.177583694458 21.267333984375 21.2509155273438 21.3275833129883 21.3560829162598 21.4599170684814 21.4963340759277 21.4677505493164 21.4331665039062 21.4097499847412 21.4232501983643 21.4064998626709 21.4314994812012 21.4165000915527 21.3878326416016 21.3819999694824 21.4169158935547 21.4402503967285 21.4656658172607
20.3351669311523 20.6253337860107 20.837833404541 20.9615840911865 20.996000289917 21.1145000457764 21.1367492675781 21.0195007324219 21.1790008544922 21.1713333129883 21.1732501983643 21.2542495727539 21.4047508239746 21.398250579834 21.2715835571289 21.2319164276123 21.2055835723877 21.136417388916 20.9912509918213 21.076416015625 21.0212497711182 20.8355827331543 20.8764991760254 20.7542495727539 20.8262500762939 20.7200832366943 20.6162509918213 20.7253322601318 20.9204998016357 21.0563335418701 21.0409164428711 21.0669994354248 21.1371669769287 21.1665000915527 21.2976665496826 21.3659172058105 21.4448337554932 21.4395008087158 21.4169158935547 21.4464168548584 21.4640007019043 21.4882507324219 21.4444999694824 21.3972511291504 21.4316673278809 21.4659175872803 21.4864158630371 21.4452495574951 21.4069995880127 21.3583335876465 21.4049167633057 21.4386672973633 21.4560832977295
20.4514999389648 20.6851673126221 20.8135833740234 20.9985828399658 21.0139999389648 21.0877494812012 21.3344993591309 21.115083694458 21.1184158325195 21.2234992980957 21.414083480835 21.4152488708496 21.3719158172607 21.2978343963623 21.4754161834717 21.3108329772949 21.4094161987305 21.3384170532227 21.2553329467773 21.1011657714844 21.1035842895508 21.1149158477783 21.1810836791992 21.1614170074463 21.1809997558594 21.1626663208008 21.0849990844727 20.9911670684814 20.9094161987305 20.8749160766602 21.0015830993652 21.0748329162598 21.1575832366943 21.1684169769287 21.1385841369629 21.2770824432373 21.3860836029053 21.3848342895508 21.3674163818359 21.445333480835 21.4587497711182 21.4274158477783 21.4449157714844 21.4738330841064 21.5062503814697 21.5889167785645 21.5973339080811 21.5520000457764 21.4608325958252 21.4110832214355 21.4249172210693 21.4524993896484 21.4851665496826
20.7709999084473 20.7549171447754 20.9306659698486 21.0519161224365 21.1696662902832 21.1424999237061 21.2160835266113 21.2859172821045 21.1667499542236 21.1549167633057 21.2975826263428 21.4832496643066 21.3959159851074 21.3733329772949 21.4217491149902 21.4775009155273 21.4349994659424 21.2789173126221 21.212833404541 21.1372509002686 21.2780838012695 21.4147491455078 21.453332901001 21.4155006408691 21.3705825805664 21.4345836639404 21.40625 21.2097492218018 21.0155830383301 20.9625835418701 20.9359169006348 21.0874996185303 21.1168327331543 21.0513324737549 21.2025833129883 21.2940826416016 21.2866668701172 21.2649993896484 21.323917388916 21.4134998321533 21.4861660003662 21.4464168548584 21.511417388916 21.5235004425049 21.5640830993652 21.6628341674805 21.7294158935547 21.7056674957275 21.6333332061768 21.5751667022705 21.5334167480469 21.4982490539551 21.4806671142578
20.8464164733887 20.9964160919189 21.0669994354248 21.1582489013672 21.2271671295166 21.2612495422363 21.2876663208008 21.2157497406006 21.3798332214355 21.2736663818359 21.2423324584961 21.3346672058105 21.4572505950928 21.3856658935547 21.4657497406006 21.5832500457764 21.5339164733887 21.3870830535889 21.2050838470459 21.3071670532227 21.5060844421387 21.4842491149902 21.4252510070801 21.3369998931885 21.4247493743896 21.4677505493164 21.3902492523193 21.277250289917 21.1394176483154 21.0716667175293 21.0153331756592 20.9944171905518 20.9778327941895 21.0852489471436 21.1430835723877 21.1765003204346 21.1176662445068 21.2025833129883 21.2982501983643 21.347583770752 21.4221668243408 21.494499206543 21.5319995880127 21.5614166259766 21.6113338470459 21.7663326263428 21.8919162750244 21.8972492218018 21.8253326416016 21.7234992980957 21.6024990081787 21.5748329162598 21.4970836639404
20.9320831298828 20.9855003356934 21.0674991607666 21.1013336181641 21.2569160461426 21.2693328857422 21.369499206543 21.2998332977295 21.3326663970947 21.4005832672119 21.3534164428711 21.293249130249 21.501916885376 21.4508323669434 21.5421657562256 21.5801658630371 21.4319171905518 21.4044170379639 21.4279174804688 21.5637493133545 21.5981674194336 21.4409999847412 21.3577499389648 21.2736663818359 21.6010837554932 21.4188327789307 21.3136672973633 21.2550830841064 21.2165832519531 21.0417499542236 21.0311660766602 20.9589176177979 21.0381660461426 21.1144161224365 21.0104160308838 21.0092506408691 21.1255836486816 21.2259159088135 21.2580833435059 21.3339996337891 21.4486675262451 21.5035839080811 21.5983333587646 21.566499710083 21.5836658477783 21.6505832672119 21.8005828857422 21.8717498779297 21.9325828552246 21.7728328704834 21.6634159088135 21.5660839080811 21.484582901001
20.7508335113525 20.859582901001 20.9634170532227 20.9895000457764 21.1285839080811 21.2763328552246 21.2018337249756 21.2945823669434 21.3485832214355 21.4571666717529 21.4589157104492 21.3304176330566 21.4937496185303 21.5625 21.5945835113525 21.5195827484131 21.4099159240723 21.5443325042725 21.5419158935547 21.6502494812012 21.5720825195312 21.3920001983643 21.1893329620361 21.1870002746582 21.5402507781982 21.4815006256104 21.2369174957275 21.0795001983643 21.1026668548584 21.035083770752 20.9273338317871 20.9073333740234 21.0205001831055 21.0315837860107 20.9174175262451 21.0214996337891 21.1244163513184 21.136999130249 21.121000289917 21.2662506103516 21.2924175262451 21.4037494659424 21.5495834350586 21.6459159851074 21.5555839538574 21.4640827178955 21.5245838165283 21.8922500610352 22.0680828094482 21.9106674194336 21.6643333435059 21.5149993896484 21.4328327178955
20.769250869751 20.8914165496826 20.9002494812012 21.013500213623 21.1654167175293 21.2102508544922 21.2009162902832 21.2604160308838 21.3312492370605 21.3699169158936 21.429500579834 21.5060005187988 21.4546661376953 21.4983329772949 21.4279174804688 21.4760837554932 21.5643329620361 21.6159172058105 21.5767498016357 21.5841674804688 21.3295001983643 21.3494167327881 21.4503326416016 21.7075824737549 21.7727508544922 21.4373340606689 21.2869167327881 21.1290836334229 20.9814167022705 20.9457492828369 20.9016666412354 20.9570827484131 21.0265827178955 20.9738330841064 20.9215831756592 21.0294170379639 21.0834159851074 21.1420001983643 21.135082244873 21.111499786377 21.2406673431396 21.2999172210693 21.4604167938232 21.4070835113525 21.5480003356934 21.4834175109863 21.5215835571289 21.7788333892822 22.0347499847412 21.8098335266113 21.6266670227051 21.4456672668457 21.3677501678467
20.8321666717529 20.9560832977295 21.0531673431396 21.1165828704834 21.2111663818359 21.2315826416016 21.2609996795654 21.2896671295166 21.3274993896484 21.2906665802002 21.3725833892822 21.3928337097168 21.4316673278809 21.5150833129883 21.4697494506836 21.5779991149902 21.6615829467773 21.6259174346924 21.6604995727539 21.5450839996338 21.3228340148926 21.2798328399658 21.4640007019043 21.4069175720215 21.710916519165 21.4762496948242 21.312915802002 21.1137504577637 20.9295825958252 20.8148326873779 20.8934993743896 21.0438327789307 21.1363334655762 21.0801658630371 21.0320835113525 21.0720825195312 21.0054168701172 21.0721664428711 21.2060832977295 21.1705837249756 21.1063327789307 21.2426662445068 21.4455833435059 21.3675842285156 21.3445835113525 21.5665836334229 21.4701671600342 21.9719161987305 21.9611663818359 21.8501663208008 21.7080841064453 21.4343338012695 21.2628326416016
21.0700836181641 20.9442501068115 20.9253330230713 21.0039157867432 21.132999420166 21.1825828552246 21.2280006408691 21.2829990386963 21.3566665649414 21.3824996948242 21.3325004577637 21.2260837554932 21.298583984375 21.4235000610352 21.5035839080811 21.554500579834 21.6038341522217 21.6201667785645 21.6222496032715 21.5734157562256 21.6059989929199 21.5161666870117 21.4134998321533 21.4514999389648 21.5793323516846 21.6120834350586 21.4937496185303 21.101583480835 20.632833480835 20.5106658935547 20.7196674346924 21.0026664733887 21.1604995727539 21.2180004119873 21.1466674804688 21.1875839233398 21.0930824279785 21.0756664276123 21.0890827178955 21.2134170532227 21.2332496643066 21.4415836334229 21.4758338928223 21.4890823364258 21.5928344726562 21.644416809082 21.8063335418701 22.0595836639404 21.9496669769287 21.8379993438721 21.6679992675781 21.4506664276123 21.2796669006348
20.9836654663086 21.1290836334229 21.121000289917 21.0545825958252 21.1084995269775 21.2473335266113 21.2630825042725 21.2740001678467 21.3414993286133 21.3322505950928 21.2325839996338 21.2934169769287 21.3392505645752 21.3171672821045 21.4173336029053 21.5127506256104 21.5626659393311 21.5884170532227 21.6329174041748 21.6005840301514 21.6406669616699 21.6024990081787 21.4648342132568 21.6021671295166 21.8291664123535 21.7865009307861 21.4698333740234 21.0895824432373 20.609167098999 20.7214164733887 20.9217491149902 21.0377502441406 21.1923332214355 21.3365001678467 21.2410831451416 21.3178329467773 21.1317501068115 21.1540832519531 21.2939167022705 21.3738327026367 21.38108253479 21.5192489624023 21.6050834655762 21.5337505340576 21.4737510681152 21.6119995117188 21.8647499084473 21.9177494049072 21.8742504119873 21.8355007171631 21.7855834960938 21.6727504730225 21.4057502746582
21.0553340911865 21.2333335876465 21.3023338317871 21.2161674499512 21.0537490844727 21.1213340759277 21.2054176330566 21.2659168243408 21.2708339691162 21.265832901001 21.2873344421387 21.2805824279785 21.207332611084 21.253999710083 21.2053337097168 21.4664993286133 21.5478324890137 21.6546669006348 21.7329158782959 21.6323337554932 21.7262496948242 21.6942501068115 21.6910839080811 21.8540840148926 21.9834175109863 22.0244159698486 21.3665008544922 20.9688339233398 20.8684158325195 20.933500289917 21.1289176940918 21.3265838623047 21.472583770752 21.5660839080811 21.5701675415039 21.5190830230713 21.4402503967285 21.4440841674805 21.5249176025391 21.5681667327881 21.6067504882812 21.6490001678467 21.679666519165 21.7565841674805 21.8080825805664 21.9036674499512 22.0579166412354 22.119499206543 22.0515842437744 22.0464992523193 21.9785842895508 21.6432495117188 21.3863334655762
