layers/tmax11.asc
NCOLS 292 
NROWS 291 
XLLCORNER -87.6458333327872 
YLLCORNER 24.4791666666667 
CELLSIZE 0.0416666666669039 
NODATA_value -3.4e+38 
[rows 0 to 23 of 291, columns 212 to 264 of 292]
-3.4e+38 -3.4e+38 -3.4e+38 -3.4e+38 -3.4e+38 -3.4e+38 -3.4e+38 -3.4e+38 -3.4e+38 -3.4e+38 -3.4e+38 -3.4e+38 -3.4e+38 -3.4e+38 -3.4e+38 -3.4e+38 -3.4e+38 -3.4e+38 -3.4e+38 -3.4e+38 -3.4e+38 -3.4e+38 -3.4e+38 -3.4e+38 -3.4e+38 -3.4e+38 -3.4e+38 -3.4e+38 -3.4e+38 -3.4e+38 -3.4e+38 -3.4e+38 -3.4e+38 -3.4e+38 -3.4e+38 -3.4e+38 -3.4e+38 -3.4e+38 -3.4e+38 -3.4e+38 -3.4e+38 -3.4e+38 -3.4e+38 -3.4e+38 -3.4e+38 -3.4e+38 -3.4e+38 -3.4e+38 -3.4e+38 -3.4e+38 -3.4e+38 -3.4e+38 -3.4e+38
21.7371673583984 -3.4e+38 -3.4e+38 -3.4e+38 -3.4e+38 -3.4e+38 -3.4e+38 -3.4e+38 -3.4e+38 22.1883335113525 22.2004165649414 22.2932510375977 22.2548332214355 22.2640838623047 22.3552494049072 22.3389167785645 22.3582496643066 22.279333114624 22.2255001068115 22.1911659240723 22.1260833740234 22.0594177246094 22.0518341064453 21.9604167938232 21.8341674804688 21.8246669769287 21.8724994659424 21.916166305542 22.0155830383301 22.083833694458 22.1025009155273 22.0691661834717 22.043249130249 22.1117496490479 22.177583694458 22.2081661224365 22.2771663665771 22.3092498779297 22.2929992675781 22.2594165802002 22.1668338775635 22.0569171905518 22.0104160308838 22.1220836639404 22.2824993133545 22.4717502593994 22.4873332977295 22.5162506103516 22.5204162597656 22.5923328399658 22.5974159240723 22.6066665649414 22.5624160766602
21.7481670379639 21.8099174499512 21.8807506561279 21.9601669311523 22.0620002746582 22.1079158782959 22.0169162750244 22.1384162902832 22.1588325500488 22.0920829772949 22.2634162902832 22.2204170227051 22.1966667175293 22.2917499542236 22.3111667633057 22.236083984375 22.3139171600342 22.2329177856445 22.2112503051758 22.2434997558594 22.2228336334229 22.2127494812012 22.1362495422363 22.060583114624 22.0566673278809 21.927583694458 21.9135837554932 21.9823341369629 22.0763339996338 22.0784168243408 22.0884170532227 22.0925006866455 22.0835838317871 22.0533332824707 22.0691661834717 22.0585823059082 22.1145839691162 22.1323337554932 22.0675010681152 22.0199165344238 21.9999160766602 21.9179172515869 21.9344997406006 22.0047492980957 22.1491661071777 22.3410835266113 22.4171657562256 22.49391746521 22.6125831604004 22.7051658630371 22.719165802002 22.7110004425049 22.666166305542
21.7428340911865 21.7192497253418 21.779333114624 21.8160839080811 21.8465824127197 21.8012504577637 21.8549995422363 21.9199161529541 21.9910831451416 22.052583694458 22.2418327331543 22.1065826416016 22.0747489929199 22.1955833435059 22.1475830078125 22.1280002593994 22.2234992980957 22.2289161682129 22.2402496337891 22.2323341369629 22.2002506256104 22.1979999542236 22.11891746521 22.0144157409668 22.003833770752 21.956750869751 21.9209175109863 21.9819164276123 22.1348342895508 22.1447505950928 22.0805835723877 22.0848331451416 22.0700836181641 22.0547504425049 22.0690841674805 22.1143321990967 22.0832500457764 22.0355834960938 21.9963340759277 21.9011669158936 21.7832489013672 21.7159175872803 21.7606658935547 21.9128341674805 22.0750827789307 22.2422504425049 22.3775005340576 22.5701656341553 22.6519165039062 22.703498840332 22.7250843048096 22.740083694458 22.7324161529541
21.7099170684814 21.6699161529541 21.6705837249756 21.650749206543 21.7383327484131 21.6818332672119 21.7565002441406 21.7778339385986 21.9126663208008 22.0807495117188 22.1577491760254 22.0602493286133 22.0110836029053 22.1240005493164 22.2279167175293 22.1200008392334 22.171501159668 22.2296676635742 22.3171653747559 22.298999786377 22.2941665649414 22.2684993743896 22.1299991607666 22.0470008850098 21.9751663208008 21.9061660766602 21.9340000152588 22.0044994354248 22.1159172058105 22.2152500152588 22.1865825653076 22.1550827026367 22.1279163360596 22.0769996643066 22.0716667175293 22.0792503356934 22.0766658782959 22.007999420166 21.9227504730225 21.8153324127197 21.724666595459 21.6578330993652 21.7075824737549 21.890417098999 22.0524997711182 22.2531661987305 22.418083190918 22.5965824127197 22.7121677398682 22.7591667175293 22.787166595459 22.7886657714844 22.753999710083
21.7425003051758 21.7410831451416 21.6826667785645 21.6069164276123 21.5700836181641 21.5056667327881 21.490083694458 21.6587505340576 21.8137493133545 22.0229167938232 21.9681663513184 21.894832611084 22.050666809082 22.1086673736572 22.2164173126221 22.3525829315186 22.3740825653076 22.3730010986328 22.411750793457 22.5181655883789 22.4825839996338 22.4230003356934 22.2923336029053 22.1639995574951 21.9455833435059 21.9821662902832 22.0233325958252 22.081916809082 22.0778331756592 22.1847496032715 22.2329998016357 22.1958332061768 22.154333114624 22.1112499237061 22.1277503967285 22.1420822143555 22.0905838012695 22.0315837860107 21.9272499084473 21.855167388916 21.8392505645752 21.8450832366943 21.8925838470459 21.9763336181641 22.0801677703857 22.2321662902832 22.4250831604004 22.5973339080811 22.6929988861084 22.7606658935547 22.769416809082 22.7841663360596 22.7576675415039
21.8288326263428 21.804500579834 21.761833190918 21.6704158782959 21.519416809082 21.6559162139893 21.627082824707 21.6040000915527 21.8242492675781 21.8473339080811 21.8244171142578 21.9212493896484 22.0112495422363 22.1175003051758 22.1557502746582 22.3432502746582 22.4624176025391 22.5328330993652 22.6284999847412 22.642749786377 22.6956672668457 22.6105842590332 22.4543342590332 22.3102493286133 22.0742492675781 22.0671672821045 22.073917388916 22.1183338165283 22.1469993591309 22.2213325500488 22.2520008087158 22.2351665496826 22.1990833282471 22.1614170074463 22.1627502441406 22.1319999694824 22.0780830383301 22.0028343200684 21.8638324737549 21.780834197998 21.8366661071777 21.9330825805664 22.0040836334229 22.0760841369629 22.1615829467773 22.2940006256104 22.4301662445068 22.5598335266113 22.6670837402344 22.6829166412354 22.7123336791992 22.703332901001 22.673999786377
21.8514175415039 21.8813343048096 21.9507503509521 21.8137493133545 21.7255840301514 21.8122501373291 21.8702487945557 21.9079170227051 22.0223331451416 21.8509159088135 21.9484157562256 22.1127490997314 22.1651668548584 22.2356662750244 22.3229999542236 22.3924160003662 22.4836673736572 22.6277503967285 22.8318328857422 22.8769989013672 22.8589992523193 22.7642498016357 22.6259994506836 22.41575050354 22.2397499084473 22.1709156036377 22.152416229248 22.1590003967285 22.1739158630371 22.2231674194336 22.2240829467773 22.222749710083 22.2176666259766 22.2115840911865 22.1847496032715 22.1441669464111 22.0949172973633 22.0087509155273 21.8703327178955 21.7854175567627 21.9013328552246 22.0162506103516 22.1438331604004 22.230167388916 22.298999786377 22.4408340454102 22.4929161071777 22.5580825805664 22.5582504272461 22.6089172363281 22.6774997711182 22.6995010375977 22.6434173583984
21.9600830078125 21.8924999237061 21.976749420166 22.0477504730225 21.9615840911865 22.0640830993652 21.9931659698486 22.1397495269775 22.105167388916 22.0209159851074 22.0873336791992 22.0460834503174 22.1494998931885 22.288667678833 22.3478336334229 22.4758338928223 22.5656661987305 22.5788326263428 22.7881660461426 22.8745822906494 22.8664169311523 22.7799167633057 22.6137504577637 22.4465827941895 22.3371658325195 22.2981662750244 22.2755832672119 22.2592506408691 22.2445831298828 22.1800003051758 22.1977500915527 22.1733341217041 22.2319164276123 22.2437496185303 22.2371673583984 22.2024993896484 22.1616668701172 22.1313323974609 22.0642490386963 22.03125 22.1007499694824 22.1842498779297 22.2328338623047 22.3212509155273 22.4274997711182 22.4654159545898 22.5127506256104 22.5833339691162 22.6023330688477 22.6176662445068 22.6480827331543 22.6881675720215 22.6591663360596
22.0499992370605 22.0230007171631 21.9763336181641 22.0722503662109 22.2285003662109 22.2054996490479 22.1835823059082 22.2528324127197 22.257833480835 22.1918334960938 22.2192497253418 22.3043327331543 22.2817497253418 22.3986663818359 22.3627490997314 22.3997497558594 22.5046672821045 22.5940837860107 22.7334175109863 22.7754993438721 22.7494163513184 22.7164993286133 22.6435832977295 22.4262504577637 22.4088325500488 22.3746662139893 22.3463325500488 22.3084163665771 22.2765827178955 22.2729167938232 22.2077503204346 22.1598339080811 22.1970825195312 22.2614994049072 22.2761669158936 22.2933330535889 22.2742500305176 22.2759170532227 22.2866668701172 22.3696670532227 22.4141674041748 22.3716659545898 22.3910827636719 22.4749164581299 22.478666305542 22.4850006103516 22.5299167633057 22.5619163513184 22.6064167022705 22.5999164581299 22.6499996185303 22.6861667633057 22.6730842590332
22.1069164276123 22.1737499237061 22.2176666259766 22.1693325042725 22.1387500762939 22.13108253479 22.255500793457 22.4277496337891 22.4750843048096 22.5094165802002 22.4624996185303 22.5729160308838 22.4305839538574 22.3266658782959 22.4051666259766 22.4808330535889 22.5171661376953 22.5210838317871 22.4979991912842 22.6143341064453 22.6093330383301 22.617166519165 22.5634994506836 22.4091663360596 22.4427490234375 22.4167499542236 22.3634166717529 22.3353328704834 22.3125 22.3330001831055 22.2700843811035 22.2439994812012 22.2235832214355 22.2399997711182 22.3076667785645 22.3512496948242 22.4184169769287 22.4774169921875 22.5164165496826 22.6791667938232 22.6840000152588 22.6279163360596 22.5403327941895 22.5446662902832 22.5445003509521 22.5515842437744 22.5924167633057 22.6321659088135 22.6457500457764 22.6066665649414 22.6226673126221 22.6461658477783 22.6474990844727
22.2598323822021 22.2062511444092 22.2733325958252 22.2589168548584 22.2348327636719 22.1536674499512 22.1161670684814 22.1730003356934 22.2880001068115 22.3450832366943 22.5660839080811 22.7316665649414 22.5513343811035 22.5070838928223 22.3440837860107 22.3732509613037 22.4095001220703 22.4785823822021 22.5244998931885 22.507999420166 22.533166885376 22.5166664123535 22.4726657867432 22.4117488861084 22.4298324584961 22.4287490844727 22.4023323059082 22.3985004425049 22.3811664581299 22.3780002593994 22.3766670227051 22.3077507019043 22.2689170837402 22.2453327178955 22.324499130249 22.3997497558594 22.5007495880127 22.6058330535889 22.6882495880127 22.8470840454102 22.86549949646 22.7214164733887 22.6345825195312 22.5954170227051 22.6045837402344 22.624584197998 22.5999164581299 22.6786670684814 22.6850833892822 22.621000289917 22.5370006561279 22.5620002746582 22.547248840332
22.2683334350586 22.2891674041748 22.2875003814697 22.2882499694824 22.2365837097168 22.0887489318848 21.9963321685791 22.1593341827393 22.3155002593994 22.4427509307861 22.4960842132568 22.4964160919189 22.6793327331543 22.5873336791992 22.4759998321533 22.3678340911865 22.3460826873779 22.3368339538574 22.34983253479 22.3603324890137 22.3508338928223 22.441333770752 22.3869171142578 22.382833480835 22.4016666412354 22.394416809082 22.4323329925537 22.4069175720215 22.3501663208008 22.380500793457 22.4250011444092 22.3831672668457 22.3245010375977 22.355167388916 22.3592491149902 22.4365825653076 22.5661659240723 22.6754169464111 22.7553329467773 22.8272495269775 22.8142509460449 22.7336673736572 22.6644172668457 22.6259994506836 22.6216659545898 22.6386661529541 22.6551666259766 22.6741676330566 22.6998329162598 22.6582508087158 22.4709167480469 22.4498329162598 22.3994159698486
22.2936668395996 22.3299160003662 22.3018341064453 22.2775840759277 22.1831665039062 22.1998329162598 22.0443325042725 22.1345844268799 22.2476673126221 22.3370838165283 22.509916305542 22.6162509918213 22.6690826416016 22.6480827331543 22.5292510986328 22.3859157562256 22.3903331756592 22.3980007171631 22.2627506256104 22.3084163665771 22.3146667480469 22.3175830841064 22.3064994812012 22.3471660614014 22.3455829620361 22.3627490997314 22.3741664886475 22.443000793457 22.4397506713867 22.4629173278809 22.5247497558594 22.4534168243408 22.4187507629395 22.4570827484131 22.4615840911865 22.4840831756592 22.5697498321533 22.6780834197998 22.7162494659424 22.7450828552246 22.7390003204346 22.7076663970947 22.6284999847412 22.6153335571289 22.6376667022705 22.6319999694824 22.6412506103516 22.6925830841064 22.734582901001 22.6596660614014 22.4859161376953 22.3487491607666 22.2914161682129
22.3589172363281 22.3535003662109 22.2887496948242 22.2569999694824 22.2744998931885 22.2448329925537 22.2540836334229 22.2648334503174 22.1881675720215 22.2439994812012 22.3954162597656 22.5439167022705 22.5620002746582 22.6294994354248 22.5394992828369 22.4377498626709 22.4018325805664 22.3537502288818 22.3406658172607 22.3465843200684 22.3826675415039 22.3686656951904 22.314416885376 22.3851661682129 22.4244174957275 22.4591674804688 22.4845008850098 22.5100002288818 22.5622501373291 22.6285839080811 22.6766662597656 22.5917510986328 22.5556678771973 22.4874172210693 22.4779167175293 22.5275840759277 22.5573329925537 22.5932502746582 22.6840000152588 22.6975841522217 22.6659164428711 22.6238327026367 22.6169166564941 22.6258335113525 22.6488342285156 22.6702499389648 22.6690006256104 22.7571659088135 22.7957496643066 22.7254161834717 22.5731678009033 22.3490009307861 22.2425842285156
22.4230823516846 22.4134998321533 22.3430843353271 22.3478336334229 22.3767490386963 22.4053344726562 22.3980827331543 22.4224166870117 22.3026657104492 22.2980003356934 22.3008327484131 22.4447498321533 22.5544166564941 22.6030826568604 22.6159172058105 22.5290832519531 22.4775829315186 22.3722496032715 22.3389167785645 22.4260005950928 22.4014167785645 22.3480834960938 22.4134998321533 22.4982490539551 22.5475006103516 22.5580825805664 22.5716667175293 22.6165828704834 22.6946659088135 22.8082504272461 22.8409175872803 22.7431659698486 22.6641674041748 22.5576667785645 22.5164165496826 22.5637493133545 22.5906658172607 22.5782508850098 22.5957489013672 22.6472492218018 22.6321659088135 22.6084995269775 22.5933322906494 22.6045837402344 22.6168327331543 22.6849174499512 22.714750289917 22.7680835723877 22.8379173278809 22.8850002288818 22.7107486724854 22.5359172821045 22.4019165039062
22.5428333282471 22.4849166870117 22.4724159240723 22.4566669464111 22.4518337249756 22.4702491760254 22.5613327026367 22.4999160766602 22.345666885376 22.4223327636719 22.4908332824707 22.4750843048096 22.5580005645752 22.6268329620361 22.5875835418701 22.6020832061768 22.5382499694824 22.4045829772949 22.4271659851074 22.4750003814697 22.5014991760254 22.4602508544922 22.5157508850098 22.5446662902832 22.5543346405029 22.525333404541 22.5031661987305 22.5435829162598 22.5952491760254 22.648832321167 22.6706657409668 22.6438331604004 22.6308326721191 22.601749420166 22.6386661529541 22.6464176177979 22.6284160614014 22.6675834655762 22.6270008087158 22.6054172515869 22.603666305542 22.6067504882812 22.6007499694824 22.591667175293 22.613582611084 22.68141746521 22.7600841522217 22.8495006561279 22.9286670684814 23.0113334655762 22.9949169158936 22.9445838928223 22.8737506866455
22.6671657562256 22.5669994354248 22.611499786377 22.6009998321533 22.5550842285156 22.667667388916 22.7726669311523 22.6821670532227 22.4537487030029 22.4457492828369 22.5754165649414 22.5181655883789 22.6044158935547 22.5230007171631 22.5454998016357 22.5325832366943 22.4654998779297 22.5149993896484 22.5438327789307 22.5276660919189 22.5278339385986 22.5655002593994 22.5791664123535 22.6056671142578 22.6232509613037 22.5928344726562 22.5596656799316 22.589916229248 22.5587501525879 22.5424995422363 22.5544166564941 22.5621662139893 22.6386661529541 22.6577491760254 22.707332611084 22.7105827331543 22.7185840606689 22.7446670532227 22.7186660766602 22.6560821533203 22.6181659698486 22.5939998626709 22.6030006408691 22.6025009155273 22.6247501373291 22.6792488098145 22.7746658325195 22.9111671447754 23.00950050354 23.1525001525879 23.1826667785645 23.214916229248 23.1510829925537
22.5532493591309 22.6294994354248 22.7940006256104 22.8625831604004 22.8304996490479 22.7661666870117 22.8136672973633 22.6808338165283 22.5069160461426 22.519832611084 22.5722503662109 22.5665836334229 22.5751667022705 22.5454158782959 22.5147495269775 22.6022491455078 22.4772491455078 22.4953327178955 22.571834564209 22.6046657562256 22.6380004882812 22.6173324584961 22.6476669311523 22.702917098999 22.6677494049072 22.6590824127197 22.6895008087158 22.689416885376 22.6379165649414 22.6093330383301 22.6977500915527 22.6724166870117 22.6875 22.7485828399658 22.767333984375 22.7585830688477 22.7739162445068 22.7747497558594 22.7664165496826 22.7389163970947 22.6607494354248 22.6275005340576 22.6260833740234 22.6274166107178 22.6589164733887 22.6998329162598 22.7901668548584 22.8990840911865 22.9973335266113 23.1199169158936 23.2167491912842 23.2477493286133 23.2210006713867
22.3336658477783 22.4998340606689 22.7509155273438 22.8977508544922 22.9179172515869 22.9260005950928 22.9042491912842 22.7343330383301 22.6244163513184 22.5704174041748 22.5502490997314 22.6457500457764 22.5262489318848 22.5654163360596 22.5212497711182 22.6128330230713 22.5519161224365 22.4895839691162 22.6079998016357 22.6450824737549 22.6998329162598 22.708833694458 22.722583770752 22.7631664276123 22.8189163208008 22.8134174346924 22.7709999084473 22.6912498474121 22.7472496032715 22.7644996643066 22.7981662750244 22.7999172210693 22.8111667633057 22.8178329467773 22.8395824432373 22.8510837554932 22.8653335571289 22.8875827789307 22.8501663208008 22.8287506103516 22.7289161682129 22.6780834197998 22.6849174499512 22.7002506256104 22.7303333282471 22.7631664276123 22.8217506408691 22.9055843353271 22.9731674194336 23.0471668243408 23.1739158630371 23.1787490844727 23.1304168701172
22.1314163208008 22.2450008392334 22.5049171447754 22.7406673431396 22.861499786377 22.9330005645752 22.9534168243408 22.8295841217041 22.786750793457 22.6910839080811 22.5780830383301 22.5108337402344 22.5979995727539 22.4994163513184 22.585750579834 22.6367492675781 22.482666015625 22.5083332061768 22.5914993286133 22.70924949646 22.7463340759277 22.7842502593994 22.7714996337891 22.7876663208008 22.80641746521 22.7959995269775 22.7929992675781 22.8136672973633 22.7845840454102 22.8043327331543 22.8574161529541 22.9249992370605 22.9132499694824 22.9098339080811 22.888500213623 22.8821659088135 22.9297504425049 22.9426670074463 22.927583694458 22.9156665802002 22.8775825500488 22.8115005493164 22.7906665802002 22.7893333435059 22.8395004272461 22.8614158630371 22.878833770752 22.9184169769287 22.9520835876465 22.9897499084473 23.0816669464111 23.1084995269775 23.0517501831055
22.0284996032715 22.2581672668457 22.4321670532227 22.5820007324219 22.59375 22.6564178466797 22.6304168701172 22.8322505950928 22.8696670532227 22.7929992675781 22.5648326873779 22.5636672973633 22.6061668395996 22.5715007781982 22.5879993438721 22.6947498321533 22.6291675567627 22.6702499389648 22.7509174346924 22.8390827178955 22.878999710083 22.8509998321533 22.8543338775635 22.8430004119873 22.851749420166 22.8534164428711 22.8429164886475 22.8726673126221 22.8827495574951 22.892333984375 22.9055004119873 22.9657497406006 22.9722499847412 22.9539165496826 22.9522495269775 22.9479160308838 22.9615001678467 22.9983329772949 22.9964160919189 22.9838333129883 22.9887504577637 22.9907493591309 22.9997501373291 23.0033340454102 22.9870834350586 22.9814167022705 22.9402503967285 22.9372501373291 22.9646663665771 22.988166809082 23.0252494812012 23.0283336639404 23.0022506713867
22.3278331756592 22.3476676940918 22.3659992218018 22.5090007781982 22.7150001525879 22.6674175262451 22.6654987335205 22.5289993286133 22.6023330688477 22.8070831298828 22.6201667785645 22.6099166870117 22.6101665496826 22.6893329620361 22.6291675567627 22.6772499084473 22.642333984375 22.6105842590332 22.7474994659424 22.8055000305176 22.8589172363281 22.9460830688477 22.9091663360596 22.943000793457 22.9074993133545 22.9134998321533 22.9359169006348 22.9498329162598 22.9696674346924 22.9446659088135 22.9524993896484 22.9380836486816 22.9741668701172 22.9642505645752 22.94358253479 22.9523334503174 22.9860000610352 23.0200824737549 23.0497493743896 23.0439167022705 23.0806674957275 23.0845832824707 23.1059169769287 23.1163330078125 23.0926666259766 23.087833404541 23.0249156951904 22.980583190918 23.0214157104492 23.0189170837402 23.0179996490479 23.0103340148926 22.9924163818359
22.3494167327881 22.4703330993652 22.6699161529541 22.566333770752 22.5675830841064 22.7747497558594 22.8048324584961 22.5744171142578 22.6202507019043 22.6313323974609 22.7660827636719 22.7406673431396 22.7264175415039 22.7304172515869 22.7590007781982 22.7194175720215 22.6776676177979 22.6367492675781 22.7917499542236 22.8688335418701 22.9005832672119 22.9108333587646 22.9901676177979 22.9904155731201 23.0449161529541 23.06858253479 23.1049175262451 23.1339168548584 23.1152496337891 23.0779991149902 23.0042495727539 22.9728336334229 22.9185829162598 22.9572505950928 22.8616676330566 22.9600830078125 23.0515003204346 23.1098327636719 23.1098327636719 23.1256675720215 23.1753330230713 23.1788330078125 23.164083480835 23.1700000762939 23.1457500457764 23.1278324127197 23.1206665039062 23.1295833587646 23.0929164886475 23.0305004119873 23.0222492218018 23.0051670074463 23.0108337402344
