layers/tmax11.asc
NCOLS 292 
NROWS 291 
XLLCORNER -87.6458333327872 
YLLCORNER 24.4791666666667 
CELLSIZE 0.0416666666669039 
NODATA_value -3.4e+38 
[rows 72 to 95 of 291, columns 106 to 158 of 292]
24.5096664428711 24.4162502288818 24.4317493438721 24.4155826568604 24.4807510375977 24.5029163360596 24.4218330383301 24.3719997406006 24.3676662445068 24.3600006103516 24.2983341217041 24.3140830993652 24.4276657104492 24.480749130249 24.5623340606689 24.7264995574951 24.855583190918 24.8000831604004 24.7069988250732 24.5366668701172 24.605583190918 24.6337509155273 24.7914161682129 24.8241672515869 24.9016666412354 24.9893341064453 25.02174949646 25.0469169616699 25.0255832672119 24.8314990997314 24.5375823974609 24.685417175293 24.8917503356934 24.7838325500488 24.9549999237061 24.9207496643066 24.8322505950928 24.9398326873779 25.0263328552246 24.9294166564941 24.9487495422363 24.9899997711182 24.8777503967285 24.7706661224365 24.7687492370605 24.7897491455078 24.769250869751 24.7509174346924 24.7625007629395 24.8656673431396 24.9323329925537 24.9672508239746 24.9867496490479
24.5577487945557 24.5049991607666 24.5840835571289 24.4790840148926 24.5239162445068 24.501916885376 24.5517501831055 24.4954166412354 24.3775005340576 24.3861675262451 24.3245010375977 24.3950004577637 24.4549999237061 24.4820003509521 24.7087497711182 24.767915725708 24.8587493896484 24.8250827789307 24.7093334197998 24.5408344268799 24.6224174499512 24.6627502441406 24.7038326263428 24.7309169769287 24.867166519165 24.83766746521 24.8005828857422 24.9589996337891 25.1424999237061 25.1174163818359 24.7584991455078 24.8560829162598 25.0750007629395 25.0669174194336 25.0553340911865 25.0964164733887 24.9717502593994 24.9854164123535 25.0090827941895 25.1004161834717 25.0532493591309 25.027250289917 25.0965003967285 25.0445003509521 24.8735008239746 24.875 24.8709163665771 24.8781661987305 24.8894996643066 25.0191669464111 25.0600833892822 25.0023326873779 25.0188331604004
24.5943336486816 24.6450004577637 24.6019172668457 24.5865001678467 24.4965000152588 24.4944171905518 24.5145835876465 24.5294170379639 24.5427494049072 24.4312496185303 24.3866653442383 24.5134162902832 24.4664993286133 24.556999206543 24.6985836029053 24.6180000305176 24.7594165802002 24.7068328857422 24.6515007019043 24.4590835571289 24.5634994506836 24.668249130249 24.5483341217041 24.6939163208008 24.8098335266113 24.7129993438721 24.7049160003662 24.8938331604004 25.0947494506836 25.2829990386963 25.0575828552246 25.1801662445068 25.3053340911865 25.1156673431396 25.1119995117188 25.0867500305176 25.0646667480469 25.1054172515869 25.1386661529541 25.1653327941895 25.0769996643066 25.0369167327881 25.0524158477783 25.1157493591309 25.0779991149902 24.9825000762939 24.9766674041748 25.0086669921875 25.0022487640381 25.0496673583984 25.0637512207031 25.1016674041748 25.1040000915527
24.7099170684814 24.6731662750244 24.5524997711182 24.6342506408691 24.5311660766602 24.4239158630371 24.4629173278809 24.5603332519531 24.7134990692139 24.6175003051758 24.3736667633057 24.4630832672119 24.4225006103516 24.5101661682129 24.5075836181641 24.5340003967285 24.5816669464111 24.5746669769287 24.568000793457 24.5048332214355 24.6612491607666 24.5843334197998 24.5900001525879 24.7922496795654 24.6829166412354 24.6307487487793 24.7392501831055 24.8649158477783 24.9613342285156 25.3349990844727 25.4806671142578 25.4352493286133 25.1325836181641 25.1125831604004 25.2291660308838 25.2084999084473 25.1637496948242 25.1862506866455 25.2500839233398 25.2379169464111 25.0939159393311 25.0848331451416 25.1012496948242 25.1142501831055 25.1116676330566 25.0542507171631 25.0452499389648 25.0653343200684 25.0870838165283 25.1229991912842 25.1235008239746 25.1459999084473 25.1192493438721
24.7547512054443 24.7701663970947 24.6939163208008 24.7119159698486 24.6889171600342 24.5973339080811 24.601583480835 24.6592502593994 24.6485824584961 24.7290000915527 24.5424995422363 24.5081672668457 24.605583190918 24.5797500610352 24.5590839385986 24.6563339233398 24.650749206543 24.675666809082 24.677417755127 24.4804992675781 24.5370826721191 24.4316673278809 24.5255832672119 24.6908340454102 24.6705837249756 24.6937503814697 24.7509994506836 25.0255832672119 25.0657501220703 25.5497493743896 25.6050834655762 25.5889167785645 25.3204174041748 25.2155838012695 25.2697505950928 25.3240833282471 25.2600002288818 25.2875823974609 25.36891746521 25.2837505340576 25.1724166870117 25.1365833282471 25.0840835571289 25.103666305542 25.0739994049072 25.0580005645752 25.0309162139893 25.0955009460449 25.1319160461426 25.1817493438721 25.2103328704834 25.2118339538574 25.2095832824707
24.8893337249756 24.966667175293 24.8966674804688 24.9366664886475 24.9535007476807 24.8267498016357 24.7058334350586 24.5401668548584 24.6283340454102 24.7263336181641 24.7495002746582 24.6714172363281 24.6046657562256 24.7094173431396 24.543249130249 24.4774990081787 24.6069164276123 24.7234172821045 24.7843341827393 24.6826667785645 24.7687492370605 24.5923328399658 24.6182498931885 24.7429161071777 24.6976661682129 24.8223323822021 25.0454177856445 24.9167499542236 25.1817493438721 25.5454158782959 25.7872505187988 25.7138328552246 25.5990829467773 25.3389167785645 25.3474159240723 25.2898330688477 25.2885837554932 25.3262500762939 25.4183330535889 25.357084274292 25.3099994659424 25.2150840759277 25.172248840332 25.1248340606689 25.0046672821045 24.9580841064453 25.0710830688477 25.1839160919189 25.2881660461426 25.3220825195312 25.3307495117188 25.3552494049072 25.3640003204346
24.812084197998 25.0890827178955 25.148416519165 25.1179161071777 25.0146675109863 24.9501667022705 24.7608337402344 24.7035827636719 24.7906665802002 24.8754997253418 24.8854999542236 24.8226661682129 24.6744155883789 24.7388343811035 24.652416229248 24.5003337860107 24.5001659393311 24.6949157714844 24.7824172973633 24.8993339538574 24.8321666717529 24.6030826568604 24.7343330383301 24.8526668548584 24.7234992980957 24.7980823516846 25.0458335876465 25.1468334197998 25.2386665344238 25.4919166564941 25.7533340454102 25.7134170532227 25.6028327941895 25.535083770752 25.4326667785645 25.3660011291504 25.3834991455078 25.4177494049072 25.4442501068115 25.3762493133545 25.2995834350586 25.2244167327881 25.2125835418701 25.1864166259766 25.1275005340576 25.0295829772949 25.1909999847412 25.3758335113525 25.4193325042725 25.4425830841064 25.4371662139893 25.4262504577637 25.4814167022705
25.2810840606689 25.2955837249756 25.066499710083 25.1213340759277 25.0067501068115 24.8369178771973 24.7973327636719 24.8235836029053 24.8246669769287 24.8679161071777 24.9492492675781 24.8189163208008 24.6494159698486 24.6145839691162 24.7689990997314 24.5622501373291 24.5827503204346 24.5247497558594 24.6410007476807 24.7202491760254 24.7600841522217 24.8360004425049 24.9306659698486 24.8880004882812 24.7245826721191 24.8485832214355 24.9652500152588 25.0894165039062 25.2591667175293 25.3950824737549 25.4138336181641 25.4685840606689 25.5623340606689 25.5353336334229 25.5835838317871 25.5178337097168 25.5270004272461 25.4665832519531 25.404333114624 25.3662490844727 25.3419170379639 25.324499130249 25.3002490997314 25.3279991149902 25.3264999389648 25.3129997253418 25.4685840606689 25.635082244873 25.6646671295166 25.5874996185303 25.5123329162598 25.5144157409668 25.5388336181641
25.3136672973633 25.2054176330566 24.9738330841064 24.9972496032715 24.9812507629395 25.0030002593994 24.9084167480469 24.8502502441406 24.9438323974609 24.9130821228027 24.8980827331543 24.9929161071777 24.7740840911865 24.7054996490479 24.8267498016357 24.9027500152588 24.7780838012695 24.6312503814697 24.6241664886475 24.7232494354248 24.8071670532227 24.9341659545898 24.9404163360596 25.1004161834717 24.9785823822021 24.9110832214355 25.1519165039062 25.198917388916 25.213249206543 25.2625007629395 25.3604164123535 25.3846664428711 25.4169158935547 25.5010833740234 25.4941673278809 25.5405006408691 25.523416519165 25.4305000305176 25.4015007019043 25.3819999694824 25.4025001525879 25.3986663818359 25.4222507476807 25.4274158477783 25.4314994812012 25.4634170532227 25.6445007324219 25.8915824890137 25.8260841369629 25.6944999694824 25.603666305542 25.5647506713867 25.5734176635742
25.5098323822021 25.2493324279785 24.933666229248 24.8140830993652 25.0142498016357 25.0288333892822 25.0965824127197 24.9823341369629 24.886833190918 24.8874168395996 25.0345001220703 25.0442504882812 24.8472499847412 24.8740005493164 24.9912490844727 25.0482501983643 24.9074993133545 24.8625831604004 24.8638343811035 24.9014167785645 24.9253330230713 24.9489994049072 24.9344997406006 25.0079174041748 25.1361656188965 25.0979175567627 25.1035003662109 25.1218338012695 25.142333984375 25.1650829315186 25.1781673431396 25.2935009002686 25.3589172363281 25.4095840454102 25.4930839538574 25.5157508850098 25.5032501220703 25.4778327941895 25.4754161834717 25.4255828857422 25.439001083374 25.5255012512207 25.4899158477783 25.4701671600342 25.5087509155273 25.5574169158936 25.6534175872803 25.8384990692139 25.8409175872803 25.7339172363281 25.7020835876465 25.6493339538574 25.6165008544922
25.6500835418701 25.4347496032715 25.1707496643066 25.0464172363281 25.1049175262451 25.2123336791992 25.2999172210693 25.0694999694824 24.8973331451416 24.9237499237061 25.0716667175293 25.2339992523193 25.252082824707 25.1232490539551 24.9611663818359 25.1705837249756 24.9791660308838 25.0696659088135 25.0494995117188 25.1443328857422 25.105167388916 25.0830001831055 25.0769996643066 25.0620002746582 25.0201663970947 25.0757503509521 25.1928329467773 25.1828327178955 25.1361675262451 25.0487499237061 25.0746669769287 25.1849994659424 25.2778339385986 25.3580837249756 25.3848342895508 25.5469169616699 25.5696659088135 25.5596675872803 25.4930839538574 25.4608345031738 25.4840831756592 25.5507507324219 25.5907497406006 25.5550003051758 25.5239162445068 25.5803337097168 25.7335834503174 25.8559169769287 25.8401660919189 25.775749206543 25.7357501983643 25.7114162445068 25.7001667022705
25.801082611084 25.5236663818359 25.3159999847412 25.2375831604004 25.0205001831055 25.2302494049072 25.4124164581299 25.1768321990967 25.1399993896484 24.9750843048096 24.9392490386963 25.0666656494141 25.2704162597656 25.4241676330566 25.1074161529541 25.2690010070801 25.166166305542 25.2610836029053 25.2836666107178 25.2616653442383 25.2742500305176 25.1833343505859 25.0518341064453 24.9396667480469 24.9704170227051 25.007999420166 24.9971656799316 24.9484996795654 24.9909992218018 25.0013332366943 25.0745830535889 25.1310844421387 25.2339992523193 25.2973327636719 25.4267501831055 25.4997501373291 25.6001663208008 25.6307506561279 25.6247501373291 25.5969161987305 25.5597496032715 25.5755004882812 25.6737499237061 25.6424160003662 25.6272487640381 25.6520004272461 25.7512493133545 25.7957496643066 25.863166809082 25.8041667938232 25.7735824584961 25.7598323822021 25.7596664428711
25.841833114624 25.4759998321533 25.5068340301514 25.4221668243408 25.2709999084473 25.3758335113525 25.5503330230713 25.1792507171631 25.1965007781982 25.0884170532227 24.9639167785645 25.0434169769287 25.080249786377 25.2740001678467 25.4686660766602 25.2616672515869 25.4545001983643 25.3729991912842 25.4853343963623 25.4370002746582 25.4098339080811 25.3606662750244 25.2332496643066 25.105167388916 25.0632495880127 25.0790824890137 25.0486660003662 24.9565830230713 24.8521671295166 24.9293327331543 25.0204162597656 25.1917495727539 25.3155841827393 25.3487491607666 25.3959999084473 25.4523334503174 25.5093326568604 25.558500289917 25.6814994812012 25.7022495269775 25.6531658172607 25.6891670227051 25.7078342437744 25.7403335571289 25.7665824890137 25.7019996643066 25.7467498779297 25.7729167938232 25.8127498626709 25.8906669616699 25.8867492675781 25.8568344116211 25.8438339233398
25.8574161529541 25.6749992370605 25.6315002441406 25.6539993286133 25.3958339691162 25.4165000915527 25.5261669158936 25.3356666564941 25.2962493896484 25.0867500305176 24.9460010528564 25.0256671905518 25.1282501220703 25.2465000152588 25.46875 25.533332824707 25.4629173278809 25.5520000457764 25.6708335876465 25.556583404541 25.5342502593994 25.5229988098145 25.3595008850098 25.2463340759277 25.2784156799316 25.2557506561279 25.1726665496826 25.1284999847412 24.9731674194336 24.9675827026367 25.0940837860107 25.2098331451416 25.2458343505859 25.4290008544922 25.5135822296143 25.5011672973633 25.5378341674805 25.5934162139893 25.6352500915527 25.6980838775635 25.7624168395996 25.7626667022705 25.7331676483154 25.7250823974609 25.7379169464111 25.7572498321533 25.7660007476807 25.8208332061768 25.8692493438721 25.8938331604004 25.9461669921875 25.998083114624 25.9602508544922
25.7548332214355 25.9738330841064 25.9806671142578 25.8400001525879 25.6322498321533 25.5219993591309 25.6819171905518 25.4675006866455 25.1604995727539 25.0387496948242 24.8974990844727 24.9349994659424 25.09983253479 25.326000213623 25.4181671142578 25.5509166717529 25.6187496185303 25.7369995117188 25.7397499084473 25.75950050354 25.6470832824707 25.6128330230713 25.5013332366943 25.349666595459 25.3587493896484 25.4399166107178 25.3680000305176 25.3217506408691 25.2012500762939 25.2011661529541 25.1372509002686 25.1497497558594 25.3142509460449 25.4249992370605 25.564582824707 25.592248916626 25.6242504119873 25.6469993591309 25.6316661834717 25.6712493896484 25.7392501831055 25.8688335418701 25.7722492218018 25.7905006408691 25.7466659545898 25.7849998474121 25.7962493896484 25.8320827484131 25.9149990081787 25.9459171295166 25.9662494659424 26.0111675262451 26.0582504272461
25.7904167175293 25.8333339691162 25.9457492828369 25.9254989624023 25.8019161224365 25.5851669311523 25.6429996490479 25.3102493286133 25.1097507476807 24.9574165344238 24.8886680603027 25.0496673583984 25.2038326263428 25.3558330535889 25.4449157714844 25.6127490997314 25.6473331451416 25.5624160766602 25.6539993286133 25.6806659698486 25.8259162902832 25.6469993591309 25.5339164733887 25.3739166259766 25.365083694458 25.4305839538574 25.5311660766602 25.5370826721191 25.5212497711182 25.4924163818359 25.4021663665771 25.3612499237061 25.5101661682129 25.5662498474121 25.5778331756592 25.5655002593994 25.6441669464111 25.8000831604004 25.7160835266113 25.8222503662109 25.9304161071777 26.0117492675781 25.9570827484131 25.8703327178955 25.8159999847412 25.8794174194336 25.9014167785645 25.9188327789307 25.9709167480469 26.0205001831055 26.0775833129883 26.1018333435059 26.1124992370605
25.7776660919189 25.777250289917 25.8147506713867 25.9393329620361 25.922082901001 25.7769165039062 25.7781658172607 25.3894996643066 25.0855827331543 24.9354991912842 24.9261665344238 25.0236663818359 25.1620006561279 25.2511672973633 25.3990001678467 25.5212497711182 25.6338329315186 25.7351665496826 25.658166885376 25.691333770752 25.6629161834717 25.7197494506836 25.5101661682129 25.4414157867432 25.4892501831055 25.5175838470459 25.5047492980957 25.5943336486816 25.7818336486816 25.7256660461426 25.6283340454102 25.6046676635742 25.5839157104492 25.5972499847412 25.7018337249756 25.720251083374 25.7104167938232 25.8117504119873 25.8975009918213 25.9447498321533 26.0144157409668 26.0637493133545 26.0746669769287 25.980583190918 25.9138336181641 25.9449157714844 25.9574165344238 26.0304164886475 26.0326671600342 26.0616664886475 26.0970001220703 26.114917755127 26.1692504882812
25.7719993591309 25.7595825195312 25.7194156646729 25.8041667938232 25.9499168395996 25.9602508544922 25.7775001525879 25.5520839691162 25.3804168701172 25.1434993743896 25.1580009460449 25.0993328094482 25.2945823669434 25.4169158935547 25.5305004119873 25.6660823822021 25.7080821990967 25.7865009307861 25.8099994659424 25.7274169921875 25.7337493896484 25.7311668395996 25.5934162139893 25.5752506256104 25.5896663665771 25.627082824707 25.6445007324219 25.7074165344238 25.8004169464111 25.8652496337891 25.8260841369629 25.7708339691162 25.679666519165 25.6599998474121 25.6287498474121 25.7367496490479 25.8024158477783 25.8337497711182 25.9570007324219 26.0287494659424 26.0341663360596 26.10325050354 26.1379165649414 26.0776672363281 26.0068321228027 25.9914989471436 25.9764175415039 25.9906673431396 26.048999786377 26.1159172058105 26.122917175293 26.160249710083 26.144832611084
25.7276668548584 25.7469158172607 25.8231658935547 25.8509998321533 25.8565006256104 26.0260009765625 25.9112510681152 25.5934162139893 25.443000793457 25.3512496948242 25.3603324890137 25.3924999237061 25.4117488861084 25.5748329162598 25.7179164886475 25.7514171600342 25.7239170074463 25.8060836791992 25.871166229248 25.8119163513184 25.8070831298828 25.8247489929199 25.777250289917 25.6926670074463 25.6999168395996 25.7412490844727 25.7564163208008 25.847749710083 25.880500793457 25.8842506408691 25.9286670684814 25.8358325958252 25.730749130249 25.771333694458 25.7243328094482 25.6334991455078 25.7879161834717 25.9246673583984 25.9621677398682 26.0260829925537 26.0850009918213 26.1003341674805 26.1604175567627 26.1342506408691 26.0340003967285 25.9895839691162 25.9580841064453 25.9950828552246 26.0718326568604 26.1394157409668 26.1940002441406 26.2416667938232 26.2901668548584
25.8129177093506 25.7842502593994 25.7474174499512 25.7583332061768 25.7641658782959 25.9064159393311 26.0414161682129 25.6959991455078 25.6248340606689 25.5329170227051 25.5542507171631 25.5711669921875 25.576000213623 25.5716667175293 25.6633338928223 25.9015007019043 25.9233322143555 25.8233337402344 25.8334159851074 25.8596668243408 25.8695831298828 25.8698329925537 25.8815822601318 25.8910007476807 25.8761672973633 25.8573341369629 25.8818340301514 25.9006671905518 25.9537506103516 25.9855003356934 25.9897499084473 25.8813343048096 25.7859992980957 25.8109169006348 25.7297496795654 25.6650829315186 25.7457504272461 25.8421669006348 25.9308338165283 25.9191665649414 25.9987506866455 26.0777492523193 26.1270008087158 26.1536674499512 26.0990009307861 26.0119171142578 25.9920825958252 26.0478324890137 26.1315002441406 26.1580009460449 26.1702499389648 26.2817497253418 26.4069995880127
25.7954998016357 25.7810840606689 25.8533344268799 25.808666229248 25.8076667785645 25.8593330383301 26.079833984375 25.8093338012695 25.8301658630371 25.669750213623 25.6698341369629 25.7401657104492 25.8192501068115 25.7574996948242 25.7693328857422 25.898250579834 26.0336666107178 25.9906673431396 25.8750839233398 25.8002510070801 25.8365001678467 25.9115829467773 25.8613338470459 25.8814163208008 25.8365001678467 25.8336658477783 25.8420009613037 25.8500003814697 25.8439998626709 25.9047508239746 25.9739170074463 25.9421672821045 25.8060836791992 25.8305835723877 25.7512493133545 25.6635837554932 25.7212505340576 25.7454166412354 25.8452491760254 25.9565830230713 25.9862499237061 26.0538330078125 26.1149997711182 26.1386661529541 26.0998344421387 26.0983333587646 26.0825824737549 26.1013336181641 26.1535835266113 26.1896667480469 26.2091674804688 26.3102493286133 26.4254169464111
25.6639995574951 25.747917175293 25.8414993286133 25.8221664428711 25.9189167022705 25.9798336029053 26.0872497558594 25.9722499847412 25.8346672058105 25.8388328552246 25.8144989013672 25.8757495880127 25.9085006713867 25.9160003662109 25.8432502746582 25.8934173583984 26 26.0468330383301 26.0200004577637 25.9222507476807 25.830249786377 25.9132499694824 25.8461666107178 25.8648338317871 25.7864170074463 25.7936668395996 25.7909164428711 25.8260822296143 25.9209995269775 25.9316673278809 25.9450836181641 25.8875827789307 25.8509998321533 25.7773342132568 25.7098331451416 25.6817493438721 25.7014999389648 25.8054161071777 25.7775840759277 25.8175830841064 25.8750839233398 25.9690837860107 26.089916229248 26.1224155426025 26.1155834197998 26.105167388916 26.1132507324219 26.1378326416016 26.1685009002686 26.2105007171631 26.2824172973633 26.3316669464111 26.455415725708
25.6599998474121 25.7384166717529 25.7704162597656 25.7830829620361 25.8683319091797 25.9147491455078 26.0954170227051 26.1180000305176 25.8998336791992 25.9726657867432 25.9000835418701 25.8540840148926 25.9759998321533 26.0230007171631 25.9790840148926 25.9342498779297 25.9074993133545 26.05641746521 26.1093330383301 26.0688323974609 25.9511661529541 26.0457496643066 26.0534172058105 25.9214992523193 25.917667388916 25.832332611084 25.8241672515869 25.8339996337891 25.8405838012695 25.925666809082 25.8595008850098 25.8454170227051 25.8317489624023 25.7875003814697 25.7363338470459 25.6878337860107 25.7318325042725 25.8229160308838 25.8701667785645 25.8278331756592 25.8600845336914 26.003999710083 26.0699996948242 26.1397495269775 26.1432495117188 26.1504993438721 26.1424999237061 26.1550006866455 26.1825828552246 26.2113342285156 26.2635822296143 26.3419990539551 26.4500827789307
25.6475830078125 25.6527500152588 25.7338333129883 25.7647495269775 25.8034172058105 25.9710006713867 26.0227508544922 26.1579170227051 26.005916595459 26.0468330383301 25.9875831604004 25.9268321990967 25.8824157714844 26.0160827636719 26.0629997253418 26.0215835571289 25.9300003051758 26.03125 26.1399993896484 26.1886672973633 26.076416015625 26.1106662750244 26.1438331604004 26.1175003051758 26.0228328704834 25.9449996948242 25.9545822143555 25.9303340911865 25.8490829467773 25.8339996337891 25.8300838470459 25.8364162445068 25.8059997558594 25.7653331756592 25.7654991149902 25.7556667327881 25.7735004425049 25.8112506866455 25.8924160003662 25.9090003967285 25.951416015625 25.9794998168945 26.0025005340576 26.1000003814697 26.1454162597656 26.1490001678467 26.1593341827393 26.1639995574951 26.1905822753906 26.2174167633057 26.2335834503174 26.2838344573975 26.361083984375
