layers/tmean9.asc
NCOLS 292 
NROWS 291 
XLLCORNER -87.6458333327872 
YLLCORNER 24.4791666666667 
CELLSIZE 0.0416666666669039 
NODATA_value -3.4e+38 
[rows 0 to 23 of 291, columns 159 to 211 of 292]
-3.4e+38 -3.4e+38 -3.4e+38 -3.4e+38 -3.4e+38 -3.4e+38 -3.4e+38 -3.4e+38 -3.4e+38 -3.4e+38 -3.4e+38 -3.4e+38 -3.4e+38 -3.4e+38 -3.4e+38 -3.4e+38 -3.4e+38 -3.4e+38 -3.4e+38 -3.4e+38 -3.4e+38 -3.4e+38 -3.4e+38 -3.4e+38 -3.4e+38 -3.4e+38 -3.4e+38 -3.4e+38 -3.4e+38 -3.4e+38 -3.4e+38 -3.4e+38 -3.4e+38 -3.4e+38 -3.4e+38 -3.4e+38 -3.4e+38 -3.4e+38 -3.4e+38 -3.4e+38 -3.4e+38 -3.4e+38 -3.4e+38 -3.4e+38 -3.4e+38 -3.4e+38 -3.4e+38 -3.4e+38 -3.4e+38 -3.4e+38 -3.4e+38 -3.4e+38 -3.4e+38
11.4769163131714 11.2504167556763 11.7577085494995 12.9269170761108 12.4384164810181 13.329291343689 13.5082921981812 13.6225414276123 13.7729997634888 13.8680419921875 13.967791557312 13.742208480835 13.4743747711182 13.7220420837402 13.9878749847412 14.1623334884644 14.1453332901001 14.2113752365112 14.2153749465942 14.1815004348755 14.180624961853 14.2441253662109 14.3411664962769 14.3710412979126 14.40012550354 14.3315830230713 14.3015832901001 14.3439588546753 14.4723749160767 14.4432497024536 -3.4e+38 -3.4e+38 -3.4e+38 -3.4e+38 -3.4e+38 -3.4e+38 -3.4e+38 -3.4e+38 -3.4e+38 -3.4e+38 -3.4e+38 -3.4e+38 -3.4e+38 -3.4e+38 -3.4e+38 14.9316253662109 14.8988332748413 14.8883333206177 14.8522081375122 14.8209581375122 14.8267078399658 14.7269163131714 14.7334585189819
11.5061664581299 11.1627082824707 12.2235422134399 13.3271245956421 13.3901672363281 13.5128335952759 13.6363334655762 13.6850833892822 13.9405832290649 14.0746250152588 14.0889587402344 13.9204587936401 13.768666267395 14.0192499160767 14.1267080307007 14.1677083969116 14.1953754425049 14.2500419616699 14.1722917556763 14.1464996337891 14.1740417480469 14.1733751296997 14.2636671066284 14.2620410919189 14.3699588775635 14.454249382019 14.3562078475952 14.5400419235229 14.6408748626709 14.6908330917358 14.689624786377 14.7094583511353 14.7274580001831 14.707124710083 14.8126249313354 14.931583404541 14.9686250686646 15.0295829772949 15.1090831756592 15.0492916107178 14.9913749694824 14.9352912902832 14.9862079620361 14.9027919769287 14.9231662750244 14.9150419235229 14.8516664505005 14.8697090148926 14.8062086105347 14.813666343689 14.9065828323364 14.7442502975464 14.7825412750244
11.2464580535889 11.9626665115356 13.1872081756592 13.3421669006348 13.5409164428711 13.6844997406006 13.7503747940063 13.7552499771118 13.9612083435059 14.125 14.0851249694824 13.9869995117188 14.0640420913696 14.1391668319702 14.104208946228 14.1619997024536 14.1407079696655 14.2268753051758 14.155083656311 14.1411247253418 14.1579999923706 14.182541847229 14.1979579925537 14.2844171524048 14.3497915267944 14.4774589538574 14.4962501525879 14.4629583358765 14.6675004959106 14.7430419921875 14.693416595459 14.7932910919189 14.7585000991821 14.7735414505005 14.8315000534058 14.882833480835 14.9437084197998 15.0206661224365 15.0644998550415 15.011791229248 14.9770421981812 14.9124584197998 14.9046249389648 14.8783750534058 14.8030834197998 14.8452501296997 14.8886661529541 14.976541519165 14.8776664733887 14.8710412979126 14.8682918548584 14.7427921295166 14.8697080612183
11.0122499465942 11.877124786377 13.2425832748413 13.5502080917358 13.6578330993652 13.6882495880127 13.8316669464111 13.9532089233398 13.8973331451416 13.9875831604004 14.1322498321533 14.1847915649414 14.1755838394165 14.2101249694824 14.091667175293 14.1942090988159 14.2794170379639 14.2233753204346 14.1596250534058 14.2363328933716 14.2370414733887 14.2344579696655 14.2222919464111 14.278208732605 14.3943338394165 14.4963750839233 14.5513334274292 14.608208656311 14.7302913665771 14.7473754882812 14.6999168395996 14.765625 14.841667175293 14.9359998703003 14.9704580307007 15.0036668777466 14.9848337173462 15.0339584350586 15.0614995956421 15.0783748626709 15.0414581298828 14.9809579849243 14.9834585189819 14.9243335723877 14.9547910690308 14.9932498931885 14.9607915878296 15.0106248855591 15.0128335952759 15.006667137146 14.9185419082642 14.774582862854 14.8264999389648
12.6175003051758 13.3879165649414 13.6690835952759 13.7526664733887 13.8188333511353 13.7641248703003 13.8508338928223 13.9956665039062 14.0888338088989 14.0728750228882 14.2407913208008 14.3083333969116 14.3001251220703 14.1388750076294 14.2566251754761 13.9442081451416 14.2221660614014 13.9326248168945 14.1675415039062 14.2288751602173 14.2740001678467 14.2937088012695 14.3056669235229 14.3610830307007 14.4853754043579 14.5361251831055 14.5555000305176 14.4632501602173 14.6126251220703 14.7110004425049 14.7502088546753 14.8147087097168 14.9196252822876 14.9651250839233 14.9910001754761 15.0007495880127 15.0453748703003 15.0599164962769 15.0566663742065 15.0225419998169 14.9995002746582 14.9924993515015 15.0469999313354 15.0032081604004 15.0601253509521 14.9172496795654 14.982458114624 15.0667495727539 15.1569166183472 15.1246252059937 14.9175834655762 14.8285417556763 14.7555828094482
13.929874420166 13.838041305542 13.822416305542 13.8090419769287 13.9747505187988 14.0316247940063 14.0351247787476 14.1256666183472 14.0999164581299 14.0798749923706 14.1638326644897 14.2667083740234 14.1197910308838 14.190375328064 14.3286666870117 14.289249420166 14.2463750839233 14.2786664962769 14.2895421981812 14.2623748779297 14.2335414886475 14.3139581680298 14.3422918319702 14.3609580993652 14.5280418395996 14.5601253509521 14.4881248474121 14.5198335647583 14.6614170074463 14.757791519165 14.8125829696655 14.9270000457764 14.9712505340576 14.9595413208008 14.9847917556763 15.0226249694824 15.0430002212524 15.0341243743896 15.055624961853 15.0399589538574 14.9918327331543 14.9695415496826 15.0469579696655 15.0115833282471 15.0130834579468 15.0423336029053 15.0746669769287 15.1535415649414 15.0665416717529 15.0307912826538 14.9772081375122 14.8196668624878 14.8063745498657
14.0423746109009 13.9939165115356 13.996208190918 14.0904169082642 14.2050828933716 14.3563327789307 14.2276668548584 14.2090005874634 14.1639575958252 14.2812080383301 14.2962083816528 14.3647918701172 14.3433332443237 14.4057922363281 14.4259166717529 14.2719163894653 14.2129583358765 14.2948331832886 14.3186254501343 14.3206663131714 14.2967081069946 14.2794170379639 14.3526668548584 14.4141664505005 14.6280832290649 14.6607084274292 14.6556663513184 14.7150001525879 14.7749166488647 14.8542919158936 14.9073333740234 14.9411249160767 14.9887084960938 15.0016250610352 15.0161666870117 15.0284585952759 15.0298748016357 15.0343751907349 15.0458745956421 15.0614585876465 15.0180416107178 15.025333404541 15.0385417938232 15.0645418167114 15.0854587554932 15.1385412216187 15.153374671936 15.1128330230713 15.0689172744751 15.0012083053589 14.9506254196167 14.8988752365112 14.8427505493164
14.1359586715698 14.1861667633057 14.3072919845581 14.3680000305176 14.4032497406006 14.4451665878296 14.3124580383301 14.2407503128052 14.2722911834717 14.2179584503174 14.233416557312 14.3987913131714 14.4259996414185 14.45787525177 14.41237449646 14.3540420532227 14.3317079544067 14.3317918777466 14.402458190918 14.374041557312 14.3472089767456 14.2151670455933 14.4572496414185 14.481499671936 14.69225025177 14.7230834960938 14.6872501373291 14.6945419311523 14.7757921218872 14.8556671142578 14.9242086410522 14.9490833282471 14.9935007095337 15.0050001144409 15.0096664428711 15.0142087936401 15.0056667327881 15.0272912979126 15.0539169311523 15.0691661834717 15.0798749923706 15.1434173583984 15.1555833816528 15.173999786377 15.1951246261597 15.2552499771118 15.2550830841064 15.1642913818359 15.0894994735718 15.052583694458 15.0235834121704 14.9544162750244 14.956916809082
14.4098339080811 14.4336671829224 14.4228754043579 14.3147916793823 14.2470836639404 14.2517080307007 14.3031663894653 14.3280000686646 14.2496662139893 14.3219165802002 14.3637084960938 14.3874588012695 14.4125423431396 14.4975414276123 14.485333442688 14.4730834960938 14.4587497711182 14.4842500686646 14.4339580535889 14.4969997406006 14.4682922363281 14.5246667861938 14.5450000762939 14.5395002365112 14.6658334732056 14.6207084655762 14.6679162979126 14.6899995803833 14.7817916870117 14.8473749160767 14.8931245803833 14.9342498779297 14.964750289917 14.9887495040894 15.0058336257935 15.0149583816528 15.0297079086304 15.0565414428711 15.0881252288818 15.1113748550415 15.1289167404175 15.1522083282471 15.2190837860107 15.2732915878296 15.2855415344238 15.2645835876465 15.2390832901001 15.2033338546753 15.1819162368774 15.1617498397827 15.1080837249756 15.0826244354248 15.0564165115356
14.2622909545898 14.2327919006348 14.2163753509521 14.2513332366943 14.3034582138062 14.4307079315186 14.4312086105347 14.4253749847412 14.394458770752 14.4173746109009 14.4595003128052 14.4823751449585 14.5078744888306 14.5120420455933 14.5039167404175 14.5212917327881 14.5279169082642 14.5037088394165 14.5534162521362 14.6306667327881 14.728458404541 14.7022085189819 14.5789165496826 14.6829586029053 14.6777505874634 14.5822086334229 14.5815420150757 14.6330003738403 14.7249164581299 14.8183755874634 14.8744583129883 14.9187498092651 14.9501667022705 14.9809169769287 15.0067920684814 15.0317916870117 15.0734996795654 15.1137084960938 15.1719169616699 15.1627922058105 15.1556663513184 15.1774168014526 15.2432498931885 15.2880001068115 15.2744169235229 15.2563753128052 15.2193336486816 15.1921663284302 15.1830415725708 15.1944589614868 15.1511669158936 15.1190414428711 14.9945411682129
13.9019584655762 13.9721670150757 14.2945003509521 14.4276247024536 14.44362449646 14.4530839920044 14.4458332061768 14.4087915420532 14.4331665039062 14.5158748626709 14.5721244812012 14.5780000686646 14.5741672515869 14.5388336181641 14.581916809082 14.5844583511353 14.5742502212524 14.6193332672119 14.6487493515015 14.6171245574951 14.6507501602173 14.6998748779297 14.7846250534058 14.7496252059937 14.6163749694824 14.5238332748413 14.4809169769287 14.6439170837402 14.8109169006348 14.8688335418701 14.8864583969116 14.9207916259766 14.959041595459 14.9858751296997 15.0217914581299 15.0734996795654 15.1087503433228 15.1460828781128 15.2024164199829 15.2014999389648 15.2121248245239 15.174750328064 15.2662086486816 15.3172082901001 15.262791633606 15.287917137146 15.2369995117188 15.2359580993652 15.2347917556763 15.2907085418701 15.2122077941895 15.0597496032715 14.8646249771118
14.3544578552246 14.4008750915527 14.4338331222534 14.4238328933716 14.4568748474121 14.4804162979126 14.5265417098999 14.519416809082 14.5226669311523 14.6014585494995 14.6192502975464 14.6432495117188 14.6436252593994 14.6388330459595 14.6641664505005 14.6019582748413 14.6372919082642 14.654333114624 14.5965414047241 14.6378335952759 14.7184162139893 14.7534160614014 14.7792081832886 14.7342920303345 14.642749786377 14.4005002975464 14.4475002288818 14.775333404541 14.923041343689 14.9445829391479 14.9258327484131 14.9380416870117 14.9927921295166 15.0187082290649 15.044958114624 15.1067914962769 15.1231250762939 15.155291557312 15.1622505187988 15.2186660766602 15.2525835037231 15.2574577331543 15.3307504653931 15.3439588546753 15.2954578399658 15.2910833358765 15.3191251754761 15.3345413208008 15.3111248016357 15.3402500152588 15.1737499237061 15.0099582672119 14.9484167098999
14.3788747787476 14.5010833740234 14.5382919311523 14.5290002822876 14.5734586715698 14.6508750915527 14.6549167633057 14.6266250610352 14.6867923736572 14.6936254501343 14.6838750839233 14.7070417404175 14.7797918319702 14.7913331985474 14.7655420303345 14.7436246871948 14.7046251296997 14.6617078781128 14.7055416107178 14.6968336105347 14.7259998321533 14.8037919998169 14.8173751831055 14.8632078170776 14.7621250152588 14.6882915496826 14.7351665496826 14.9156665802002 15.0456666946411 15.0329580307007 14.9863328933716 14.9800415039062 15.0377502441406 15.0359582901001 15.090916633606 15.1497077941895 15.2145414352417 15.2138328552246 15.2267084121704 15.267707824707 15.2562084197998 15.2436246871948 15.3054580688477 15.3609580993652 15.3699588775635 15.4302501678467 15.4527502059937 15.3808755874634 15.3167495727539 15.3240003585815 15.2704162597656 15.213791847229 15.2284164428711
14.5982494354248 14.6090421676636 14.5855417251587 14.6241664886475 14.6519165039062 14.7050838470459 14.8289995193481 14.728458404541 14.7560834884644 14.7726669311523 14.8455410003662 14.8323335647583 14.8207502365112 14.800666809082 14.8500413894653 14.8252086639404 14.808708190918 14.8079586029053 14.7635831832886 14.7865839004517 14.7942085266113 14.8597078323364 14.9557085037231 14.9902496337891 14.9778337478638 14.9601669311523 14.9792079925537 15.0134172439575 15.0380830764771 15.027416229248 15.0007915496826 15.0232915878296 15.0610828399658 15.0983333587646 15.0938749313354 15.1428747177124 15.1988334655762 15.216625213623 15.1902503967285 15.24387550354 15.2571249008179 15.2457494735718 15.3159160614014 15.4102087020874 15.4732084274292 15.4887914657593 15.4755411148071 15.4591665267944 15.4045419692993 15.3651666641235 15.3835000991821 15.3739585876465 15.3947916030884
14.5804996490479 14.6247911453247 14.6167497634888 14.6682500839233 14.7699584960938 14.7695417404175 14.8113746643066 14.8464164733887 14.8235416412354 14.8099164962769 14.8340826034546 14.8891248703003 14.8562078475952 14.8526248931885 14.8823337554932 14.9030838012695 14.9018335342407 14.9059162139893 14.8951244354248 14.876916885376 14.9007501602173 14.9695835113525 15.0368337631226 15.1017084121704 15.1391668319702 15.1163749694824 15.0620832443237 15.0444164276123 15.0400419235229 15.0184173583984 15.0178337097168 15.0273752212524 15.0457496643066 15.0727081298828 15.124249458313 15.1452503204346 15.1757497787476 15.221791267395 15.2365837097168 15.222583770752 15.25612449646 15.3090000152588 15.4020833969116 15.4348745346069 15.5132083892822 15.5555419921875 15.5847082138062 15.5849161148071 15.4168748855591 15.4417085647583 15.4216251373291 15.4779167175293 15.4889993667603
14.6210832595825 14.6168336868286 14.6840419769287 14.7473754882812 14.8256244659424 14.8535413742065 14.8784999847412 14.8312082290649 14.9243745803833 14.8757085800171 14.8533744812012 14.8618745803833 14.8950004577637 14.8767080307007 14.9239168167114 14.9720411300659 14.9724998474121 14.9676666259766 14.9661664962769 14.9830007553101 15.0094585418701 15.0218334197998 15.0980005264282 15.1740837097168 15.1373329162598 15.136833190918 15.1153745651245 15.0607080459595 15.0355834960938 15.013500213623 15.0232915878296 15.0172080993652 15.0335416793823 15.0729999542236 15.1101245880127 15.1311254501343 15.1597499847412 15.2135829925537 15.2582082748413 15.2561254501343 15.2723751068115 15.357250213623 15.4122915267944 15.4669170379639 15.5030832290649 15.6127920150757 15.6384582519531 15.6379585266113 15.5063753128052 15.5075836181641 15.4812917709351 15.4851245880127 15.5513753890991
14.6976661682129 14.6998338699341 14.7462501525879 14.7641668319702 14.8741664886475 14.8867082595825 14.9592914581299 14.9071664810181 14.9410829544067 14.9262084960938 14.8985834121704 14.8930006027222 14.9440422058105 14.9414577484131 14.9827919006348 15.0295000076294 15.0095415115356 15.0352916717529 15.1180000305176 15.1409997940063 15.111291885376 15.1132078170776 15.1326246261597 15.1794996261597 15.0480833053589 15.0935001373291 15.0853748321533 15.0658750534058 15.0520839691162 15.0242500305176 15.0064163208008 15.0117921829224 15.0475006103516 15.0607080459595 15.082124710083 15.1239995956421 15.1809167861938 15.2077913284302 15.2174997329712 15.2472085952759 15.3125839233398 15.3694581985474 15.4084997177124 15.4555835723877 15.5061254501343 15.5964584350586 15.6836252212524 15.6957082748413 15.5391664505005 15.4967498779297 15.4779996871948 15.5362911224365 15.563458442688
14.7287082672119 14.7676668167114 14.8101253509521 14.7777500152588 14.8362913131714 14.948166847229 14.9242086410522 14.9769582748413 14.9799995422363 15.0043325424194 14.983416557312 14.9525413513184 14.9959163665771 15.032958984375 15.0622911453247 15.0630836486816 15.0597915649414 15.1307916641235 15.1790828704834 15.1738328933716 15.1660413742065 15.163125038147 15.1861667633057 15.1929168701172 15.0490417480469 15.0228338241577 15.0257501602173 15.0387916564941 15.0307083129883 15.0171670913696 15.0080003738403 15.0126667022705 15.0157918930054 15.0237913131714 15.0453329086304 15.1145420074463 15.1558332443237 15.1857080459595 15.1996250152588 15.272500038147 15.3092498779297 15.3648748397827 15.3977079391479 15.4201250076294 15.494083404541 15.5433330535889 15.6001672744751 15.6127500534058 15.5438747406006 15.5002498626709 15.4963331222534 15.5573329925537 15.5237083435059
14.7806243896484 14.8433752059937 14.863374710083 14.9049587249756 14.9568338394165 14.9663753509521 14.9553337097168 14.9803743362427 15.0041255950928 15.0087089538574 15.0362920761108 15.0815830230713 15.0694580078125 15.099458694458 15.0868330001831 15.1314172744751 15.1732082366943 15.1885414123535 15.2045421600342 15.1889171600342 15.211874961853 15.1990833282471 15.1546249389648 15.0807495117188 15.1005830764771 15.1159582138062 15.059624671936 14.9777498245239 14.9837913513184 14.9768753051758 14.9680414199829 14.9425001144409 14.9757919311523 15.0183334350586 15.0445833206177 15.1012916564941 15.1245412826538 15.1708745956421 15.22487449646 15.239333152771 15.278416633606 15.3226251602173 15.3754167556763 15.3917922973633 15.5053749084473 15.5254583358765 15.5549583435059 15.5607500076294 15.4982500076294 15.5256252288818 15.515417098999 15.5157918930054 15.5212497711182
14.859582901001 14.9495830535889 14.9886665344238 14.9963750839233 15.0124168395996 14.9920415878296 14.9976253509521 15.0026664733887 15.0300416946411 14.9974164962769 15.0949583053589 15.1233749389648 15.1759166717529 15.2459163665771 15.185583114624 15.2537078857422 15.2719583511353 15.2424583435059 15.2259168624878 15.2247085571289 15.2458333969116 15.1842498779297 15.196457862854 15.173583984375 15.2434587478638 15.1909999847412 15.139458656311 15.0367918014526 14.9218330383301 14.8743753433228 14.825291633606 14.8505001068115 14.9793748855591 15.0354166030884 15.0547494888306 15.0800828933716 15.1390838623047 15.1988334655762 15.2164163589478 15.2333745956421 15.2369995117188 15.2874164581299 15.3675832748413 15.4182081222534 15.4932088851929 15.5127506256104 15.5521669387817 15.4829998016357 15.4682912826538 15.4757499694824 15.4895000457764 15.5307502746582 15.6005001068115
15.0413751602173 14.9730834960938 14.9361667633057 14.94837474823 14.9742088317871 15.0005826950073 15.0244159698486 15.0415830612183 15.0753746032715 15.1387500762939 15.1350002288818 15.0737504959106 15.1889171600342 15.2914161682129 15.3335409164429 15.3573751449585 15.3234167098999 15.304708480835 15.2717504501343 15.2358331680298 15.2118330001831 15.2007913589478 15.2084169387817 15.2228336334229 15.2500829696655 15.2502918243408 15.1405000686646 15.0014581680298 14.9236249923706 14.8299999237061 14.7934999465942 14.8448753356934 14.9842081069946 15.0685415267944 15.0851669311523 15.1163330078125 15.1840829849243 15.2062501907349 15.2117500305176 15.263708114624 15.2742500305176 15.3420829772949 15.3776245117188 15.4690828323364 15.4769172668457 15.4840002059937 15.4823331832886 15.4065418243408 15.4262084960938 15.4692916870117 15.5004587173462 15.5348339080811 15.588791847229
14.9879169464111 15.0398750305176 15.022500038147 14.9752082824707 14.9791669845581 15.0493335723877 15.0526666641235 15.0584163665771 15.1162919998169 15.137791633606 15.0938339233398 15.1934995651245 15.2790832519531 15.2648334503174 15.3257083892822 15.3713750839233 15.3509588241577 15.3169164657593 15.3170833587646 15.2908754348755 15.2658748626709 15.2437496185303 15.2302083969116 15.286416053772 15.3637504577637 15.3648328781128 15.19225025177 15.0940828323364 14.987416267395 14.8236665725708 14.8469581604004 14.9249582290649 15.0783748626709 15.1304998397827 15.154333114624 15.2114582061768 15.2159996032715 15.2415828704834 15.2912082672119 15.3142080307007 15.3284997940063 15.3669586181641 15.413875579834 15.4974164962769 15.5035839080811 15.4788751602173 15.4324588775635 15.4400835037231 15.4528331756592 15.4901666641235 15.5456247329712 15.5818748474121 15.6078338623047
15.0359163284302 15.0817918777466 15.1430416107178 15.0951671600342 15.0494585037231 15.0387916564941 15.0392084121704 15.0795001983643 15.0682916641235 15.0798749923706 15.1323747634888 15.1740417480469 15.1479997634888 15.2115001678467 15.1381254196167 15.3307085037231 15.3566665649414 15.3842916488647 15.3711252212524 15.360499382019 15.3805828094482 15.3849582672119 15.3797912597656 15.4582920074463 15.5436668395996 15.5968751907349 15.3248748779297 15.1822080612183 15.1016664505005 15.0506248474121 15.0879173278809 15.1747493743896 15.273458480835 15.2801666259766 15.3199996948242 15.3492918014526 15.3561668395996 15.3758745193481 15.4007501602173 15.4163751602173 15.4368743896484 15.4490413665771 15.5007915496826 15.5051250457764 15.4869585037231 15.4423332214355 15.4316673278809 15.4479999542236 15.5134162902832 15.520791053772 15.5659170150757 15.6319580078125 15.6705837249756
