layers/tmean11.asc
NCOLS 292 
NROWS 291 
XLLCORNER -87.6458333327872 
YLLCORNER 24.4791666666667 
CELLSIZE 0.0416666666669039 
NODATA_value -3.4e+38 
[rows 216 to 239 of 291, columns 106 to 158 of 292]
-3.4e+38 -3.4e+38 -3.4e+38 -3.4e+38 -3.4e+38 -3.4e+38 -3.4e+38 -3.4e+38 -3.4e+38 -3.4e+38 -3.4e+38 -3.4e+38 -3.4e+38 -3.4e+38 -3.4e+38 23.3336238861084 23.3337078094482 23.2298755645752 23.1106243133545 22.9862079620361 22.8684158325195 22.7620410919189 22.6992092132568 22.5835418701172 22.4836254119873 22.3918743133545 22.3715839385986 22.443000793457 22.5477085113525 22.6326675415039 22.6628742218018 22.6104164123535 22.527416229248 22.3972091674805 22.2680416107178 22.3822498321533 22.515209197998 22.542667388916 22.6124992370605 22.6809997558594 22.7949161529541 22.7823753356934 22.7503337860107 22.7236251831055 22.7574996948242 22.8462085723877 22.8743743896484 22.8026676177979 22.8281669616699 22.8480415344238 22.8497085571289 22.8140830993652 22.7799587249756
-3.4e+38 -3.4e+38 -3.4e+38 -3.4e+38 -3.4e+38 -3.4e+38 -3.4e+38 -3.4e+38 -3.4e+38 -3.4e+38 -3.4e+38 -3.4e+38 -3.4e+38 -3.4e+38 23.3607082366943 23.3167495727539 23.2922077178955 23.1994590759277 23.0925426483154 22.955207824707 22.8028335571289 22.7075424194336 22.6515827178955 22.5613327026367 22.4769592285156 22.4097080230713 22.3742504119873 22.4292907714844 22.5053749084473 22.6204586029053 22.6264171600342 22.5961246490479 22.4993743896484 22.3274993896484 22.1669158935547 22.3015422821045 22.4563751220703 22.5114574432373 22.5745010375977 22.6334171295166 22.7120418548584 22.7300415039062 22.7400417327881 22.7707920074463 22.8158740997314 22.8115005493164 22.8467502593994 22.8208751678467 22.86549949646 22.841667175293 22.824291229248 22.7875003814697 22.7884578704834
-3.4e+38 -3.4e+38 -3.4e+38 -3.4e+38 -3.4e+38 -3.4e+38 -3.4e+38 -3.4e+38 -3.4e+38 -3.4e+38 -3.4e+38 -3.4e+38 23.2592086791992 23.3063335418701 23.3400840759277 23.2649154663086 23.2375831604004 23.201042175293 23.0949993133545 22.9433746337891 22.783332824707 22.7146244049072 22.6744995117188 22.613166809082 22.5440006256104 22.4717502593994 22.4424571990967 22.4636669158936 22.5219993591309 22.6109161376953 22.6262912750244 22.6079998016357 22.5023326873779 22.363000869751 22.3080825805664 22.3692092895508 22.4360008239746 22.486665725708 22.5367088317871 22.595832824707 22.675666809082 22.6883754730225 22.7231254577637 22.7384166717529 22.8130416870117 22.8302917480469 22.8316669464111 22.8102912902832 22.8056259155273 22.8025417327881 22.7952919006348 22.8115005493164 22.8037071228027
-3.4e+38 -3.4e+38 -3.4e+38 -3.4e+38 -3.4e+38 -3.4e+38 -3.4e+38 -3.4e+38 -3.4e+38 -3.4e+38 -3.4e+38 -3.4e+38 -3.4e+38 23.2621669769287 23.2555408477783 23.2348747253418 23.2282905578613 23.1927490234375 23.0021667480469 22.829833984375 22.7477073669434 22.7100009918213 22.697208404541 22.6940002441406 22.648250579834 22.5944175720215 22.5797500610352 22.5711669921875 22.5858745574951 22.6290416717529 22.627124786377 22.5886249542236 22.5100002288818 22.4589996337891 22.4463748931885 22.4809589385986 22.5288753509521 22.5429992675781 22.5898742675781 22.6478328704834 22.6667079925537 22.6621246337891 22.7129573822021 22.7020416259766 22.7921657562256 22.824291229248 22.8151245117188 22.7953758239746 22.8080425262451 22.8609580993652 22.8759174346924 22.8738746643066 22.8618755340576
-3.4e+38 -3.4e+38 -3.4e+38 -3.4e+38 -3.4e+38 -3.4e+38 -3.4e+38 -3.4e+38 -3.4e+38 -3.4e+38 -3.4e+38 -3.4e+38 -3.4e+38 23.2164993286133 23.2019996643066 23.1580009460449 23.1641254425049 23.1372509002686 23.0286254882812 22.8809585571289 22.814208984375 22.7586669921875 22.6622085571289 22.6476249694824 22.6516246795654 22.6713333129883 22.6963329315186 22.6159591674805 22.61545753479 22.6222496032715 22.6021251678467 22.564790725708 22.5903759002686 22.5744590759277 22.521541595459 22.5329990386963 22.5547924041748 22.6032085418701 22.6637077331543 22.6404571533203 22.6515827178955 22.6394996643066 22.6984996795654 22.6952075958252 22.79075050354 22.8374996185303 22.8405418395996 22.8664989471436 22.8907489776611 22.9029998779297 22.9210834503174 22.9055004119873 22.9481239318848
-3.4e+38 -3.4e+38 -3.4e+38 -3.4e+38 -3.4e+38 -3.4e+38 -3.4e+38 -3.4e+38 -3.4e+38 -3.4e+38 -3.4e+38 -3.4e+38 -3.4e+38 -3.4e+38 23.2029991149902 23.1515426635742 23.1479167938232 23.1330413818359 23.0744590759277 22.9654998779297 22.9007911682129 22.8603744506836 22.7935409545898 22.793041229248 22.7960834503174 22.769416809082 22.7162914276123 22.654125213623 22.6349582672119 22.6044158935547 22.5877494812012 22.5837078094482 22.5882091522217 22.6048336029053 22.5887489318848 22.5797080993652 22.5657081604004 22.5838756561279 22.6279582977295 22.6022491455078 22.6242084503174 22.6584587097168 22.6965408325195 22.777416229248 22.7621250152588 22.8557510375977 22.9188747406006 22.9292087554932 22.9305000305176 22.9268321990967 22.949291229248 22.9620418548584 22.9782085418701
-3.4e+38 -3.4e+38 -3.4e+38 -3.4e+38 -3.4e+38 -3.4e+38 -3.4e+38 -3.4e+38 -3.4e+38 -3.4e+38 -3.4e+38 -3.4e+38 -3.4e+38 -3.4e+38 -3.4e+38 23.2037086486816 23.2114162445068 23.2279586791992 23.1759586334229 23.091667175293 23.0549163818359 23.0509586334229 22.9994583129883 23.0018329620361 22.9733753204346 22.8560829162598 22.7944583892822 22.6705837249756 22.6665420532227 22.6283321380615 22.6049995422363 22.5944156646729 22.5906257629395 22.6176662445068 22.5700416564941 22.5474166870117 22.5641250610352 22.5873336791992 22.6203327178955 22.608959197998 22.6118755340576 22.6675834655762 22.6793327331543 22.7629585266113 22.757999420166 22.8415832519531 22.9229164123535 22.9293746948242 22.9372081756592 22.972749710083 22.9859161376953 22.9911670684814 22.9873332977295
-3.4e+38 -3.4e+38 -3.4e+38 -3.4e+38 -3.4e+38 -3.4e+38 -3.4e+38 -3.4e+38 -3.4e+38 -3.4e+38 -3.4e+38 -3.4e+38 -3.4e+38 -3.4e+38 -3.4e+38 -3.4e+38 23.3179168701172 23.3412914276123 23.2630004882812 23.2079162597656 23.1677494049072 23.1636238098145 23.144832611084 23.1586666107178 23.0332508087158 22.8778743743896 22.7665424346924 22.6891670227051 22.6641254425049 22.6171245574951 22.6380825042725 22.6103744506836 22.6115417480469 22.6044578552246 22.5722503662109 22.5745830535889 22.5850830078125 22.5976657867432 22.6029586791992 22.5722503662109 22.5875835418701 22.6712913513184 22.7084579467773 22.7272491455078 22.744457244873 22.7830829620361 22.9048328399658 22.9371242523193 22.9624996185303 22.9964580535889 23.0460834503174 23.0283756256104 23.0120410919189
-3.4e+38 -3.4e+38 -3.4e+38 -3.4e+38 -3.4e+38 -3.4e+38 -3.4e+38 -3.4e+38 -3.4e+38 -3.4e+38 -3.4e+38 -3.4e+38 -3.4e+38 -3.4e+38 -3.4e+38 -3.4e+38 -3.4e+38 23.4435424804688 23.3668746948242 23.282958984375 23.2504577636719 23.2295417785645 23.2344169616699 23.1506252288818 23.0423755645752 22.9186248779297 22.8230419158936 22.7408332824707 22.7002086639404 22.6557922363281 22.6425838470459 22.6607494354248 22.6950416564941 22.61545753479 22.5844173431396 22.599666595459 22.6075000762939 22.6077079772949 22.5990829467773 22.5784168243408 22.6456260681152 22.6807079315186 22.7287921905518 22.6946659088135 22.7399997711182 22.7558746337891 22.8663749694824 22.9595413208008 22.9984169006348 23.0628757476807 23.1008338928223 23.1001243591309 23.0604991912842
-3.4e+38 -3.4e+38 -3.4e+38 -3.4e+38 -3.4e+38 -3.4e+38 -3.4e+38 -3.4e+38 -3.4e+38 -3.4e+38 -3.4e+38 -3.4e+38 -3.4e+38 -3.4e+38 -3.4e+38 -3.4e+38 -3.4e+38 23.5488739013672 23.5051670074463 23.3560409545898 23.2974166870117 23.2579574584961 23.207332611084 23.1260833740234 23.0433330535889 22.9325428009033 22.8577079772949 22.793041229248 22.7403755187988 22.7239589691162 22.6816673278809 22.6658744812012 22.7291660308838 22.6330833435059 22.6173324584961 22.6376667022705 22.6459579467773 22.6519165039062 22.6655826568604 22.6256656646729 22.6854991912842 22.7441673278809 22.7424583435059 22.7001667022705 22.7110843658447 22.7103328704834 22.8449592590332 22.9711246490479 23.0448760986328 23.1307506561279 23.1770000457764 23.2044582366943 23.1765003204346
-3.4e+38 -3.4e+38 -3.4e+38 -3.4e+38 -3.4e+38 -3.4e+38 -3.4e+38 -3.4e+38 -3.4e+38 -3.4e+38 -3.4e+38 -3.4e+38 -3.4e+38 -3.4e+38 -3.4e+38 -3.4e+38 -3.4e+38 -3.4e+38 23.6593761444092 23.4894580841064 23.31862449646 23.232250213623 23.1842079162598 23.1242084503174 23.0275421142578 22.9457912445068 22.8853740692139 22.8645839691162 22.8269157409668 22.7861671447754 22.7242908477783 22.7291240692139 22.7173328399658 22.6676254272461 22.6346664428711 22.641040802002 22.6712493896484 22.6803340911865 22.7091255187988 22.7349586486816 22.7781658172607 22.7878322601318 22.7748756408691 22.744083404541 22.7174587249756 22.6737079620361 22.855167388916 23.0045833587646 23.1070423126221 23.1882495880127 23.2697086334229 23.3107089996338 23.2916660308838
-3.4e+38 -3.4e+38 -3.4e+38 -3.4e+38 -3.4e+38 -3.4e+38 -3.4e+38 -3.4e+38 -3.4e+38 -3.4e+38 -3.4e+38 -3.4e+38 -3.4e+38 -3.4e+38 -3.4e+38 -3.4e+38 -3.4e+38 -3.4e+38 23.7969169616699 23.6342086791992 23.3670845031738 23.2454586029053 23.1535835266113 23.1035423278809 23.0633335113525 22.9867916107178 22.9789161682129 22.9441661834717 22.8880424499512 22.8624992370605 22.8179168701172 22.744665145874 22.713249206543 22.691499710083 22.6814994812012 22.6910419464111 22.7307090759277 22.7544174194336 22.7790012359619 22.7865409851074 22.8335418701172 22.804666519165 22.8139591217041 22.8052082061768 22.7717094421387 22.7490425109863 22.9144592285156 23.0677089691162 23.1748332977295 23.2757911682129 23.378791809082 23.4373340606689 23.4160842895508
-3.4e+38 -3.4e+38 -3.4e+38 -3.4e+38 -3.4e+38 -3.4e+38 -3.4e+38 -3.4e+38 -3.4e+38 -3.4e+38 -3.4e+38 -3.4e+38 -3.4e+38 -3.4e+38 -3.4e+38 -3.4e+38 -3.4e+38 -3.4e+38 -3.4e+38 23.4378337860107 23.3661670684814 23.2768745422363 23.2168750762939 23.1573333740234 23.1110000610352 23.1065826416016 23.1247081756592 23.0665836334229 23.0446243286133 23.0212497711182 22.9142074584961 22.8559169769287 22.837833404541 22.8096256256104 22.798999786377 22.7910423278809 22.786958694458 22.7609996795654 22.7918758392334 22.7898330688477 22.8404998779297 22.8449172973633 22.8552494049072 22.9084587097168 22.8976249694824 22.8640823364258 23.0412502288818 23.1401672363281 23.2336673736572 23.3646240234375 23.5069160461426 23.5909156799316 23.57204246521
-3.4e+38 -3.4e+38 -3.4e+38 -3.4e+38 -3.4e+38 -3.4e+38 -3.4e+38 -3.4e+38 -3.4e+38 -3.4e+38 -3.4e+38 -3.4e+38 -3.4e+38 -3.4e+38 -3.4e+38 -3.4e+38 -3.4e+38 -3.4e+38 -3.4e+38 23.3391246795654 23.3833332061768 23.3402080535889 23.2852077484131 23.2767505645752 23.301082611084 23.3115425109863 23.3390007019043 23.3013744354248 23.2705821990967 23.2093753814697 23.0592498779297 23.0062084197998 22.9789161682129 22.9419574737549 22.8885822296143 22.8572082519531 22.8396244049072 22.8256244659424 22.8637924194336 22.8563747406006 22.8956661224365 22.9424571990967 22.9484577178955 22.9549160003662 22.9458332061768 23.0222911834717 23.121374130249 23.2030410766602 23.2884578704834 23.4317092895508 23.5585403442383 23.6818332672119 23.6531677246094
-3.4e+38 -3.4e+38 -3.4e+38 -3.4e+38 -3.4e+38 -3.4e+38 -3.4e+38 -3.4e+38 -3.4e+38 -3.4e+38 -3.4e+38 -3.4e+38 -3.4e+38 -3.4e+38 -3.4e+38 -3.4e+38 -3.4e+38 -3.4e+38 -3.4e+38 -3.4e+38 23.4751243591309 23.4477920532227 23.4055824279785 23.4890003204346 23.5115413665771 23.545166015625 23.591625213623 23.5631256103516 23.4798336029053 23.4336261749268 23.259708404541 23.1134166717529 23.0502910614014 22.9747505187988 22.939582824707 22.8901252746582 22.8600425720215 22.8705406188965 22.8676242828369 22.9068756103516 22.9363746643066 22.9945831298828 23.0202083587646 23.0226669311523 23.0199165344238 23.0913333892822 23.1849174499512 23.249792098999 23.320291519165 23.4302501678467 23.5098743438721 23.5909156799316 23.5655841827393
-3.4e+38 -3.4e+38 -3.4e+38 -3.4e+38 -3.4e+38 -3.4e+38 -3.4e+38 -3.4e+38 -3.4e+38 -3.4e+38 -3.4e+38 -3.4e+38 -3.4e+38 -3.4e+38 -3.4e+38 -3.4e+38 -3.4e+38 -3.4e+38 -3.4e+38 -3.4e+38 23.5012092590332 23.5522918701172 23.5429573059082 23.6083335876465 23.6989994049072 23.7179584503174 23.6970405578613 23.6805839538574 23.6838340759277 23.6247081756592 23.4074993133545 23.1821250915527 23.0820407867432 23.011791229248 22.9459991455078 22.9282073974609 22.9280414581299 22.8781242370605 22.8406257629395 22.8352088928223 22.8317089080811 22.9345417022705 23.0142917633057 23.0704174041748 23.0838756561279 23.1192092895508 23.1876258850098 23.2678756713867 23.3384170532227 23.4025840759277 23.4551239013672 23.4925003051758 23.4773750305176
-3.4e+38 -3.4e+38 -3.4e+38 -3.4e+38 -3.4e+38 -3.4e+38 -3.4e+38 -3.4e+38 -3.4e+38 -3.4e+38 -3.4e+38 -3.4e+38 -3.4e+38 -3.4e+38 -3.4e+38 -3.4e+38 -3.4e+38 -3.4e+38 -3.4e+38 -3.4e+38 -3.4e+38 23.5750007629395 23.6502075195312 23.6730003356934 23.7233753204346 23.6887493133545 23.6618328094482 23.7006664276123 23.7151660919189 23.603458404541 23.4476661682129 23.2294578552246 23.1059589385986 23.0481662750244 22.9985847473145 22.9754161834717 22.9302501678467 22.8412494659424 22.7865829467773 22.7377071380615 22.7348747253418 22.8443336486816 22.9449996948242 23.045166015625 23.0923328399658 23.1009578704834 23.173999786377 23.2682495117188 23.341833114624 23.3842506408691 23.4547920227051 23.4871253967285 23.4794998168945
-3.4e+38 -3.4e+38 -3.4e+38 -3.4e+38 -3.4e+38 -3.4e+38 -3.4e+38 -3.4e+38 -3.4e+38 -3.4e+38 -3.4e+38 -3.4e+38 -3.4e+38 -3.4e+38 -3.4e+38 -3.4e+38 -3.4e+38 -3.4e+38 -3.4e+38 -3.4e+38 -3.4e+38 -3.4e+38 23.7162494659424 23.7885417938232 23.8108329772949 23.7275428771973 23.6752510070801 23.675666809082 23.703498840332 23.6007080078125 23.4604988098145 23.2780838012695 23.1502075195312 23.0872077941895 23.0557498931885 23.0084991455078 22.9480419158936 22.8545417785645 22.7303333282471 22.6367511749268 22.6485843658447 22.8197078704834 22.9587078094482 23.0667915344238 23.0984592437744 23.0852909088135 23.1107082366943 23.2131671905518 23.3206253051758 23.3979988098145 23.4583339691162 23.5 23.5122089385986
-3.4e+38 -3.4e+38 -3.4e+38 -3.4e+38 -3.4e+38 -3.4e+38 -3.4e+38 -3.4e+38 -3.4e+38 -3.4e+38 -3.4e+38 -3.4e+38 -3.4e+38 -3.4e+38 -3.4e+38 -3.4e+38 -3.4e+38 -3.4e+38 -3.4e+38 -3.4e+38 -3.4e+38 -3.4e+38 23.7614994049072 23.7352085113525 23.701416015625 23.66233253479 23.673999786377 23.6897926330566 23.7178325653076 23.646541595459 23.5021667480469 23.3346672058105 23.212833404541 23.1614170074463 23.1142082214355 23.0747509002686 23.0125007629395 22.9237079620361 22.8052501678467 22.7007923126221 22.7320823669434 22.8722496032715 22.9839572906494 23.0526657104492 23.0725421905518 23.0479583740234 23.0465412139893 23.175708770752 23.3182506561279 23.4289588928223 23.4977073669434 23.5708332061768 23.6070823669434
-3.4e+38 -3.4e+38 -3.4e+38 -3.4e+38 -3.4e+38 -3.4e+38 -3.4e+38 -3.4e+38 -3.4e+38 -3.4e+38 -3.4e+38 -3.4e+38 -3.4e+38 -3.4e+38 -3.4e+38 -3.4e+38 -3.4e+38 -3.4e+38 -3.4e+38 -3.4e+38 -3.4e+38 -3.4e+38 -3.4e+38 23.9050827026367 23.8439159393311 23.7646255493164 23.7279167175293 23.7360000610352 23.7709159851074 23.7244987487793 23.5815410614014 23.4423751831055 23.3066673278809 23.2268333435059 23.1770000457764 23.1252918243408 23.0785007476807 22.9981670379639 22.9372081756592 22.8852500915527 22.8937492370605 22.9732913970947 23.0497913360596 23.0694999694824 23.1147918701172 23.0974998474121 23.0828323364258 23.1869583129883 23.3299160003662 23.4585418701172 23.5564594268799 23.673957824707 23.7612915039062
-3.4e+38 -3.4e+38 -3.4e+38 -3.4e+38 -3.4e+38 -3.4e+38 -3.4e+38 -3.4e+38 -3.4e+38 -3.4e+38 -3.4e+38 -3.4e+38 -3.4e+38 -3.4e+38 -3.4e+38 -3.4e+38 -3.4e+38 -3.4e+38 -3.4e+38 -3.4e+38 -3.4e+38 -3.4e+38 -3.4e+38 24.0914993286133 24.0272922515869 23.9067497253418 23.7972087860107 23.8003749847412 23.8617916107178 23.8158740997314 23.6790409088135 23.5915832519531 23.4662075042725 23.3902912139893 23.3299999237061 23.2307929992676 23.1512489318848 23.1090412139893 23.1108341217041 23.0695419311523 23.0575408935547 23.0660419464111 23.0922088623047 23.0824165344238 23.1214580535889 23.1635417938232 23.197624206543 23.2702503204346 23.3980827331543 23.5035419464111 23.642541885376 23.834041595459 23.9978332519531
-3.4e+38 -3.4e+38 -3.4e+38 -3.4e+38 -3.4e+38 -3.4e+38 -3.4e+38 -3.4e+38 -3.4e+38 -3.4e+38 -3.4e+38 -3.4e+38 -3.4e+38 -3.4e+38 -3.4e+38 -3.4e+38 -3.4e+38 -3.4e+38 -3.4e+38 -3.4e+38 -3.4e+38 -3.4e+38 -3.4e+38 24.2331256866455 24.1657085418701 24.0405006408691 23.8790416717529 23.8894157409668 23.9525833129883 23.9133758544922 23.792667388916 23.7436656951904 23.6758327484131 23.6189994812012 23.548583984375 23.4152088165283 23.3354587554932 23.2965831756592 23.2684173583984 23.222957611084 23.1787090301514 23.1591663360596 23.1698741912842 23.1514167785645 23.185417175293 23.2356243133545 23.2727909088135 23.3522911071777 23.4452495574951 23.5270004272461 23.6531257629395 23.8652076721191 24.1192092895508
-3.4e+38 -3.4e+38 -3.4e+38 -3.4e+38 -3.4e+38 -3.4e+38 -3.4e+38 -3.4e+38 -3.4e+38 -3.4e+38 -3.4e+38 -3.4e+38 -3.4e+38 -3.4e+38 -3.4e+38 -3.4e+38 -3.4e+38 -3.4e+38 -3.4e+38 -3.4e+38 -3.4e+38 -3.4e+38 -3.4e+38 24.3765830993652 24.3163757324219 24.152250289917 23.9515419006348 23.9323329925537 24.0330009460449 24.0416240692139 23.9403743743896 23.9386672973633 23.9145832061768 23.8371257781982 23.6674995422363 23.5550842285156 23.4926662445068 23.4762496948242 23.4287910461426 23.3529167175293 23.3138332366943 23.2979164123535 23.3149166107178 23.3122081756592 23.3380832672119 23.3732089996338 23.3844585418701 23.4455413818359 23.5051250457764 23.5225830078125 23.5773754119873 23.6887092590332 23.8190822601318
-3.4e+38 -3.4e+38 -3.4e+38 -3.4e+38 -3.4e+38 -3.4e+38 -3.4e+38 -3.4e+38 -3.4e+38 -3.4e+38 -3.4e+38 -3.4e+38 -3.4e+38 -3.4e+38 -3.4e+38 -3.4e+38 -3.4e+38 -3.4e+38 -3.4e+38 -3.4e+38 -3.4e+38 -3.4e+38 -3.4e+38 24.4355411529541 24.4724578857422 24.3069591522217 24.0879573822021 24.0276660919189 24.0855827331543 24.1557083129883 24.0509586334229 24.1277084350586 24.0822086334229 23.9838333129883 23.816291809082 23.6716251373291 23.6052074432373 23.5648746490479 23.5379581451416 23.4715423583984 23.4189167022705 23.4105834960938 23.4240417480469 23.4201240539551 23.4365005493164 23.4496669769287 23.4872512817383 23.4995002746582 23.5187072753906 23.4863758087158 23.4710426330566 23.5380840301514 23.6079177856445
