layers/tmean9.asc
NCOLS 292 
NROWS 291 
XLLCORNER -87.6458333327872 
YLLCORNER 24.4791666666667 
CELLSIZE 0.0416666666669039 
NODATA_value -3.4e+38 
[rows 72 to 95 of 291, columns 106 to 158 of 292]
16.9417495727539 16.9472503662109 17.0376243591309 17.0872077941895 17.2212924957275 17.251916885376 17.2117919921875 17.1656665802002 17.1828746795654 17.2207088470459 17.1885414123535 17.198917388916 17.27512550354 17.3690414428711 17.5133743286133 17.6017913818359 17.6212921142578 17.5848331451416 17.5125827789307 17.476749420166 17.5839576721191 17.6111259460449 17.6855411529541 17.7616672515869 17.8615417480469 17.9529991149902 18.0177917480469 18.0636253356934 18.1092491149902 17.9845008850098 17.7942504882812 17.9600410461426 18.0902919769287 18.0383758544922 18.1514167785645 18.0327911376953 17.9301242828369 18.054292678833 18.1080417633057 18.0472507476807 18.0571250915527 18.0286254882812 17.8842906951904 17.8115425109863 17.8413753509521 17.9121246337891 17.8779163360596 17.8392906188965 17.8505420684814 17.9686660766602 18.0404167175293 18.0884170532227 18.0872077941895
16.9523754119873 16.97483253479 17.0997924804688 17.146125793457 17.2522926330566 17.2902927398682 17.382791519165 17.3222503662109 17.2980422973633 17.3221244812012 17.328540802002 17.3714580535889 17.4498748779297 17.5271663665771 17.6296253204346 17.6122093200684 17.6285419464111 17.6008338928223 17.5261249542236 17.4951248168945 17.6108741760254 17.6510009765625 17.6523342132568 17.7327079772949 17.8620834350586 17.9374580383301 18.019624710083 18.1215000152588 18.2021255493164 18.1927909851074 18.0039577484131 18.1049995422363 18.1966667175293 18.2372074127197 18.1585006713867 18.1307926177979 18.0015411376953 18.0219173431396 18.0216255187988 18.1194171905518 18.095832824707 18.0842914581299 18.1415824890137 18.1319580078125 17.9451675415039 18.0166244506836 17.9974594116211 18.0122489929199 17.9856662750244 18.0359992980957 18.0443744659424 18.074291229248 18.0749588012695
17.0298328399658 17.0874576568604 17.154125213623 17.2167091369629 17.2473754882812 17.2885417938232 17.3324584960938 17.3883743286133 17.3755836486816 17.3798751831055 17.4057922363281 17.5224170684814 17.5551242828369 17.5895843505859 17.6436672210693 17.5884590148926 17.6325416564941 17.6156253814697 17.5678749084473 17.4664993286133 17.5634574890137 17.61545753479 17.6102085113525 17.7455406188965 17.8646240234375 17.9403743743896 18.0662498474121 18.1665840148926 18.204833984375 18.2451667785645 18.2048740386963 18.2649574279785 18.3192081451416 18.2377490997314 18.1812076568604 18.1380004882812 18.1030426025391 18.1287078857422 18.1318340301514 18.1660423278809 18.1000003814697 18.0742492675781 18.0928325653076 18.1624164581299 18.2207088470459 18.1534175872803 18.1044578552246 18.1431674957275 18.1062088012695 18.1245422363281 18.1359157562256 18.1287498474121 18.1257495880127
17.2142086029053 17.214958190918 17.1842498779297 17.28733253479 17.3039588928223 17.3043746948242 17.3631248474121 17.4370422363281 17.55295753479 17.541166305542 17.4518756866455 17.5193748474121 17.5159587860107 17.5813331604004 17.5694160461426 17.5833759307861 17.5933742523193 17.5745010375977 17.5544166564941 17.5448341369629 17.6306667327881 17.6214160919189 17.6506252288818 17.7748756408691 17.8700828552246 17.9515419006348 18.1220417022705 18.2056674957275 18.1981258392334 18.2650833129883 18.3168754577637 18.3342914581299 18.2087917327881 18.1985416412354 18.2457084655762 18.238166809082 18.1672077178955 18.1845417022705 18.2396240234375 18.2594165802002 18.1380825042725 18.1263751983643 18.1292915344238 18.1554584503174 18.1836242675781 18.2171669006348 18.263916015625 18.279167175293 18.2239589691162 18.1843757629395 18.2001247406006 18.185791015625 18.1589584350586
17.3582077026367 17.3814163208008 17.3594570159912 17.402624130249 17.4195003509521 17.3982086181641 17.4404582977295 17.527250289917 17.541166305542 17.6109580993652 17.5491256713867 17.5559997558594 17.6411666870117 17.6587505340576 17.6260833740234 17.6464157104492 17.5988750457764 17.6300010681152 17.6472492218018 17.5910415649414 17.652416229248 17.608959197998 17.7110824584961 17.822208404541 17.8795833587646 17.9946250915527 18.1077079772949 18.161750793457 18.1992092132568 18.2567081451416 18.2920417785645 18.320333480835 18.2213325500488 18.2093753814697 18.2566661834717 18.3007507324219 18.2416667938232 18.2841243743896 18.3607921600342 18.3002910614014 18.2017917633057 18.1655006408691 18.1307926177979 18.1634578704834 18.2136249542236 18.2412910461426 18.2410011291504 18.2902488708496 18.3115406036377 18.3211250305176 18.2765007019043 18.2552490234375 18.2531242370605
17.5058746337891 17.5598754882812 17.5219173431396 17.5732917785645 17.6211242675781 17.5621662139893 17.5472087860107 17.4967498779297 17.5689163208008 17.6123752593994 17.6620826721191 17.6565837860107 17.6607494354248 17.7081661224365 17.6326656341553 17.5814590454102 17.6078338623047 17.6831245422363 17.7323322296143 17.7328758239746 17.8090419769287 17.7758750915527 17.8250827789307 17.9329586029053 17.9734172821045 18.0225830078125 18.1035003662109 18.097749710083 18.1777496337891 18.267915725708 18.3186664581299 18.2902908325195 18.3271255493164 18.2637500762939 18.3227081298828 18.2692909240723 18.2538757324219 18.3093338012695 18.4203758239746 18.3527908325195 18.3080005645752 18.2349166870117 18.2347507476807 18.2243747711182 18.2187919616699 18.25954246521 18.3073749542236 18.3541240692139 18.3704586029053 18.3954162597656 18.3856678009033 18.4113750457764 18.4167079925537
17.536958694458 17.7081260681152 17.7545833587646 17.738374710083 17.7089996337891 17.6802501678467 17.6016674041748 17.6049575805664 17.6807498931885 17.7094573974609 17.7002506256104 17.7464160919189 17.7217082977295 17.7334175109863 17.6900005340576 17.589916229248 17.5718746185303 17.7099170684814 17.791166305542 17.8747081756592 17.8822078704834 17.8149166107178 17.9260005950928 18.0108737945557 18.0664577484131 18.1237087249756 18.1582088470459 18.1726245880127 18.2194995880127 18.2600002288818 18.3185005187988 18.2855834960938 18.2879581451416 18.3535842895508 18.3579158782959 18.3390827178955 18.3511257171631 18.4067077636719 18.4464168548584 18.3795833587646 18.2781658172607 18.2280826568604 18.2590827941895 18.2668743133545 18.2936248779297 18.3367919921875 18.3422927856445 18.3727912902832 18.4090003967285 18.3743343353271 18.3800411224365 18.3541660308838 18.4532089233398
17.8998336791992 17.9107494354248 17.7757091522217 17.80641746521 17.7506256103516 17.6649589538574 17.6472511291504 17.6886253356934 17.7007503509521 17.7292919158936 17.7611656188965 17.711124420166 17.7037925720215 17.6942081451416 17.8191661834717 17.6353759765625 17.6655426025391 17.6446666717529 17.742374420166 17.8151245117188 17.8586254119873 17.9514999389648 18.0389575958252 18.0752086639404 18.0897922515869 18.1363334655762 18.2010841369629 18.2460422515869 18.2439994812012 18.2712917327881 18.2765007019043 18.2692089080811 18.2838745117188 18.3032913208008 18.403959274292 18.4319591522217 18.4631252288818 18.451000213623 18.4077091217041 18.3535003662109 18.30637550354 18.3133335113525 18.2863330841064 18.3072071075439 18.3532085418701 18.3444995880127 18.4106674194336 18.3427925109863 18.4213333129883 18.4428749084473 18.4393329620361 18.4343338012695 18.4812507629395
17.9775009155273 17.8935012817383 17.752082824707 17.7703342437744 17.7800006866455 17.8087921142578 17.7358341217041 17.7153339385986 17.7758331298828 17.7974166870117 17.8129997253418 17.8755836486816 17.751916885376 17.7710838317871 17.8751258850098 17.8710422515869 17.8050003051758 17.7358741760254 17.747875213623 17.8402080535889 17.9301242828369 18.002124786377 18.0493755340576 18.1460418701172 18.1471252441406 18.1689586639404 18.2410831451416 18.266040802002 18.2945404052734 18.2960414886475 18.2716674804688 18.2685413360596 18.2759590148926 18.2317085266113 18.2590827941895 18.326000213623 18.3915824890137 18.4207496643066 18.4152088165283 18.3805828094482 18.3085842132568 18.3469581604004 18.3402919769287 18.3788757324219 18.3776245117188 18.3649578094482 18.3720836639404 18.410457611084 18.4189167022705 18.4400424957275 18.461124420166 18.4756660461426 18.4887504577637
18.1372489929199 17.9634590148926 17.7553329467773 17.6910419464111 17.8356246948242 17.8400421142578 17.8680000305176 17.8081245422363 17.7800827026367 17.8101673126221 17.9064998626709 17.9554576873779 17.8271675109863 17.8723335266113 17.9799575805664 17.992000579834 17.898042678833 17.8987503051758 17.9032077789307 17.9338340759277 17.9806251525879 18.013916015625 18.0654163360596 18.1389179229736 18.1898746490479 18.1974582672119 18.2405834197998 18.2664165496826 18.2815837860107 18.2938747406006 18.3280010223389 18.2867088317871 18.339750289917 18.3022918701172 18.1999168395996 18.2463340759277 18.3169574737549 18.3673324584961 18.3658752441406 18.3791656494141 18.3360004425049 18.4172077178955 18.3482913970947 18.3133335113525 18.3896675109863 18.3969993591309 18.3369579315186 18.4056243896484 18.4546241760254 18.4110012054443 18.4773750305176 18.498083114624 18.4813747406006
18.2218742370605 18.1205005645752 17.9538745880127 17.8798751831055 17.9249172210693 17.9886665344238 18.050874710083 17.9097499847412 17.8239994049072 17.863582611084 17.9539165496826 18.052791595459 18.0714168548584 18.0258331298828 17.9732913970947 18.1059989929199 18.0182495117188 18.0492076873779 18.0593338012695 18.0799579620361 18.0843334197998 18.1123752593994 18.1336669921875 18.1457920074463 18.1818752288818 18.2034168243408 18.283332824707 18.2654590606689 18.2759170532227 18.2963752746582 18.3306255340576 18.4028339385986 18.3898754119873 18.3453330993652 18.3392086029053 18.2169990539551 18.2533340454102 18.3430004119873 18.3298759460449 18.3389587402344 18.3362922668457 18.4103336334229 18.4603328704834 18.3714580535889 18.3167495727539 18.3600425720215 18.4702911376953 18.5109577178955 18.5226669311523 18.4818325042725 18.4796676635742 18.5068759918213 18.511791229248
18.3322086334229 18.1607913970947 18.0524578094482 18.0073757171631 17.8915004730225 18.0160427093506 18.1141242980957 18.0149173736572 18.0284576416016 17.9506664276123 17.9286670684814 18.0025005340576 18.1187076568604 18.2727088928223 18.0730838775635 18.1909160614014 18.1795825958252 18.2115001678467 18.2077922821045 18.2037086486816 18.2018337249756 18.1954174041748 18.185375213623 18.1794166564941 18.2244167327881 18.2169589996338 18.2332496643066 18.2428760528564 18.3345413208008 18.3634586334229 18.3691253662109 18.4610424041748 18.4559154510498 18.4054164886475 18.3158760070801 18.291166305542 18.2872085571289 18.3389167785645 18.4216251373291 18.4919586181641 18.3815422058105 18.3712921142578 18.5294170379639 18.435583114624 18.3951663970947 18.3727912902832 18.4260005950928 18.4508323669434 18.558666229248 18.5091247558594 18.5004997253418 18.5054168701172 18.5342922210693
18.3865833282471 18.1293334960938 18.1399574279785 18.0986251831055 18.0240421295166 18.0930423736572 18.2049160003662 18.0554580688477 18.0923328399658 18.054500579834 17.9990825653076 18.0302085876465 18.0345001220703 18.1679172515869 18.2928333282471 18.1249160766602 18.322208404541 18.3194999694824 18.3782920837402 18.3655834197998 18.3599166870117 18.3249168395996 18.2737922668457 18.2453746795654 18.2534160614014 18.2893753051758 18.3199577331543 18.3649997711182 18.3929576873779 18.4445838928223 18.4800834655762 18.4420413970947 18.4509162902832 18.4851245880127 18.46875 18.4193744659424 18.4244174957275 18.4497489929199 18.6003341674805 18.6615829467773 18.5675830841064 18.5717506408691 18.5542507171631 18.4944591522217 18.4924163818359 18.3630409240723 18.4051246643066 18.4204578399658 18.5091247558594 18.5986251831055 18.6069164276123 18.5544586181641 18.5497913360596
18.3811664581299 18.2403335571289 18.2077083587646 18.217041015625 18.128791809082 18.1307506561279 18.1971664428711 18.1535415649414 18.1824169158936 18.0974159240723 18.0450000762939 18.0522079467773 18.1005001068115 18.1525421142578 18.3120002746582 18.3531665802002 18.2891254425049 18.3965835571289 18.4714164733887 18.4179573059082 18.421667098999 18.4594993591309 18.451416015625 18.3981246948242 18.3819999694824 18.4625835418701 18.5042495727539 18.4595832824707 18.4901256561279 18.5285415649414 18.5195407867432 18.5268745422363 18.5722923278809 18.5532913208008 18.5444164276123 18.5129165649414 18.5062084197998 18.549373626709 18.5699596405029 18.6592082977295 18.7157917022705 18.6808738708496 18.5140838623047 18.4352493286133 18.3981666564941 18.4065418243408 18.4670829772949 18.472375869751 18.5384578704834 18.582124710083 18.6321659088135 18.6866245269775 18.6402492523193
18.3126659393311 18.4022083282471 18.4344577789307 18.3964576721191 18.3122081756592 18.2609157562256 18.3474578857422 18.2526664733887 18.1233749389648 18.0964164733887 18.0066661834717 17.9975414276123 18.1017913818359 18.226541519165 18.2834587097168 18.3740005493164 18.3990421295166 18.502082824707 18.5149574279785 18.5336246490479 18.4737911224365 18.5250835418701 18.5254573822021 18.5027503967285 18.4916667938232 18.5335826873779 18.5395832061768 18.5066661834717 18.5637092590332 18.5957489013672 18.6249580383301 18.6704998016357 18.6458759307861 18.6108341217041 18.6243343353271 18.6668338775635 18.6607093811035 18.6302509307861 18.5770416259766 18.5962085723877 18.6569995880127 18.7980422973633 18.595666885376 18.5357093811035 18.4211254119873 18.4482498168945 18.5149593353271 18.5252075195312 18.5866260528564 18.640417098999 18.6520004272461 18.6675834655762 18.7267074584961
18.3244171142578 18.3117084503174 18.3112506866455 18.3530006408691 18.3967914581299 18.3357086181641 18.4373340606689 18.2165832519531 18.0870838165283 18.0136661529541 17.97829246521 18.0921249389648 18.1753749847412 18.2556667327881 18.3102073669434 18.4104995727539 18.4261665344238 18.3513336181641 18.4432907104492 18.5197505950928 18.6305408477783 18.5995006561279 18.5942497253418 18.5573329925537 18.59983253479 18.5870838165283 18.6092910766602 18.6081256866455 18.6593341827393 18.7271251678467 18.7835426330566 18.6843738555908 18.6795425415039 18.6926670074463 18.6605415344238 18.632625579834 18.7070407867432 18.8397083282471 18.7082080841064 18.7755012512207 18.8469581604004 18.9457492828369 18.8463325500488 18.6454162597656 18.5197505950928 18.5503749847412 18.6051254272461 18.6023330688477 18.6443328857422 18.7338333129883 18.7840003967285 18.7755832672119 18.7912082672119
18.3473339080811 18.3354587554932 18.3189163208008 18.3070831298828 18.3730010986328 18.4092922210693 18.499792098999 18.305082321167 18.0814590454102 17.9679164886475 17.9707908630371 18.0620002746582 18.1395416259766 18.1852912902832 18.2777919769287 18.3523330688477 18.435791015625 18.5060424804688 18.4991664886475 18.5701675415039 18.6012496948242 18.7060413360596 18.6296672821045 18.6548328399658 18.6910419464111 18.7261238098145 18.7816257476807 18.8091678619385 18.8929576873779 18.8932914733887 18.8708744049072 18.8383331298828 18.7794990539551 18.733959197998 18.8206672668457 18.8249588012695 18.7768745422363 18.8662090301514 18.9335823059082 18.9021663665771 18.9591255187988 19.0170001983643 18.9537906646729 18.7897491455078 18.6392078399658 18.6485843658447 18.6677074432373 18.7342929840088 18.7426662445068 18.7865009307861 18.8058338165283 18.7945003509521 18.8297920227051
18.3465423583984 18.3641662597656 18.3906669616699 18.365083694458 18.3685417175293 18.4514999389648 18.4800415039062 18.4152507781982 18.3122501373291 18.1363334655762 18.1196670532227 18.0741672515869 18.224666595459 18.3040428161621 18.3820419311523 18.468334197998 18.4843330383301 18.5653324127197 18.6290416717529 18.6113758087158 18.6665000915527 18.7160835266113 18.671667098999 18.7458744049072 18.7817497253418 18.8276252746582 18.861291885376 18.9078750610352 18.9818325042725 19.070499420166 19.0688743591309 19.0335826873779 18.9010410308838 18.8232917785645 18.7606239318848 18.8691673278809 18.9072914123535 18.8989162445068 19.0048751831055 18.9998340606689 18.9638748168945 19.021125793457 19.0317077636719 18.8937911987305 18.7647495269775 18.7010822296143 18.7141666412354 18.7425003051758 18.7995414733887 18.8587493896484 18.8174171447754 18.8080825805664 18.7523326873779
18.3967094421387 18.3878746032715 18.3231658935547 18.3450832366943 18.4121246337891 18.466667175293 18.4967079162598 18.4364585876465 18.3489990234375 18.318000793457 18.2959995269775 18.2871246337891 18.3096656799316 18.4217491149902 18.5014171600342 18.5102500915527 18.4755001068115 18.5909996032715 18.7074584960938 18.7262496948242 18.7688751220703 18.8223743438721 18.8428325653076 18.8398323059082 18.867166519165 18.9186248779297 18.9557495117188 19.0249176025391 19.0694999694824 19.1154174804688 19.2027912139893 19.1188335418701 18.9962501525879 19.0065422058105 18.9095001220703 18.778959274292 18.9189586639404 19.0072498321533 18.9912910461426 19.0300006866455 19.0160827636719 18.9516677856445 19.0094585418701 18.9919586181641 18.8478755950928 18.7371673583984 18.7258758544922 18.7505416870117 18.8015823364258 18.8710422515869 18.9105415344238 18.8836250305176 18.8528327941895
18.375207901001 18.3911247253418 18.4362087249756 18.4281673431396 18.4652080535889 18.4940414428711 18.5353755950928 18.4965839385986 18.4827079772949 18.439416885376 18.4539585113525 18.418083190918 18.4054164886475 18.3866653442383 18.4096660614014 18.6039161682129 18.6289577484131 18.5544586181641 18.6310424804688 18.7647495269775 18.8449592590332 18.9054164886475 18.9901256561279 19.0342922210693 19.0454998016357 19.0568332672119 19.089542388916 19.1075839996338 19.1767082214355 19.2485408782959 19.2807922363281 19.1785831451416 19.054666519165 19.0929164886475 18.9555835723877 18.8381252288818 18.8647079467773 18.9194583892822 18.9778747558594 18.923999786377 18.9416255950928 18.9804992675781 19.0151672363281 19.0300426483154 18.9381656646729 18.8031253814697 18.7611675262451 18.8094177246094 18.8764591217041 18.8720836639404 18.8391666412354 18.8741664886475 18.8939590454102
18.4333324432373 18.4369163513184 18.4019165039062 18.4620418548584 18.5078754425049 18.529125213623 18.5592079162598 18.5744171142578 18.631290435791 18.5587501525879 18.5575408935547 18.5962924957275 18.642749786377 18.5446243286133 18.5002498626709 18.6035003662109 18.7115421295166 18.6822509765625 18.6179580688477 18.65012550354 18.7547492980957 18.8929996490479 18.8966255187988 18.9718761444092 18.9929161071777 19.0079574584961 19.0517921447754 19.0562076568604 19.070291519165 19.1729164123535 19.2932910919189 19.2845001220703 19.0979175567627 19.1388759613037 18.9971256256104 18.8158340454102 18.8325424194336 18.828332901001 18.9016666412354 19.0066242218018 18.9998741149902 18.9945831298828 19.0232086181641 19.0446662902832 18.9695415496826 18.9109172821045 18.8664169311523 18.8695411682129 18.8881244659424 18.8767490386963 18.851541519165 18.8565006256104 18.8237915039062
18.5093746185303 18.523624420166 18.4920825958252 18.5195827484131 18.5240001678467 18.5577907562256 18.5949172973633 18.6691665649414 18.6520004272461 18.6772918701172 18.6627922058105 18.7073745727539 18.7060413360596 18.6639575958252 18.564416885376 18.5965003967285 18.6909999847412 18.7481250762939 18.7638339996338 18.7296257019043 18.6728324890137 18.822624206543 18.7991256713867 18.884916305542 18.8530006408691 18.8939170837402 18.9223327636719 18.978666305542 19.1278743743896 19.1777496337891 19.2400417327881 19.2129154205322 19.1893329620361 19.09987449646 18.9687080383301 18.875415802002 18.8212509155273 18.8955001831055 18.8437919616699 18.847957611084 18.8814163208008 18.8954582214355 19.0183334350586 19.09987449646 19.0540409088135 18.9697074890137 18.9166660308838 18.8938331604004 18.896333694458 18.8846244812012 18.898416519165 18.8760414123535 18.8202095031738
18.5324172973633 18.5540409088135 18.5743751525879 18.5680828094482 18.5599575042725 18.6157913208008 18.6860008239746 18.7384166717529 18.6904163360596 18.7572498321533 18.7150421142578 18.6892490386963 18.7612495422363 18.7790412902832 18.7007083892822 18.6517505645752 18.6255416870117 18.7835006713867 18.869291305542 18.8402500152588 18.7215824127197 18.8816242218018 18.9427089691162 18.857292175293 18.8804588317871 18.8174591064453 18.8719158172607 18.8934173583984 18.950626373291 19.1058750152588 19.0510425567627 19.0869159698486 19.1425838470459 19.123291015625 19.0358333587646 18.9153327941895 18.9033336639404 18.9272499084473 18.9405841827393 18.878625869751 18.8502922058105 18.9969997406006 19.0616664886475 19.138916015625 19.0744590759277 19.0472507476807 19.0053749084473 18.9363327026367 18.9064998626709 18.8914165496826 18.8872089385986 18.8722076416016 18.842041015625
18.5536670684814 18.5480422973633 18.5740413665771 18.5909576416016 18.5935001373291 18.6507511138916 18.7042922973633 18.765209197998 18.7549171447754 18.7859992980957 18.7834587097168 18.7460422515869 18.7007083892822 18.7993755340576 18.8132076263428 18.7517910003662 18.6829166412354 18.8055839538574 18.9342918395996 18.9565830230713 18.812915802002 18.9032917022705 18.9653339385986 18.9894161224365 18.9269161224365 18.8855838775635 18.9410419464111 18.9488754272461 18.884708404541 18.8994579315186 18.9222507476807 18.9896259307861 19.0265407562256 19.0635833740234 19.1144580841064 19.0321254730225 18.976541519165 18.9170417785645 18.9811668395996 18.9929580688477 19.0616245269775 19.0501251220703 18.9929580688477 19.0652084350586 19.0897922515869 19.0377502441406 19.0081253051758 18.9885005950928 18.9698333740234 18.9341659545898 18.8699169158936 18.8495006561279 18.8509159088135
