layers/tmean11.asc
NCOLS 292 
NROWS 291 
XLLCORNER -87.6458333327872 
YLLCORNER 24.4791666666667 
CELLSIZE 0.0416666666669039 
NODATA_value -3.4e+38 
[rows 48 to 71 of 291, columns 106 to 158 of 292]
16.8575839996338 16.9616661071777 17.0279579162598 17.0853328704834 16.8564586639404 16.910457611084 17.1260833740234 17.2911243438721 17.3972091674805 17.2910003662109 17.0780830383301 16.9785842895508 16.9645824432373 17.1318759918213 16.9920425415039 17.0302085876465 16.9707508087158 16.9782085418701 16.9425830841064 16.8605422973633 16.8619995117188 16.8859996795654 16.8814582824707 16.8861255645752 16.8211250305176 16.7131252288818 16.6881256103516 16.6860408782959 16.6620826721191 16.6998748779297 16.7744178771973 16.7939586639404 16.7699584960938 16.7332496643066 16.6793746948242 16.7790832519531 16.8124580383301 16.8764991760254 17.0069179534912 17.1789169311523 17.2467918395996 17.1973743438721 17.1106243133545 16.9560413360596 16.8469581604004 16.7771244049072 16.7211246490479 16.6954174041748 16.7205410003662 16.7342491149902 16.7678756713867 16.7892913818359 16.7683334350586
16.8072910308838 16.8810005187988 17.0881671905518 17.2237510681152 16.941333770752 16.9713325500488 17.119457244873 17.1490001678467 17.1949577331543 17.1478328704834 17.1099586486816 17.1264991760254 17.0393333435059 17.1412506103516 17.0952091217041 17.1048336029053 17.0814990997314 17.0359992980957 17.0235004425049 16.9524173736572 16.9363746643066 16.9304161071777 16.9171676635742 16.8746662139893 16.8461246490479 16.7170829772949 16.6672916412354 16.6790409088135 16.6108741760254 16.7134170532227 16.7597923278809 16.7882919311523 16.833833694458 16.847957611084 16.8871250152588 16.8841247558594 16.9207916259766 17.0122509002686 17.0426254272461 17.0826663970947 17.0693340301514 17.0372505187988 16.9829158782959 16.9174995422363 16.8867492675781 16.8731670379639 16.8473339080811 16.8491249084473 16.8212089538574 16.8431243896484 16.8563747406006 16.8505001068115 16.8739166259766
16.7333335876465 16.7986240386963 17.0292491912842 17.1262912750244 16.983959197998 16.8872909545898 16.9044170379639 16.9208755493164 16.9796237945557 17.0027084350586 16.996166229248 17.0071659088135 17.1003761291504 17.0989170074463 17.1975002288818 17.1861248016357 17.1447086334229 17.1334991455078 17.0682926177979 16.9783344268799 16.9577503204346 16.9572086334229 16.9425830841064 16.9137916564941 16.8507080078125 16.7241249084473 16.6635417938232 16.6744174957275 16.6480007171631 16.7033748626709 16.7511253356934 16.8668327331543 16.9567089080811 16.9956665039062 16.9748764038086 16.9617500305176 17.0192089080811 17.1215419769287 17.0706672668457 17.0235004425049 17.04075050354 17.017749786377 16.9727077484131 16.9677085876465 16.9959583282471 17.0147914886475 17.058874130249 16.9623336791992 16.9176254272461 16.9185409545898 16.9011249542236 16.9113330841064 17.0580425262451
16.8390007019043 16.7087917327881 16.800666809082 16.8123760223389 16.7907905578613 16.7840003967285 16.7887077331543 16.83766746521 16.8620834350586 16.9008331298828 16.9987907409668 17.0785427093506 17.0454158782959 17.0628337860107 17.0472087860107 17.085916519165 17.1897506713867 17.1957492828369 17.0450000762939 17.0140838623047 16.9908332824707 16.9812088012695 16.9565830230713 16.9405002593994 16.8711242675781 16.7482490539551 16.7360420227051 16.7571239471436 16.7574157714844 16.785249710083 16.8135414123535 16.9440841674805 17.0589580535889 17.0461673736572 17.0222511291504 17.060791015625 17.1012077331543 17.1047077178955 17.072624206543 17.0736255645752 17.0857925415039 17.0631256103516 17.1289577484131 17.1946239471436 17.2308330535889 17.2736663818359 17.2705841064453 17.2818756103516 17.1574592590332 17.1882915496826 17.1666660308838 17.2024173736572 17.2325839996338
16.5953330993652 16.5984172821045 16.6522083282471 16.6983337402344 16.7525005340576 16.7832908630371 16.7857913970947 16.8080825805664 16.838041305542 16.8850841522217 16.9484577178955 16.8761253356934 16.9249591827393 17.0386257171631 17.0429992675781 17.0123329162598 17.1274166107178 17.0983753204346 17.0661659240723 17.0336246490479 17.0349159240723 17.0792503356934 17.0594158172607 17.0322914123535 16.9306259155273 16.886999130249 16.8932075500488 16.8500843048096 16.8586254119873 16.8706665039062 16.9185409545898 16.990083694458 17.0623340606689 17.0942077636719 17.0991249084473 17.1425838470459 17.1410007476807 17.1259994506836 17.144832611084 17.134334564209 17.1251659393311 17.2325000762939 17.2862911224365 17.3011665344238 17.4533748626709 17.492166519165 17.3901252746582 17.5450000762939 17.320499420166 17.1875820159912 17.1217079162598 17.088249206543 17.2047080993652
16.4606666564941 16.4809989929199 16.5537910461426 16.7181663513184 16.8538341522217 16.7625827789307 16.6947917938232 16.8018760681152 16.8405418395996 16.8931255340576 16.8463745117188 16.8471240997314 16.9626655578613 16.9477500915527 17.0457496643066 16.9825000762939 17.0087089538574 17.0242080688477 17.0179996490479 17.0102500915527 16.982458114624 17.0102920532227 17.097957611084 17.1339168548584 17.0737915039062 17.0699157714844 17.1027088165283 17.0288333892822 17.0131664276123 16.9591674804688 17.011625289917 17.0869998931885 17.1086673736572 17.1253337860107 17.1979579925537 17.2188339233398 17.2137508392334 17.2386665344238 17.2356243133545 17.2133750915527 17.226749420166 17.343957901001 17.3248329162598 17.3784160614014 17.642707824707 17.4681243896484 17.3877086639404 17.5716247558594 17.540958404541 17.4571666717529 17.3390426635742 17.1152076721191 17.1691665649414
16.570333480835 16.5646667480469 16.6317920684814 16.7342090606689 16.9102077484131 16.8527088165283 16.8552074432373 16.8606243133545 16.858959197998 16.8073329925537 16.68141746521 16.8020839691162 16.9169158935547 16.8930835723877 16.909875869751 16.9493751525879 16.9965839385986 16.9705829620361 16.9190826416016 16.921875 16.9473323822021 16.9720001220703 17.044792175293 17.1947078704834 17.1900825500488 17.1679992675781 17.1424999237061 17.1308746337891 17.1093330383301 17.0720844268799 17.1104164123535 17.1416664123535 17.1738758087158 17.1682090759277 17.2199993133545 17.2650833129883 17.2990837097168 17.3117504119873 17.3156242370605 17.2808742523193 17.316333770752 17.3501663208008 17.4282073974609 17.5723743438721 17.6831245422363 17.52170753479 17.4909172058105 17.5987091064453 17.5639171600342 17.5756244659424 17.5312919616699 17.3674583435059 17.2824592590332
16.5616245269775 16.5887088775635 16.7438335418701 16.7393741607666 16.8780422210693 16.8307914733887 16.820707321167 16.7609176635742 16.7712917327881 16.6865005493164 16.5470409393311 16.6024589538574 16.6364574432373 16.8068752288818 16.7949161529541 16.8417072296143 16.9371242523193 16.9187908172607 16.8850002288818 16.9114589691162 16.9501667022705 16.9564170837402 16.9833335876465 17.1558742523193 17.1844158172607 17.1572093963623 17.1528339385986 17.1021671295166 17.1022911071777 17.1291255950928 17.1552085876465 17.1919574737549 17.2054176330566 17.1622505187988 17.2104587554932 17.2818336486816 17.3204593658447 17.3152084350586 17.3255825042725 17.3577499389648 17.4647922515869 17.45920753479 17.5993747711182 17.642749786377 17.7026252746582 17.6943340301514 17.5469589233398 17.6069583892822 17.5216674804688 17.4403743743896 17.4252910614014 17.4650421142578 17.2677917480469
16.4767074584961 16.4838752746582 16.6823749542236 16.8139591217041 16.8465824127197 16.7859573364258 16.6198749542236 16.4894580841064 16.4222927093506 16.4089584350586 16.4352493286133 16.3401660919189 16.545166015625 16.7073745727539 16.7329998016357 16.8609161376953 16.8829174041748 16.8340835571289 16.8275413513184 16.8888759613037 16.9261665344238 16.9314155578613 16.9953746795654 17.101749420166 17.2055835723877 17.1872501373291 17.142333984375 17.0608329772949 17.0847072601318 17.1564159393311 17.183666229248 17.1819171905518 17.191333770752 17.1461238861084 17.1885414123535 17.2465419769287 17.2984161376953 17.2991237640381 17.2953338623047 17.3732089996338 17.5087490081787 17.66237449646 17.6530418395996 17.6825008392334 17.72487449646 17.7794170379639 17.6726245880127 17.607666015625 17.5076675415039 17.2854995727539 17.2178745269775 17.3066673278809 17.3249588012695
16.50608253479 16.4481258392334 16.5272922515869 16.6426258087158 16.6392078399658 16.6179580688477 16.4505004882812 16.3448333740234 16.1320419311523 16.0262908935547 16.021333694458 16.1648750305176 16.4764575958252 16.7024574279785 16.7663745880127 16.8732509613037 16.8731670379639 16.8193340301514 16.8233337402344 16.8776245117188 16.867166519165 16.926082611084 16.994291305542 17.0775413513184 17.1462917327881 17.2022495269775 17.1800422668457 17.1782913208008 17.167667388916 17.1748752593994 17.2319583892822 17.2295417785645 17.2120418548584 17.1508331298828 17.1681671142578 17.2155838012695 17.2538757324219 17.2812080383301 17.314790725708 17.4323749542236 17.4868755340576 17.6195831298828 17.5947074890137 17.5728340148926 17.5962505340576 17.6268749237061 17.667667388916 17.7070007324219 17.4783744812012 17.345666885376 17.2205829620361 17.2523326873779 17.2764587402344
16.4707508087158 16.4531669616699 16.3952503204346 16.3252506256104 16.4400005340576 16.3242492675781 16.3756256103516 16.0950412750244 15.8314161300659 15.8505830764771 15.9596252441406 16.1085414886475 16.3948745727539 16.7277507781982 16.8490409851074 16.957124710083 16.9624176025391 16.9029998779297 16.8377914428711 16.8724575042725 16.8627090454102 17.0126247406006 17.0349578857422 17.0399589538574 17.1412906646729 17.1814575195312 17.1890830993652 17.154167175293 17.1440410614014 17.1900424957275 17.2276248931885 17.2397079467773 17.2570419311523 17.152458190918 17.2501659393311 17.2864589691162 17.3419589996338 17.3862495422363 17.4655838012695 17.4855003356934 17.5572490692139 17.6257495880127 17.6641674041748 17.6456661224365 17.6480827331543 17.6645412445068 17.6865825653076 17.6371250152588 17.6012496948242 17.6297092437744 17.4330005645752 17.4118747711182 17.4358749389648
16.5642509460449 16.6294174194336 16.6099586486816 16.3850421905518 16.1749992370605 16.220458984375 16.1729164123535 16.0349159240723 15.9615421295166 15.7690000534058 15.9074993133545 16.1793327331543 16.4243755340576 16.6449584960938 16.8366661071777 17.0106658935547 16.9910411834717 16.9772510528564 16.956916809082 16.9464988708496 16.986457824707 17.0888748168945 17.0577907562256 17.0498332977295 17.0591259002686 17.073709487915 17.1305828094482 17.1630001068115 17.1843338012695 17.1902503967285 17.1664581298828 17.1668758392334 17.2210006713867 17.1248340606689 17.1334590911865 17.1901664733887 17.2496662139893 17.3379592895508 17.517749786377 17.6107921600342 17.6582489013672 17.6551246643066 17.6854591369629 17.7445831298828 17.7306671142578 17.7083759307861 17.7205829620361 17.7359161376953 17.6846256256104 17.7970409393311 17.8540840148926 17.7313747406006 17.7950420379639
16.5416259765625 16.6197910308838 16.6343326568604 16.4514999389648 16.2943744659424 16.1393337249756 16.0931663513184 16.2112503051758 16.0389175415039 16.0937919616699 16.0585422515869 16.2566661834717 16.4736671447754 16.6684169769287 16.8669586181641 17.0436248779297 17.0584583282471 17.0475406646729 17.0052089691162 16.966625213623 16.9859161376953 17.0795841217041 17.0692920684814 17.0530414581299 17.0869579315186 17.1147499084473 17.1714992523193 17.3473339080811 17.3559589385986 17.318416595459 17.1996669769287 17.2788753509521 17.1931247711182 17.1868324279785 17.2527503967285 17.3232917785645 17.3749580383301 17.4240837097168 17.5743751525879 17.74049949646 17.7664165496826 17.7472076416016 17.7645835876465 17.7960414886475 17.7755832672119 17.7977924346924 17.8295421600342 17.8587913513184 17.9093761444092 18.0149173736572 18.1301250457764 18.173999786377 18.2475833892822
16.6734580993652 16.5594997406006 16.5295829772949 16.5444164276123 16.4567089080811 16.1983337402344 16.0780410766602 16.162166595459 16.1250419616699 16.0079174041748 16.0782909393311 16.3032493591309 16.5681667327881 16.7096252441406 16.842041015625 17.0018749237061 17.0688743591309 17.0469989776611 17.0076675415039 17.025541305542 17.04079246521 17.0491256713867 17.1043758392334 17.1212921142578 17.1826667785645 17.2837905883789 17.3792915344238 17.4628753662109 17.4679164886475 17.4042091369629 17.3481254577637 17.3632926940918 17.3286666870117 17.2868328094482 17.2884998321533 17.333667755127 17.3819580078125 17.4839572906494 17.5565414428711 17.7037925720215 17.669958114624 17.6928749084473 17.7081241607666 17.787166595459 17.8056659698486 17.8589572906494 17.8772087097168 17.9206657409668 18.1306667327881 18.3289985656738 18.3586673736572 18.4921245574951 18.4201259613037
16.7094993591309 16.7679996490479 16.6277503967285 16.517333984375 16.5287914276123 16.4809589385986 16.1854591369629 16.1260414123535 16.1111240386963 16.1207504272461 16.2164573669434 16.322416305542 16.5619163513184 16.6868743896484 16.869499206543 16.979959487915 17.0374584197998 17.0530834197998 17.0151672363281 17.0419578552246 17.0765838623047 17.1146659851074 17.2063751220703 17.3054161071777 17.4286251068115 17.43137550354 17.5232925415039 17.5429592132568 17.4891662597656 17.5014591217041 17.4800415039062 17.4502086639404 17.3753757476807 17.308708190918 17.2548751831055 17.3861675262451 17.4142913818359 17.3992500305176 17.5067081451416 17.6963329315186 17.7230415344238 17.6706256866455 17.7382926940918 17.7065010070801 17.7053337097168 17.755916595459 17.6821670532227 17.8734588623047 18.1235008239746 18.2217502593994 18.3241672515869 18.5462913513184 18.6938743591309
16.9162082672119 16.8719997406006 16.8278331756592 16.7955417633057 16.8314990997314 16.6267509460449 16.5749168395996 16.4774169921875 16.3892917633057 16.4461669921875 16.3544998168945 16.5599174499512 16.7619590759277 16.8795833587646 16.9007911682129 16.9485836029053 16.990291595459 17.0258750915527 17.0219573974609 17.1232490539551 17.2812080383301 17.3113327026367 17.4032497406006 17.4454174041748 17.5942497253418 17.648416519165 17.6675415039062 17.5906257629395 17.6462917327881 17.6631240844727 17.6168327331543 17.5344161987305 17.4544162750244 17.402416229248 17.3660411834717 17.3886661529541 17.390625 17.4174175262451 17.6410827636719 17.7255001068115 17.8120422363281 17.7626667022705 17.6563758850098 17.5032081604004 17.5491676330566 17.7607498168945 17.8287925720215 17.9581260681152 18.082332611084 18.265209197998 18.4255828857422 18.6548328399658 18.763542175293
17.0468330383301 17.0039157867432 16.9356250762939 16.9857921600342 16.9091663360596 16.8125419616699 16.6639595031738 16.5284996032715 16.4718341827393 16.5915832519531 16.6679992675781 16.8558750152588 16.9565010070801 16.974458694458 16.9373741149902 16.999584197998 17.0034999847412 17.0389575958252 17.1119575500488 17.2392501831055 17.3854160308838 17.4178333282471 17.4286670684814 17.546667098999 17.7260837554932 17.7553329467773 17.6700000762939 17.794750213623 17.781042098999 17.7458744049072 17.6980419158936 17.6021251678467 17.4989166259766 17.36887550354 17.3773746490479 17.4204578399658 17.4193344116211 17.5470008850098 17.69704246521 17.7827091217041 17.7625007629395 17.6492919921875 17.568416595459 17.4355010986328 17.4715423583984 17.6049575805664 17.8312911987305 17.8895835876465 18.073917388916 18.4030838012695 18.5530834197998 18.5128746032715 18.7810840606689
17.1108341217041 17.1016674041748 17.0588340759277 17.0120410919189 16.8355007171631 16.6933326721191 16.6155414581299 16.6237907409668 16.8110408782959 16.9069576263428 16.9049987792969 17.0771675109863 17.0875415802002 17.0290412902832 17.0207080841064 16.9841251373291 17.0575408935547 17.1424579620361 17.2817497253418 17.3998756408691 17.523624420166 17.5660839080811 17.5471668243408 17.6920833587646 17.7693748474121 17.8134574890137 17.8706245422363 17.9095840454102 17.869083404541 17.7690010070801 17.6705837249756 17.5829582214355 17.4620418548584 17.363374710083 17.376708984375 17.3711242675781 17.402458190918 17.6064167022705 17.6294174194336 17.67799949646 17.8280410766602 17.7473754882812 17.7076663970947 17.4789581298828 17.4729995727539 17.5076675415039 17.7300415039062 17.8742923736572 17.9645843505859 18.1369171142578 18.3098335266113 18.2622089385986 18.5007076263428
17.1241245269775 17.1287078857422 17.1060009002686 17.0744171142578 16.9832077026367 16.9249992370605 16.8360843658447 16.9124164581299 17.0098342895508 16.9986248016357 17.0608329772949 17.1854591369629 17.1862506866455 17.142749786377 17.0587921142578 17.0465412139893 17.1764583587646 17.3335418701172 17.3693332672119 17.5047073364258 17.6707496643066 17.726749420166 17.7509994506836 17.7611675262451 17.8370418548584 17.8386669158936 17.9088745117188 17.9067916870117 17.8236255645752 17.7215003967285 17.5604591369629 17.4052505493164 17.2828750610352 17.2425842285156 17.169958114624 17.2956657409668 17.4469165802002 17.5089168548584 17.6014175415039 17.6928749084473 17.9371662139893 17.8670845031738 17.8314590454102 17.5708332061768 17.521125793457 17.4597911834717 17.3189582824707 17.5586242675781 17.5479583740234 17.7810001373291 17.9689998626709 17.9526252746582 18.1587505340576
17.1339168548584 17.1631240844727 17.1644172668457 17.1644592285156 17.0581665039062 16.9596252441406 16.9667491912842 17.1205825805664 17.1474590301514 17.1596660614014 17.1817493438721 17.1790409088135 17.1878757476807 17.1687507629395 17.1776256561279 17.3111248016357 17.359167098999 17.3677501678467 17.4459171295166 17.548583984375 17.6082496643066 17.7087078094482 17.7872924804688 17.8000411987305 17.8838329315186 17.9353332519531 17.9374580383301 17.8639583587646 17.7588748931885 17.6639595031738 17.5278339385986 17.2752494812012 17.0718326568604 16.9859161376953 17.1857509613037 17.4659996032715 17.6240825653076 17.5982093811035 17.7104167938232 17.7333755493164 17.8597507476807 17.9370422363281 17.9640426635742 17.6946258544922 17.4791240692139 17.4799175262451 17.2537078857422 17.3027095794678 17.4420413970947 17.5273342132568 17.707332611084 17.8080005645752 18.0353755950928
17.1695003509521 17.2299575805664 17.2473335266113 17.2397499084473 17.1750411987305 17.0240840911865 17.0935001373291 17.1211242675781 17.1807079315186 17.148250579834 17.1846656799316 17.2641658782959 17.2926654815674 17.2992916107178 17.4229164123535 17.4090003967285 17.3820838928223 17.3745002746582 17.4212074279785 17.5070419311523 17.6240406036377 17.6712913513184 17.7099170684814 17.826000213623 17.8608341217041 17.9839172363281 17.8860416412354 17.8272075653076 17.8047504425049 17.8755836486816 17.6706256866455 17.3997917175293 17.0874996185303 17.1593322753906 17.3297500610352 17.3888339996338 17.6838760375977 17.8149585723877 17.7987499237061 17.9557914733887 17.7635841369629 17.7679996490479 17.8784999847412 17.7975006103516 17.4982089996338 17.3723335266113 17.1487503051758 17.1962089538574 17.2945423126221 17.5858745574951 17.8623752593994 17.9086246490479 17.9850006103516
17.2754993438721 17.3306255340576 17.3610420227051 17.3272075653076 17.263542175293 17.2133750915527 17.2657909393311 17.2139587402344 17.1224174499512 17.1134166717529 17.1726245880127 17.2754173278809 17.314582824707 17.4266662597656 17.4179592132568 17.4411659240723 17.4936656951904 17.5119171142578 17.5555419921875 17.5987091064453 17.6542491912842 17.6988334655762 17.7625007629395 17.8367500305176 17.9032077789307 18.0084171295166 18.0178756713867 18.0033340454102 18.0450000762939 17.9327907562256 17.7723751068115 17.5699157714844 17.2607917785645 17.363000869751 17.5153751373291 17.6261253356934 17.677791595459 17.8953742980957 18.0422496795654 17.8976249694824 17.9475841522217 17.728458404541 17.6527500152588 17.7180423736572 17.5427093505859 17.4735412597656 17.3484992980957 17.3135833740234 17.4009170532227 17.6376247406006 17.7867908477783 18.0361251831055 18.0460834503174
17.3955421447754 17.4136257171631 17.4305419921875 17.423791885376 17.3462905883789 17.2815418243408 17.2212924957275 17.2401256561279 17.1869583129883 17.0864162445068 17.1677093505859 17.2269592285156 17.2939167022705 17.4446678161621 17.4284591674805 17.4302501678467 17.5686664581299 17.6597919464111 17.640832901001 17.6146659851074 17.5894584655762 17.5656661987305 17.7203750610352 17.8615837097168 17.9945831298828 18.0240840911865 18.1485424041748 18.1262092590332 18.1586666107178 18.0539169311523 17.8577079772949 17.6591243743896 17.5628337860107 17.69704246521 17.8175830841064 17.7585830688477 17.837833404541 17.7912082672119 17.9677906036377 18.0969581604004 17.9802494049072 17.7984580993652 17.7199592590332 17.5768756866455 17.5063343048096 17.5665836334229 17.4300842285156 17.6068744659424 17.7648754119873 17.7985820770264 17.8805408477783 18.0707092285156 18.101541519165
17.6435413360596 17.5891246795654 17.4919166564941 17.4092922210693 17.3718338012695 17.2928333282471 17.2467918395996 17.2192077636719 17.2110424041748 17.1862087249756 17.1908760070801 17.1940002441406 17.3148746490479 17.4257907867432 17.3887500762939 17.5952491760254 17.6945419311523 17.7167510986328 17.617208480835 17.4884586334229 17.4415836334229 17.4360008239746 17.5636672973633 17.8103332519531 18.0576248168945 18.1184577941895 18.0254573822021 18.1814594268799 18.2632503509521 18.1394577026367 17.8608741760254 17.7847919464111 17.9594993591309 17.9318332672119 17.9874992370605 17.8844585418701 18.0086669921875 17.944917678833 17.9264583587646 18.0191669464111 18.0864162445068 17.8983745574951 17.7308330535889 17.7392082214355 17.7481670379639 17.6979579925537 17.63108253479 17.7227077484131 17.7969989776611 18.0049591064453 18.0714988708496 18.0624160766602 18.1735420227051
