layers/tmean9.asc
NCOLS 292 
NROWS 291 
XLLCORNER -87.6458333327872 
YLLCORNER 24.4791666666667 
CELLSIZE 0.0416666666669039 
NODATA_value -3.4e+38 
[rows 24 to 47 of 291, columns 159 to 211 of 292]
15.2102918624878 15.2546253204346 15.2709999084473 15.1701250076294 15.1023330688477 15.029125213623 15.0575838088989 14.999792098999 14.9852085113525 15.0124998092651 15.1174163818359 15.0592498779297 15.0954999923706 14.9747915267944 15.1405420303345 15.3356666564941 15.4084587097168 15.3885412216187 15.4711666107178 15.580249786377 15.4986667633057 15.446249961853 15.4089584350586 15.4628753662109 15.562292098999 15.6255416870117 15.3660001754761 15.2891664505005 15.2462911605835 15.2255420684814 15.351541519165 15.4517498016357 15.4536247253418 15.4165000915527 15.454083442688 15.4890832901001 15.5104999542236 15.5162496566772 15.5435419082642 15.5458745956421 15.5527086257935 15.5283336639404 15.5355834960938 15.5863752365112 15.566125869751 15.5817909240723 15.5441255569458 15.5176248550415 15.572208404541 15.5387916564941 15.6234998703003 15.6914587020874 15.7073745727539
15.2721252441406 15.3503332138062 15.3125829696655 15.2926254272461 15.2046251296997 15.2025003433228 15.2476663589478 15.1217088699341 15.0432920455933 15.0478754043579 15.150333404541 15.0860414505005 15.0393333435059 15.0829582214355 15.238582611084 15.3259162902832 15.3409585952759 15.3894166946411 15.5492916107178 15.6125831604004 15.5097503662109 15.4809579849243 15.4981670379639 15.5085830688477 15.6622915267944 15.5445003509521 15.4435005187988 15.3892087936401 15.4362497329712 15.3874168395996 15.4675416946411 15.5688743591309 15.5732078552246 15.5648336410522 15.5550422668457 15.5500831604004 15.5530414581299 15.5772504806519 15.6030836105347 15.6046667098999 15.6844158172607 15.6891670227051 15.6693754196167 15.689624786377 15.6944169998169 15.641749382019 15.6422910690308 15.6322917938232 15.6206665039062 15.6990423202515 15.7308330535889 15.735541343689 15.716625213623
15.2731246948242 15.3714170455933 15.3703746795654 15.3361663818359 15.3305416107178 15.3099584579468 15.273416519165 15.2924585342407 15.2162504196167 15.2034997940063 15.303750038147 15.1710834503174 15.2391662597656 15.1874170303345 15.2089996337891 15.3102912902832 15.3350410461426 15.4504995346069 15.6012496948242 15.6201667785645 15.6279582977295 15.7662916183472 15.7419576644897 15.7473335266113 15.8306245803833 15.5924587249756 15.5187501907349 15.4546251296997 15.4714164733887 15.4989166259766 15.5907917022705 15.6262912750244 15.618124961853 15.6482915878296 15.6553745269775 15.6571245193481 15.7162914276123 15.7375831604004 15.7512083053589 15.7752504348755 15.7827081680298 15.780291557312 15.7881669998169 15.8110418319702 15.7889585494995 15.7784576416016 15.8187923431396 15.8737087249756 15.860333442688 15.8254585266113 15.8772087097168 15.8467082977295 15.8347911834717
15.314582824707 15.3587083816528 15.3521251678467 15.3675003051758 15.376916885376 15.4841661453247 15.4545831680298 15.5035419464111 15.3975419998169 15.3677501678467 15.4622497558594 15.4511251449585 15.3910417556763 15.402416229248 15.3278751373291 15.404125213623 15.4491672515869 15.5448331832886 15.6190414428711 15.6061248779297 15.7423334121704 16.003791809082 15.9968338012695 15.9563751220703 16.0336666107178 15.6882085800171 15.5237913131714 15.543083190918 15.5657920837402 15.6073331832886 15.6443748474121 15.7047080993652 15.7283334732056 15.703125 15.7011251449585 15.7256669998169 15.8069171905518 15.8135414123535 15.8435001373291 15.8340835571289 15.8759164810181 15.951042175293 15.9645004272461 15.9331245422363 15.9435415267944 15.9460830688477 15.9212913513184 15.9147081375122 15.9437084197998 15.9615001678467 15.9894580841064 16.0729579925537 16.0698337554932
15.4434585571289 15.4352502822876 15.4210004806519 15.4756669998169 15.4574165344238 15.5641250610352 15.6249580383301 15.5732078552246 15.5972919464111 15.5422496795654 15.5749578475952 15.6087493896484 15.519832611084 15.4704999923706 15.5825414657593 15.5026254653931 15.5818748474121 15.5521669387817 15.7344999313354 15.7997913360596 15.8811664581299 16.0711669921875 16.0336666107178 16.0012493133545 16.0572490692139 15.6827087402344 15.6092920303345 15.6622505187988 15.7258329391479 15.6539583206177 15.7003755569458 15.7347497940063 15.7691249847412 15.7926664352417 15.7459583282471 15.8113327026367 15.8714590072632 15.9107913970947 15.908166885376 15.8913335800171 15.9662084579468 15.9969167709351 15.9984169006348 15.9930830001831 16.048999786377 16.0660419464111 16.028959274292 15.9869165420532 15.9686660766602 15.9896659851074 16.0483741760254 16.079833984375 16.2509994506836
15.6380414962769 15.6334581375122 15.5685415267944 15.5155830383301 15.5311250686646 15.6034164428711 15.6215419769287 15.654167175293 15.7025413513184 15.6752910614014 15.6685419082642 15.7222499847412 15.6273326873779 15.63108253479 15.6387500762939 15.6342086791992 15.6665830612183 15.5886249542236 15.7335414886475 15.9057502746582 15.954083442688 16.0735836029053 16.076042175293 16.2514572143555 15.8747081756592 15.689624786377 15.7607078552246 15.8377923965454 15.8716669082642 15.7523336410522 15.7819585800171 15.8192081451416 15.8455419540405 15.8223752975464 15.7863750457764 15.8547506332397 15.9040002822876 15.9486665725708 15.9852504730225 16.0060005187988 16.0714168548584 16.0459156036377 16.0854167938232 16.1265830993652 16.1468334197998 16.1634578704834 16.1648330688477 16.1758327484131 16.1902923583984 16.1822090148926 16.2403335571289 16.2857913970947 16.324291229248
15.7874584197998 15.7819166183472 15.7697916030884 15.7794170379639 15.7679586410522 15.6692914962769 15.6488332748413 15.6926670074463 15.7357912063599 15.7311248779297 15.6934585571289 15.7669582366943 15.7631244659424 15.8287496566772 15.6360416412354 15.6535005569458 15.771333694458 15.7607917785645 15.8478336334229 15.9703750610352 15.8836250305176 15.9955835342407 16.2618751525879 16.0417919158936 15.8473329544067 15.8031253814697 15.8912506103516 15.9035835266113 15.9130001068115 15.7895832061768 15.7588338851929 15.7824583053589 15.8011245727539 15.8329162597656 15.873833656311 16.0141258239746 15.9794578552246 15.9613332748413 15.9625835418701 16.0244159698486 16.0939159393311 16.1429996490479 16.195333480835 16.2180423736572 16.2444591522217 16.2739162445068 16.2875843048096 16.3161659240723 16.3106670379639 16.3837089538574 16.4200000762939 16.3893337249756 16.4528331756592
15.8331670761108 15.8255004882812 15.8881664276123 15.9279584884644 15.9129581451416 15.8624992370605 15.8289585113525 15.7696666717529 15.7040414810181 15.7242498397827 15.7214584350586 15.7564163208008 15.8388757705688 15.8718328475952 15.6995000839233 15.6477499008179 15.8068752288818 15.9785413742065 16.0302505493164 15.9870834350586 16.021125793457 16.2485828399658 16.3542919158936 16.0904998779297 16.0438327789307 15.989333152771 16.0778331756592 16.0170421600342 15.9751663208008 15.8277082443237 15.713791847229 15.7977085113525 15.8436250686646 15.8755416870117 16.0174160003662 16.0601253509521 16.0582504272461 16.0317497253418 16.0731658935547 16.1065006256104 16.1280422210693 16.2066249847412 16.2248344421387 16.2724990844727 16.2983341217041 16.3290004730225 16.3418750762939 16.3549995422363 16.4240417480469 16.4388332366943 16.462833404541 16.4322910308838 16.4242916107178
15.8938331604004 15.90625 15.9294166564941 15.9343748092651 15.9514169692993 16.005500793457 16.0155830383301 15.9614582061768 15.8674583435059 15.8052501678467 15.7357082366943 15.8105411529541 15.911208152771 15.9125003814697 15.8515005111694 15.8654584884644 15.9777498245239 16.1331253051758 16.1010417938232 16.0128746032715 16.1344165802002 16.3513736724854 16.3735408782959 16.2582492828369 16.2133750915527 16.1547088623047 16.1824169158936 16.1578330993652 16.0382080078125 15.9832496643066 15.8752498626709 15.8983335494995 15.9919166564941 16.0015830993652 16.0082092285156 16.0842914581299 16.1176261901855 16.1573753356934 16.2311248779297 16.210750579834 16.1870002746582 16.2397079467773 16.2843322753906 16.3701667785645 16.3942909240723 16.4644584655762 16.5305004119873 16.5273742675781 16.5640830993652 16.5053329467773 16.5235424041748 16.5297088623047 16.4921245574951
15.9316663742065 15.9269580841064 15.9372501373291 15.9903335571289 16.0123748779297 16.0252494812012 16.0495414733887 16.0166664123535 16.0262489318848 15.9395418167114 15.8974580764771 15.9625415802002 15.9966249465942 15.979416847229 16.035457611084 16.0699996948242 16.0626258850098 16.1405010223389 16.2226676940918 16.2207908630371 16.3139171600342 16.3707084655762 16.3858337402344 16.3341674804688 16.2311668395996 16.2982501983643 16.3946666717529 16.3493747711182 16.3197498321533 16.0915832519531 15.989333152771 15.9390830993652 16.0355834960938 16.1166248321533 16.0847911834717 16.1357917785645 16.103666305542 16.1131248474121 16.1579170227051 16.3188343048096 16.2887077331543 16.3783340454102 16.5221672058105 16.5765838623047 16.5362911224365 16.6140003204346 16.6174163818359 16.630708694458 16.7074165344238 16.7372493743896 16.6504173278809 16.5534591674805 16.5694160461426
15.931791305542 15.9161252975464 15.9292917251587 15.9973745346069 15.972583770752 16.0174579620361 15.9792079925537 15.9750423431396 16.0123748779297 15.9987916946411 15.9963331222534 15.999249458313 16.0099582672119 16.0528755187988 16.1065006256104 16.1211242675781 16.1861248016357 16.2164573669434 16.3087921142578 16.3779163360596 16.4059581756592 16.4182090759277 16.4146251678467 16.30295753479 16.3566665649414 16.3982086181641 16.4873332977295 16.4496250152588 16.2996673583984 16.1961250305176 16.0592079162598 16.0163326263428 16.0843753814697 16.2173328399658 16.1750831604004 16.2574157714844 16.1797504425049 16.1412506103516 16.220874786377 16.2372074127197 16.4287090301514 16.4254589080811 16.4952926635742 16.5520839691162 16.6367492675781 16.6923332214355 16.7142925262451 16.7581253051758 16.7192916870117 16.6899585723877 16.6833343505859 16.7101669311523 16.7186241149902
15.8990001678467 15.8763332366943 15.8837089538574 15.9149589538574 15.9473752975464 15.9198751449585 16.0044994354248 16.0393333435059 16.0303325653076 15.9718332290649 15.976375579834 16.0317077636719 16.042875289917 16.1028327941895 16.1335411071777 16.1527500152588 16.2255420684814 16.3178329467773 16.2417087554932 16.3554172515869 16.3312911987305 16.3496246337891 16.4207496643066 16.396541595459 16.4050426483154 16.4435405731201 16.4920406341553 16.341459274292 16.2095832824707 16.1845836639404 16.1435832977295 16.0685005187988 16.168041229248 16.1970825195312 16.3354167938232 16.3744583129883 16.3671245574951 16.3702907562256 16.422082901001 16.366792678833 16.5940418243408 16.6098327636719 16.5167083740234 16.4808750152588 16.5618324279785 16.593542098999 16.6254577636719 16.5987091064453 16.6762924194336 16.7227916717529 16.7367916107178 16.7775421142578 16.7697906494141
15.9698333740234 15.9027080535889 15.8754167556763 15.8675413131714 15.8688335418701 15.9472494125366 16.0077495574951 16.0515003204346 16.0130405426025 15.9692497253418 16.0004177093506 16.0127086639404 16.0417919158936 16.1016674041748 16.1460838317871 16.1925411224365 16.1966247558594 16.203540802002 16.2212505340576 16.2779579162598 16.3132076263428 16.326042175293 16.3996658325195 16.4590835571289 16.4084587097168 16.3782081604004 16.4230823516846 16.295166015625 16.3198337554932 16.1683750152588 16.1513748168945 16.2296257019043 16.2239170074463 16.2612915039062 16.3721256256104 16.4075412750244 16.4587078094482 16.538667678833 16.556791305542 16.5834999084473 16.5847911834717 16.6944160461426 16.6069164276123 16.6016254425049 16.6082077026367 16.6853332519531 16.7020835876465 16.7249164581299 16.75954246521 16.7709579467773 16.8255004882812 16.849458694458 16.7396659851074
15.9727087020874 15.9778747558594 15.9163751602173 15.9252910614014 15.9767503738403 15.9727916717529 16.0233325958252 16.0010833740234 15.9724998474121 15.9701251983643 16.0136260986328 16.0287494659424 16.0708332061768 16.0804576873779 16.1019172668457 16.1683750152588 16.1356658935547 16.1789989471436 16.2218742370605 16.2875423431396 16.326042175293 16.3756256103516 16.4147071838379 16.4264583587646 16.3648338317871 16.339750289917 16.3723335266113 16.44358253479 16.2671241760254 16.2784996032715 16.2676658630371 16.4101257324219 16.3752918243408 16.3662509918213 16.2891674041748 16.3436241149902 16.5067081451416 16.6030826568604 16.6329174041748 16.6229991912842 16.5197505950928 16.6420841217041 16.6831665039062 16.6625003814697 16.6482086181641 16.7144165039062 16.7222499847412 16.7351665496826 16.7779998779297 16.8068332672119 16.8372917175293 16.7992916107178 16.7407073974609
15.9390001296997 15.9675416946411 15.9545001983643 15.9097499847412 15.9871253967285 16.0324993133545 15.9920835494995 15.983208656311 15.9642915725708 15.9955005645752 16.0189990997314 16.0366668701172 16.0638751983643 16.0534992218018 16.0434589385986 16.1080837249756 16.1829166412354 16.2569580078125 16.3054580688477 16.333833694458 16.3500003814697 16.36887550354 16.3710422515869 16.3353328704834 16.3345832824707 16.3229579925537 16.4842910766602 16.4583759307861 16.515417098999 16.3502922058105 16.4309997558594 16.4889583587646 16.4627914428711 16.4047908782959 16.3695411682129 16.4045829772949 16.4462909698486 16.5587501525879 16.6776256561279 16.6377506256104 16.589334487915 16.6035842895508 16.6710414886475 16.6979160308838 16.7080001831055 16.7083759307861 16.7216663360596 16.7903747558594 16.8590831756592 16.8430824279785 16.8366260528564 16.7994155883789 16.7543334960938
16.0621662139893 16.0199165344238 15.9226665496826 15.929666519165 16.0287494659424 16.0028324127197 15.9985418319702 16.0406665802002 16.0552501678467 15.9981250762939 15.9957504272461 16.0082092285156 16.0449161529541 16.0374584197998 16.0531253814697 16.1438331604004 16.2507915496826 16.314582824707 16.3546257019043 16.3463745117188 16.3445415496826 16.3385410308838 16.3178329467773 16.3424587249756 16.3546257019043 16.3926258087158 16.4402503967285 16.5911674499512 16.4349155426025 16.4935417175293 16.5394992828369 16.4870834350586 16.4387073516846 16.4261245727539 16.4360828399658 16.4076671600342 16.4681243896484 16.5008335113525 16.5811252593994 16.7003326416016 16.6173324584961 16.6672077178955 16.6927909851074 16.6772499084473 16.7089996337891 16.7437496185303 16.7952919006348 16.8493747711182 16.8800411224365 16.8783760070801 16.8138332366943 16.8126659393311 16.8357086181641
16.0887069702148 16.0928745269775 16.0877494812012 15.9868335723877 15.992208480835 15.9909172058105 16.0372924804688 16.0307502746582 15.9903335571289 15.9779586791992 16.0162906646729 16.0424575805664 16.0470409393311 16.0650005340576 16.1426658630371 16.2407493591309 16.3167915344238 16.3699588775635 16.3744163513184 16.3638343811035 16.35325050354 16.3428745269775 16.3602924346924 16.3866672515869 16.4382915496826 16.5249576568604 16.4958343505859 16.5700416564941 16.5615825653076 16.5481662750244 16.5292911529541 16.4704990386963 16.4045829772949 16.3797092437744 16.4621658325195 16.4997501373291 16.5579586029053 16.5882511138916 16.6168746948242 16.6773338317871 16.7485828399658 16.7136669158936 16.742374420166 16.7128753662109 16.7469177246094 16.7994575500488 16.8252086639404 16.8608322143555 16.8707504272461 16.8875827789307 16.8622074127197 16.894416809082 16.8929996490479
16.0657920837402 16.125415802002 16.0585422515869 15.9776248931885 15.9781665802002 16.046667098999 16.089958190918 16.0744171142578 16.0590000152588 16.0633754730225 16.0730419158936 16.0834999084473 16.1196670532227 16.2273330688477 16.3409996032715 16.4012508392334 16.4203338623047 16.4365425109863 16.443416595459 16.4357089996338 16.4442920684814 16.4156246185303 16.4207916259766 16.4824161529541 16.5146675109863 16.5669174194336 16.5718326568604 16.6252918243408 16.5955009460449 16.5286674499512 16.486457824707 16.4780406951904 16.441707611084 16.4776248931885 16.486083984375 16.5766658782959 16.6141662597656 16.6521663665771 16.6997909545898 16.7258338928223 16.7500839233398 16.7434997558594 16.784875869751 16.7869167327881 16.8039169311523 16.8190422058105 16.8404998779297 16.8734588623047 16.8869590759277 16.8791255950928 16.8622493743896 16.8824996948242 16.8947925567627
16.0432910919189 16.0397090911865 16.0232086181641 15.9597501754761 15.9646663665771 16.0709171295166 16.0914993286133 16.1009998321533 16.0969161987305 16.1104583740234 16.1751251220703 16.2308750152588 16.3035831451416 16.4163341522217 16.4966659545898 16.5471668243408 16.5329990386963 16.5216674804688 16.5049591064453 16.4991245269775 16.5012912750244 16.5195407867432 16.5522079467773 16.5627498626709 16.5809593200684 16.5866661071777 16.5659999847412 16.5187091827393 16.566499710083 16.5691661834717 16.5328330993652 16.5071678161621 16.4752082824707 16.5480823516846 16.5629577636719 16.6970825195312 16.697416305542 16.7266254425049 16.7631664276123 16.7737503051758 16.7592926025391 16.7642917633057 16.8078746795654 16.8233337402344 16.8613338470459 16.8677921295166 16.8674583435059 16.898250579834 16.896125793457 16.85329246521 16.8752498626709 16.9000415802002 16.9022083282471
15.9969997406006 16.00950050354 16.0227508544922 15.968957901001 16.0564594268799 16.1337509155273 16.1244163513184 16.0999164581299 16.1101245880127 16.1478328704834 16.2477912902832 16.3450832366943 16.4500408172607 16.4906253814697 16.5526256561279 16.5996246337891 16.611083984375 16.5855827331543 16.5694999694824 16.5779991149902 16.5668754577637 16.5910415649414 16.6276664733887 16.6402492523193 16.6458339691162 16.5955829620361 16.5516662597656 16.5425415039062 16.5548343658447 16.5670413970947 16.5564994812012 16.5441665649414 16.5712909698486 16.6285839080811 16.687873840332 16.7722911834717 16.7600002288818 16.7655410766602 16.8014583587646 16.8347091674805 16.8140830993652 16.7861671447754 16.8037090301514 16.8510837554932 16.9014167785645 16.9126243591309 16.8931674957275 16.8876667022705 16.8661251068115 16.8954162597656 16.9232501983643 16.9207077026367 16.9030838012695
15.9879999160767 16.0034580230713 16.007833480835 16.0169162750244 16.085750579834 16.0979995727539 16.0780830383301 16.0765838623047 16.1195411682129 16.1852493286133 16.2729587554932 16.3772926330566 16.4318332672119 16.5497493743896 16.652042388916 16.6416664123535 16.6647911071777 16.6573753356934 16.6217079162598 16.605583190918 16.5887508392334 16.6227912902832 16.6409168243408 16.6481246948242 16.6588745117188 16.6277084350586 16.5551261901855 16.5252094268799 16.5427913665771 16.5554580688477 16.5460834503174 16.5617084503174 16.6184577941895 16.6529159545898 16.7244167327881 16.8059997558594 16.8016662597656 16.8081245422363 16.8313751220703 16.8461246490479 16.8411254882812 16.8218326568604 16.8178749084473 16.8513336181641 16.8902492523193 16.9117088317871 16.9098339080811 16.8765830993652 16.8904991149902 16.8922080993652 16.9037094116211 16.91237449646 16.9149169921875
16.0277500152588 15.9935836791992 15.9830837249756 16.0191249847412 16.003791809082 15.9802923202515 15.989333152771 16.0279579162598 16.1046657562256 16.1972923278809 16.2925415039062 16.3975830078125 16.4557075500488 16.5927906036377 16.6458759307861 16.6511669158936 16.6707077026367 16.663875579834 16.6432075500488 16.6374988555908 16.6601257324219 16.6626243591309 16.6971664428711 16.7088756561279 16.6687088012695 16.646541595459 16.6044578552246 16.5896663665771 16.5560417175293 16.5527496337891 16.5637493133545 16.615291595459 16.6826667785645 16.687292098999 16.7488746643066 16.8139171600342 16.8332500457764 16.8565006256104 16.8481254577637 16.8530406951904 16.8225002288818 16.8426246643066 16.8457908630371 16.8642921447754 16.8806247711182 16.9149589538574 16.9306659698486 16.9158744812012 16.9206256866455 16.9250411987305 16.9188327789307 16.9266662597656 16.9961242675781
16.0116672515869 16.0130405426025 15.99049949646 15.9908332824707 15.9833335876465 15.9583749771118 15.9494581222534 16.0039577484131 16.0543327331543 16.1577491760254 16.2877502441406 16.3789157867432 16.4817504882812 16.5360832214355 16.5974159240723 16.6363754272461 16.6482925415039 16.6458759307861 16.6479167938232 16.7027912139893 16.7188339233398 16.7100830078125 16.7103328704834 16.7304172515869 16.6919574737549 16.6394176483154 16.6462497711182 16.6563739776611 16.6245422363281 16.6077499389648 16.6207084655762 16.6579170227051 16.7315406799316 16.7634582519531 16.7803325653076 16.8532085418701 16.8908748626709 16.8875007629395 16.865083694458 16.8634586334229 16.8427906036377 16.8684997558594 16.8921241760254 16.8981246948242 16.8950824737549 16.9201259613037 16.9756660461426 16.9816665649414 16.9965419769287 16.9629173278809 16.9730415344238 17.0103340148926 17.0369167327881
16.0281658172607 16.0484161376953 16.0189590454102 16.0265407562256 15.9765005111694 15.9188747406006 15.854416847229 15.9052085876465 16.0121669769287 16.1730422973633 16.3125839233398 16.4070415496826 16.4594993591309 16.5047073364258 16.5462074279785 16.6086673736572 16.636999130249 16.6491661071777 16.6737499237061 16.7034168243408 16.7230834960938 16.7132911682129 16.7159175872803 16.7336673736572 16.7113742828369 16.679708480835 16.6730003356934 16.6545829772949 16.6452922821045 16.6322078704834 16.6544170379639 16.6792907714844 16.7258758544922 16.7762908935547 16.8090000152588 16.8677921295166 16.9068756103516 16.8868751525879 16.86545753479 16.8537082672119 16.9078330993652 16.9283752441406 16.9248752593994 16.9591255187988 16.9733753204346 17.00950050354 17.0470008850098 17.0572490692139 17.0841255187988 17.0557918548584 17.062707901001 17.056791305542 17.070125579834
