layers/tmean9.asc
NCOLS 292 
NROWS 291 
XLLCORNER -87.6458333327872 
YLLCORNER 24.4791666666667 
CELLSIZE 0.0416666666669039 
NODATA_value -3.4e+38 
[rows 192 to 215 of 291, columns 106 to 158 of 292]
-3.4e+38 -3.4e+38 -3.4e+38 -3.4e+38 -3.4e+38 -3.4e+38 -3.4e+38 -3.4e+38 -3.4e+38 -3.4e+38 -3.4e+38 -3.4e+38 -3.4e+38 -3.4e+38 22.3665828704834 22.292875289917 22.4755001068115 22.4942092895508 22.615291595459 22.8920822143555 22.8759994506836 22.7922096252441 22.7126655578613 22.4956245422363 22.2971668243408 22.2366676330566 22.1905822753906 22.1940002441406 22.2192077636719 22.2566261291504 22.267541885376 22.3858757019043 22.4745006561279 22.5549163818359 22.6293334960938 22.730541229248 22.827917098999 22.7011260986328 22.6701240539551 22.7209167480469 22.925500869751 22.9072074890137 22.9248752593994 22.9382915496826 22.960750579834 22.9752502441406 22.9500827789307 22.8812503814697 22.8400421142578 22.7554588317871 22.8298759460449 22.8697910308838 22.8514575958252
-3.4e+38 -3.4e+38 -3.4e+38 -3.4e+38 -3.4e+38 -3.4e+38 -3.4e+38 -3.4e+38 -3.4e+38 -3.4e+38 -3.4e+38 -3.4e+38 -3.4e+38 -3.4e+38 22.3037910461426 22.2950000762939 22.4612503051758 22.4772491455078 22.5574588775635 22.5737915039062 22.7886257171631 22.7125835418701 22.6631660461426 22.5166664123535 22.2906665802002 22.2602500915527 22.2060832977295 22.2060832977295 22.2230834960938 22.2551250457764 22.2863330841064 22.3568344116211 22.5009593963623 22.5851249694824 22.6521663665771 22.716667175293 22.8665409088135 22.7784996032715 22.7716674804688 22.8392925262451 22.9202499389648 22.9168758392334 22.9429168701172 22.9519577026367 22.9523754119873 23.0200424194336 23.0007495880127 22.9367923736572 22.9349575042725 22.8534164428711 22.8092079162598 22.8860836029053 22.9124584197998
-3.4e+38 -3.4e+38 -3.4e+38 -3.4e+38 -3.4e+38 -3.4e+38 -3.4e+38 -3.4e+38 -3.4e+38 -3.4e+38 -3.4e+38 -3.4e+38 -3.4e+38 -3.4e+38 22.2338752746582 22.257999420166 22.3936252593994 22.3740005493164 22.3426246643066 22.4349994659424 22.720874786377 22.8524169921875 22.7271671295166 22.5305824279785 22.3223743438721 22.2819995880127 22.2486248016357 22.2467079162598 22.2373332977295 22.2662086486816 22.3127498626709 22.4119167327881 22.5692081451416 22.6373329162598 22.6835823059082 22.7121257781982 22.7992076873779 22.8112506866455 22.8149585723877 22.8347072601318 22.855375289917 23.0048332214355 22.9265003204346 22.9527912139893 22.9825839996338 22.9933338165283 22.9806671142578 22.9304161071777 22.9327507019043 22.892707824707 22.8597087860107 22.9351673126221 22.9297504425049
-3.4e+38 -3.4e+38 -3.4e+38 -3.4e+38 -3.4e+38 -3.4e+38 -3.4e+38 -3.4e+38 -3.4e+38 -3.4e+38 -3.4e+38 -3.4e+38 -3.4e+38 22.3627510070801 22.2054176330566 22.2675838470459 22.3223743438721 22.2192077636719 22.2000007629395 22.2496242523193 22.4225826263428 22.6592502593994 22.613374710083 22.5473747253418 22.4061660766602 22.2941246032715 22.2940006256104 22.3337497711182 22.3745002746582 22.3859176635742 22.4141674041748 22.4959163665771 22.5739574432373 22.6331253051758 22.6898746490479 22.7195835113525 22.7932510375977 22.8188323974609 22.8136253356934 22.8042087554932 22.8469161987305 22.9456253051758 22.9004173278809 22.9143753051758 22.9392509460449 22.9412498474121 22.9482498168945 22.9318332672119 22.9290008544922 22.9615001678467 22.9329166412354 22.9504165649414 22.9461669921875
-3.4e+38 -3.4e+38 -3.4e+38 -3.4e+38 -3.4e+38 -3.4e+38 -3.4e+38 -3.4e+38 -3.4e+38 -3.4e+38 -3.4e+38 -3.4e+38 -3.4e+38 22.320333480835 22.1630420684814 22.2327919006348 22.2180004119873 22.1252918243408 22.0687084197998 22.0858325958252 22.281042098999 22.35325050354 22.5039577484131 22.5706672668457 22.4027080535889 22.2490005493164 22.2695007324219 22.341667175293 22.4446659088135 22.5127906799316 22.5542087554932 22.6140003204346 22.6480007171631 22.6802501678467 22.718542098999 22.7565422058105 22.798999786377 22.7979583740234 22.8320426940918 22.8442497253418 22.8782920837402 22.91579246521 22.8662910461426 22.8635406494141 22.9027080535889 22.9137077331543 22.9130001068115 22.9333744049072 22.9828338623047 22.9699172973633 22.9490833282471 22.9568328857422 22.9314155578613
-3.4e+38 -3.4e+38 -3.4e+38 -3.4e+38 -3.4e+38 -3.4e+38 -3.4e+38 -3.4e+38 -3.4e+38 -3.4e+38 -3.4e+38 -3.4e+38 22.38108253479 22.2634582519531 22.1672916412354 22.2196674346924 22.1793746948242 22.0872917175293 22.0211658477783 22.0400829315186 22.1748752593994 22.2018337249756 22.3364162445068 22.2910423278809 22.2827911376953 22.2126655578613 22.269832611084 22.3937492370605 22.4494590759277 22.4992084503174 22.5712509155273 22.7082920074463 22.6864585876465 22.6939582824707 22.7253761291504 22.7682075500488 22.8260841369629 22.8544578552246 22.8696670532227 22.8600425720215 22.886833190918 22.8988742828369 22.8543758392334 22.8496246337891 22.8600406646729 22.8726253509521 22.9246253967285 22.9878330230713 22.9667091369629 22.9745407104492 22.9617080688477 22.9477920532227 22.9291667938232
-3.4e+38 -3.4e+38 -3.4e+38 -3.4e+38 -3.4e+38 -3.4e+38 -3.4e+38 -3.4e+38 -3.4e+38 -3.4e+38 -3.4e+38 -3.4e+38 22.4629573822021 22.2276668548584 22.2101669311523 22.2394580841064 22.1897926330566 22.1559162139893 22.0852508544922 22.0762500762939 22.128791809082 22.074333190918 22.0534172058105 22.1496257781982 22.1476669311523 22.2155838012695 22.328540802002 22.3915424346924 22.4712505340576 22.5144996643066 22.6181659698486 22.7582912445068 22.7872085571289 22.8231658935547 22.8522911071777 22.8834590911865 22.9090423583984 22.9060840606689 22.9415416717529 22.9480419158936 22.9429168701172 22.9215831756592 22.8774166107178 22.8548755645752 22.8602085113525 22.8848323822021 22.978458404541 22.9985828399658 23.011791229248 22.99391746521 22.9758338928223 22.9599170684814 22.9478740692139
-3.4e+38 -3.4e+38 -3.4e+38 -3.4e+38 -3.4e+38 -3.4e+38 -3.4e+38 -3.4e+38 -3.4e+38 -3.4e+38 -3.4e+38 -3.4e+38 22.4738750457764 22.2950000762939 22.2853336334229 22.2627086639404 22.2099990844727 22.2078742980957 22.1841239929199 22.1533737182617 22.1578750610352 22.1511669158936 22.1241245269775 22.2707500457764 22.2698745727539 22.3370418548584 22.3322925567627 22.3847503662109 22.4866256713867 22.5721244812012 22.6880416870117 22.8152503967285 22.857666015625 22.9449157714844 22.9769592285156 22.9995002746582 22.9834175109863 22.9604587554932 23.0342922210693 23.0469589233398 23.0260009765625 23.0050010681152 22.9585819244385 22.9420413970947 22.9582920074463 23.0024585723877 23.0314998626709 23.0499572753906 23.0360412597656 22.9961242675781 22.9807510375977 22.9849166870117 22.9587917327881
-3.4e+38 -3.4e+38 -3.4e+38 -3.4e+38 -3.4e+38 -3.4e+38 -3.4e+38 -3.4e+38 -3.4e+38 -3.4e+38 -3.4e+38 22.6984577178955 22.4984169006348 22.3837509155273 22.328498840332 22.2685413360596 22.2232913970947 22.2264156341553 22.2489585876465 22.2342510223389 22.2355422973633 22.2347507476807 22.2061653137207 22.2497501373291 22.28733253479 22.2792091369629 22.3274993896484 22.4387493133545 22.5402507781982 22.6229572296143 22.7688331604004 22.8658332824707 22.9200839996338 22.9956245422363 23.0134582519531 23.0408325195312 23.062084197998 23.0501251220703 23.0416240692139 23.0476665496826 23.0340423583984 23.0276660919189 23.017749786377 23.0128326416016 22.99658203125 23.0384998321533 23.0699996948242 23.0683326721191 23.0207500457764 22.9992084503174 22.9730834960938 22.9568328857422 22.9530410766602
-3.4e+38 -3.4e+38 -3.4e+38 -3.4e+38 -3.4e+38 -3.4e+38 -3.4e+38 -3.4e+38 -3.4e+38 -3.4e+38 22.8599166870117 22.8235416412354 22.6090831756592 22.4837074279785 22.3841667175293 22.3257923126221 22.2894172668457 22.2695827484131 22.3037509918213 22.2775840759277 22.2693748474121 22.2424163818359 22.2374572753906 22.275333404541 22.322208404541 22.3209590911865 22.3544578552246 22.4767093658447 22.5867500305176 22.6919174194336 22.8338756561279 22.9534587860107 22.9940414428711 23.0248336791992 23.0500411987305 23.0795822143555 23.0881252288818 23.0747928619385 23.0780830383301 23.082332611084 23.0548324584961 23.0454578399658 23.0466251373291 23.0424995422363 23.0296669006348 23.0414581298828 23.0531253814697 23.0534992218018 22.994457244873 22.9812088012695 22.9511661529541 22.9231243133545 22.9127502441406
-3.4e+38 -3.4e+38 -3.4e+38 -3.4e+38 -3.4e+38 -3.4e+38 -3.4e+38 -3.4e+38 -3.4e+38 22.9999580383301 23.0112495422363 22.9548759460449 22.7028331756592 22.5607490539551 22.4639587402344 22.4226245880127 22.406042098999 22.3814582824707 22.3742504119873 22.3414573669434 22.2778339385986 22.3060836791992 22.2720832824707 22.2943325042725 22.3096656799316 22.3839168548584 22.4335422515869 22.511625289917 22.6450424194336 22.8080825805664 22.8930835723877 22.96266746521 23.0172080993652 23.0947074890137 23.0962085723877 23.0921249389648 23.1128749847412 23.1177082061768 23.1137504577637 23.0919990539551 23.06862449646 23.0665836334229 23.0411243438721 23.0192089080811 23.0146675109863 22.9949588775635 23.0067081451416 23.0052089691162 22.9738330841064 22.9492073059082 22.8968753814697 22.877124786377 22.8511257171631
-3.4e+38 -3.4e+38 -3.4e+38 -3.4e+38 -3.4e+38 -3.4e+38 -3.4e+38 -3.4e+38 -3.4e+38 23.0784168243408 23.1204166412354 23.0371246337891 22.7397079467773 22.588041305542 22.5323333740234 22.5582084655762 22.5206661224365 22.4937915802002 22.4657077789307 22.3689575195312 22.3151245117188 22.283374786377 22.2355823516846 22.2309169769287 22.3064155578613 22.3801250457764 22.4238338470459 22.4821243286133 22.6445827484131 22.8902492523193 22.9837913513184 23.0040416717529 23.0735836029053 23.1319580078125 23.1187915802002 23.1319999694824 23.1371669769287 23.1362915039062 23.173583984375 23.1162090301514 23.0793342590332 23.0503749847412 22.9992504119873 23.0016670227051 22.9711666107178 22.9524154663086 22.9792499542236 22.9629993438721 22.9344577789307 22.9029579162598 22.8773345947266 22.8327083587646 22.7935409545898
-3.4e+38 -3.4e+38 -3.4e+38 -3.4e+38 -3.4e+38 -3.4e+38 -3.4e+38 -3.4e+38 -3.4e+38 23.113166809082 23.1158752441406 23.010124206543 22.6826667785645 22.5199165344238 22.5025424957275 22.5617084503174 22.6318740844727 22.6322498321533 22.5687503814697 22.4644584655762 22.3293342590332 22.2835006713867 22.2207088470459 22.2091255187988 22.29075050354 22.3495826721191 22.3720417022705 22.4281253814697 22.5682926177979 22.8250408172607 22.9948749542236 23.0280838012695 23.0437088012695 23.1102905273438 23.1464576721191 23.138542175293 23.1348743438721 23.1529159545898 23.2073745727539 23.1681251525879 23.1123332977295 23.0707511901855 22.9992084503174 22.9842910766602 22.9227085113525 22.9203338623047 22.9322910308838 22.9060840606689 22.9092922210693 22.8980007171631 22.8484592437744 22.8154582977295 22.7938747406006
-3.4e+38 -3.4e+38 -3.4e+38 -3.4e+38 -3.4e+38 -3.4e+38 -3.4e+38 -3.4e+38 -3.4e+38 23.1008758544922 23.0373344421387 22.8157920837402 22.5322494506836 22.3770427703857 22.4217491149902 22.5538749694824 22.7207088470459 22.7842502593994 22.7306251525879 22.6405830383301 22.478666305542 22.3965835571289 22.3664169311523 22.216667175293 22.2362499237061 22.2459583282471 22.259334564209 22.3840007781982 22.4982070922852 22.6910839080811 22.9685840606689 23.0309162139893 23.0321674346924 23.0928325653076 23.1326675415039 23.1342506408691 23.1681251525879 23.1485424041748 23.2072086334229 23.232666015625 23.1570415496826 23.1363754272461 23.0388336181641 22.9735832214355 22.9318332672119 22.8999996185303 22.8773326873779 22.8834590911865 22.8825416564941 22.8699588775635 22.8387088775635 22.8071250915527 22.7896671295166
-3.4e+38 -3.4e+38 -3.4e+38 -3.4e+38 -3.4e+38 -3.4e+38 -3.4e+38 -3.4e+38 -3.4e+38 -3.4e+38 22.9312915802002 22.6723747253418 22.4333744049072 22.4348335266113 22.5297508239746 22.605167388916 22.7385005950928 22.8988342285156 22.9147090911865 22.8560009002686 22.6653327941895 22.4991664886475 22.4402923583984 22.2188339233398 22.2504177093506 22.2145824432373 22.183708190918 22.338249206543 22.5130004882812 22.7163753509521 22.9416675567627 22.9548759460449 23.0117073059082 23.0668754577637 23.1387500762939 23.1809577941895 23.2204170227051 23.2454166412354 23.257833480835 23.3657913208008 23.1836242675781 23.2222919464111 23.0911674499512 23.0197906494141 22.9524993896484 22.9067497253418 22.8578758239746 22.8379573822021 22.8179168701172 22.8183746337891 22.8303337097168 22.8017082214355 22.7974586486816
-3.4e+38 -3.4e+38 -3.4e+38 -3.4e+38 -3.4e+38 -3.4e+38 -3.4e+38 -3.4e+38 -3.4e+38 23.0484161376953 22.9756660461426 22.683874130249 22.5754165649414 22.6625423431396 22.78733253479 22.8371238708496 22.8978328704834 23.0035839080811 23.0284175872803 22.9458332061768 22.7977085113525 22.6377906799316 22.4400005340576 22.3181667327881 22.2202091217041 22.1768741607666 22.2241249084473 22.3394584655762 22.5175838470459 22.6898326873779 23.0148754119873 23.1689586639404 23.0562496185303 23.0420837402344 23.1466674804688 23.2038326263428 23.2619590759277 23.3171253204346 23.357250213623 23.4868335723877 23.3490409851074 23.252082824707 23.1716251373291 23.0244159698486 22.9384574890137 22.8825836181641 22.838041305542 22.8061256408691 22.8061256408691 22.8341674804688 22.8490409851074 22.8151245117188 22.8142509460449
-3.4e+38 -3.4e+38 -3.4e+38 -3.4e+38 -3.4e+38 -3.4e+38 -3.4e+38 -3.4e+38 -3.4e+38 23.1273326873779 23.0456256866455 22.8297080993652 22.7808322906494 22.902250289917 23.0220413208008 23.0626258850098 23.0863342285156 23.0855407714844 23.070291519165 22.972957611084 22.8918342590332 22.7414169311523 22.5436668395996 22.452917098999 22.3024158477783 22.2617073059082 22.3465824127197 22.4600830078125 22.552791595459 22.7549991607666 22.9985408782959 23.2237491607666 23.1164588928223 23.0268325805664 23.0748329162598 23.150541305542 23.2325000762939 23.3152084350586 23.4265842437744 23.5880832672119 23.4800415039062 23.36891746521 23.2757911682129 23.0294589996338 22.9400424957275 22.8862915039062 22.8448333740234 22.8225841522217 22.8395843505859 22.8710422515869 22.8816661834717 22.8701667785645 22.8634586334229
-3.4e+38 -3.4e+38 -3.4e+38 -3.4e+38 -3.4e+38 -3.4e+38 -3.4e+38 -3.4e+38 -3.4e+38 23.293083190918 23.1552906036377 23.0141658782959 22.9777088165283 23.074125289917 23.2252082824707 23.2943744659424 23.2796249389648 23.2003746032715 23.1220417022705 22.9473743438721 22.9787921905518 22.8285827636719 22.658374786377 22.476375579834 22.3308753967285 22.3556671142578 22.3704586029053 22.5445003509521 22.6732082366943 22.7909164428711 22.9371662139893 23.1998329162598 23.1044158935547 23.0408325195312 23.0527496337891 23.2026672363281 23.2807922363281 23.3209991455078 23.4082088470459 23.5039577484131 23.4869995117188 23.3309593200684 23.2516670227051 23.0080413818359 22.9470825195312 22.8882083892822 22.8373756408691 22.8489170074463 22.8815002441406 22.896915435791 22.8957080841064 22.8934173583984 22.8989582061768
-3.4e+38 -3.4e+38 -3.4e+38 -3.4e+38 -3.4e+38 -3.4e+38 -3.4e+38 -3.4e+38 -3.4e+38 -3.4e+38 23.335958480835 23.2518329620361 23.2223739624023 23.3112506866455 23.4524593353271 23.5094985961914 -3.4e+38 23.3570003509521 23.2337913513184 22.9966239929199 22.9752922058105 22.9081249237061 22.7746257781982 22.5717086791992 22.50612449646 22.5725002288818 22.4907493591309 22.7131671905518 22.8872909545898 22.9517498016357 22.9970417022705 23.125373840332 23.1031246185303 23.0676670074463 23.0641670227051 23.2955837249756 23.2907085418701 23.3253746032715 23.3806667327881 23.4077491760254 23.4170837402344 23.2882080078125 23.1490840911865 22.9743747711182 22.9447498321533 22.9192085266113 22.8879585266113 22.8736667633057 22.8775825500488 22.8966674804688 22.9219169616699 22.9503326416016 22.9607086181641
-3.4e+38 -3.4e+38 -3.4e+38 -3.4e+38 -3.4e+38 -3.4e+38 -3.4e+38 -3.4e+38 -3.4e+38 -3.4e+38 -3.4e+38 23.4406661987305 23.4598751068115 23.5264167785645 23.6431255340576 -3.4e+38 -3.4e+38 -3.4e+38 -3.4e+38 23.0183753967285 22.9680824279785 22.9127082824707 22.8363742828369 22.6687088012695 22.6123752593994 22.6379165649414 22.6363754272461 22.8446254730225 22.9342918395996 22.9265422821045 22.9910831451416 23.0731658935547 23.1357498168945 23.1097087860107 23.0535831451416 23.211124420166 23.291374206543 23.2699584960938 23.3111248016357 23.3153343200684 23.3922500610352 23.2321662902832 23.1328754425049 22.9677505493164 22.9681243896484 22.9971256256104 22.9325828552246 22.8721675872803 22.8987083435059 22.9410419464111 22.9859161376953 23.0107917785645 22.9883327484131
-3.4e+38 -3.4e+38 -3.4e+38 -3.4e+38 -3.4e+38 -3.4e+38 -3.4e+38 -3.4e+38 -3.4e+38 -3.4e+38 -3.4e+38 23.4651660919189 23.6407928466797 23.7193336486816 23.7048759460449 -3.4e+38 -3.4e+38 -3.4e+38 -3.4e+38 22.9653739929199 22.879207611084 22.8531246185303 22.7845420837402 22.7159996032715 22.7223339080811 22.7163753509521 22.7218322753906 22.7726249694824 22.8665008544922 22.9317073822021 23.0052089691162 23.032958984375 23.1161670684814 23.0702095031738 23.0665416717529 23.1119575500488 23.26904296875 23.2217502593994 23.2665824890137 23.2879581451416 23.2449989318848 23.1641254425049 23.1266670227051 23.0235004425049 22.9906673431396 22.9949588775635 22.9737091064453 22.9149990081787 22.9597911834717 23.016040802002 23.064582824707 23.0459995269775 23.0239582061768
-3.4e+38 -3.4e+38 -3.4e+38 -3.4e+38 -3.4e+38 -3.4e+38 -3.4e+38 -3.4e+38 -3.4e+38 -3.4e+38 -3.4e+38 -3.4e+38 23.5032501220703 23.6409587860107 -3.4e+38 -3.4e+38 -3.4e+38 23.2245006561279 22.9785842895508 22.8313751220703 22.8309993743896 22.7884159088135 22.7167510986328 22.667667388916 22.7048759460449 22.7361240386963 22.7724170684814 22.780876159668 22.941707611084 22.9550838470459 22.9845428466797 23.0237083435059 23.0420837402344 23.0115833282471 23.0188331604004 23.0765419006348 23.1632499694824 23.2098331451416 23.2658748626709 23.2924156188965 23.2117080688477 23.1560001373291 23.1250419616699 23.066125869751 23.0039176940918 22.9902496337891 23.0055828094482 22.9877910614014 23.0445003509521 23.1093330383301 23.1033325195312 23.0822505950928 23.0502510070801
-3.4e+38 -3.4e+38 -3.4e+38 -3.4e+38 -3.4e+38 -3.4e+38 -3.4e+38 -3.4e+38 -3.4e+38 -3.4e+38 -3.4e+38 -3.4e+38 23.2692909240723 -3.4e+38 -3.4e+38 -3.4e+38 -3.4e+38 23.0167922973633 22.8489589691162 22.8000011444092 22.7869167327881 22.7134170532227 22.6943759918213 22.6948757171631 22.7411670684814 22.6916236877441 22.7484169006348 22.8225421905518 22.9152908325195 22.9452075958252 22.9832077026367 23.0179576873779 23.0434589385986 23.0396251678467 23.005708694458 23.1097087860107 23.1508331298828 23.1876258850098 23.19970703125 23.1844997406006 23.1704998016357 23.1607074737549 23.1677494049072 23.1226253509521 23.0310821533203 23.0145835876465 23.0472087860107 23.0658760070801 23.1417503356934 23.1587924957275 23.1540832519531 23.1178340911865 23.0822086334229
-3.4e+38 -3.4e+38 -3.4e+38 -3.4e+38 -3.4e+38 -3.4e+38 -3.4e+38 -3.4e+38 -3.4e+38 -3.4e+38 -3.4e+38 -3.4e+38 23.109375 -3.4e+38 -3.4e+38 -3.4e+38 23.0224590301514 22.8680000305176 22.8164577484131 22.7919578552246 22.8015842437744 22.7348747253418 22.7128753662109 22.6992492675781 22.6925830841064 22.6937503814697 22.7427082061768 22.7557506561279 22.8569583892822 22.9524593353271 22.9526252746582 22.9939994812012 23.0213737487793 23.0089988708496 23.0119171142578 23.0721664428711 23.1092090606689 23.1209163665771 23.1006660461426 23.1738319396973 23.2409172058105 23.2200832366943 23.2124576568604 23.1534576416016 23.1575832366943 23.1750831604004 23.1549587249756 23.1011238098145 23.1672096252441 23.1789588928223 23.1850833892822 23.1579170227051 23.1060829162598
