layers/tmean11.asc
NCOLS 292 
NROWS 291 
XLLCORNER -87.6458333327872 
YLLCORNER 24.4791666666667 
CELLSIZE 0.0416666666669039 
NODATA_value -3.4e+38 
[rows 144 to 167 of 291, columns 53 to 105 of 292]
19.857084274292 19.8648338317871 19.8765830993652 19.9973335266113 20.0797080993652 20.1434993743896 20.2525005340576 20.0162086486816 20.0569171905518 20.1187496185303 20.1221656799316 20.0896663665771 19.9214172363281 19.8533325195312 19.706958770752 19.6592922210693 19.6523323059082 19.6912078857422 19.667875289917 19.7040843963623 19.7915840148926 19.8802509307861 19.948917388916 19.91575050354 19.9499168395996 20.0332088470459 20.0111255645752 19.9993743896484 19.9301242828369 19.9247074127197 19.8947925567627 19.8345413208008 19.8474578857422 19.8819999694824 19.8517913818359 19.8847923278809 19.8591251373291 19.876708984375 19.8720836639404 19.9259586334229 19.9287490844727 19.950834274292 19.9629173278809 19.9985008239746 20.0929164886475 20.1835422515869 20.2042083740234 20.2427082061768 20.3412494659424 20.3825836181641 20.47483253479 20.5049171447754 20.4895000457764
19.8651676177979 19.8353328704834 19.9042491912842 20.0154590606689 20.0957508087158 20.139123916626 20.1742076873779 19.9773750305176 20.0334167480469 20.0630416870117 20.0733757019043 19.9052085876465 19.7952499389648 19.7686252593994 19.7282085418701 19.7450408935547 19.7812080383301 19.7503337860107 19.771125793457 19.8517913818359 19.8261661529541 19.8989162445068 19.9717082977295 19.9680004119873 20.0395832061768 20.0749588012695 20.0651664733887 19.9898338317871 19.945333480835 19.9506244659424 19.9203758239746 19.8994998931885 19.8631248474121 19.8936252593994 19.9335842132568 19.8745002746582 19.874584197998 19.9086246490479 19.8488330841064 19.8697509765625 19.9048328399658 19.9591674804688 19.9888744354248 20.0637912750244 20.1578750610352 20.2080841064453 20.2556247711182 20.3584175109863 20.372917175293 20.4199161529541 20.4529590606689 20.4342498779297 20.5370006561279
19.8710422515869 19.838249206543 19.8715839385986 19.8955841064453 19.8980827331543 20.0288333892822 20.0923748016357 20.0062503814697 20.0150413513184 20.0685005187988 20.0666656494141 19.9131660461426 19.847583770752 19.8311672210693 19.9020843505859 19.8549995422363 19.8266677856445 19.7999992370605 19.8250827789307 19.8998756408691 19.9047088623047 19.9328746795654 20.0119590759277 20.0265007019043 20.1294574737549 20.1565837860107 20.070125579834 20.0322494506836 19.9633750915527 19.9572925567627 19.9606666564941 19.8682079315186 19.8968334197998 19.992208480835 19.9467506408691 19.8702087402344 19.8311252593994 19.8444576263428 19.8502082824707 19.8499584197998 19.9440841674805 20.0294990539551 20.0743751525879 20.1700000762939 20.234167098999 20.2961254119873 20.3599166870117 20.3589992523193 20.3287086486816 20.3257503509521 20.404541015625 20.4979991912842 20.5319576263428
19.8920841217041 19.909875869751 19.8917503356934 19.8949165344238 19.9697074890137 19.9801254272461 20.056583404541 19.9737091064453 19.99391746521 20.0652923583984 20.0683326721191 19.9665832519531 19.937707901001 19.9631652832031 19.9846668243408 19.9556255340576 19.9469165802002 19.9289588928223 19.9155406951904 19.9363746643066 19.9524993896484 20.0351257324219 20.0884170532227 20.1758327484131 20.1880836486816 20.2063331604004 20.1838340759277 20.0678749084473 20.0680828094482 20.0531253814697 20.0255832672119 19.9517078399658 19.9795837402344 20.0292491912842 19.9186248779297 19.8694171905518 19.8406257629395 19.8407077789307 19.8825416564941 19.9102916717529 19.9830837249756 20.0678329467773 20.164249420166 20.2474174499512 20.2826671600342 20.3547077178955 20.3427925109863 20.2964992523193 20.2651672363281 20.3325824737549 20.4085426330566 20.461124420166 20.5182075500488
19.9068336486816 19.9035835266113 19.885124206543 19.9401245117188 19.9160423278809 19.9570827484131 20.0393753051758 19.964958190918 20.0132923126221 20.0680828094482 20.0639171600342 20.0039577484131 20.0030841827393 20.0145835876465 20.0049991607666 20.0219573974609 19.998083114624 19.9668750762939 19.9879989624023 20.0340824127197 20.0505409240723 20.0630836486816 20.1147079467773 20.204833984375 20.2572917938232 20.2561664581299 20.2669162750244 20.2131671905518 20.1480827331543 20.0797080993652 20.0712490081787 20.0262088775635 20.0723743438721 20.0700416564941 19.9582500457764 19.8975830078125 19.8563747406006 19.9117908477783 19.9458332061768 19.9777927398682 20.0705833435059 20.1365413665771 20.1950416564941 20.3007907867432 20.3355007171631 20.3413333892822 20.3542079925537 20.3073749542236 20.333625793457 20.398250579834 20.4367504119873 20.453125 20.5096664428711
19.8859996795654 19.8840827941895 19.896125793457 19.9074592590332 19.9551239013672 19.9753341674805 20.0287075042725 19.9619579315186 20.0440006256104 20.07204246521 20.0682506561279 20.0418739318848 20.0562496185303 20.0770835876465 20.0928325653076 20.0848751068115 20.0520420074463 20.0478744506836 20.0425834655762 20.0325832366943 20.0555839538574 20.076042175293 20.1588325500488 20.2477912902832 20.2507495880127 20.2979583740234 20.3394584655762 20.3050003051758 20.2884998321533 20.2214164733887 20.1517086029053 20.1002502441406 20.1725425720215 20.1259994506836 20.1065826416016 20.0148334503174 20.0057907104492 20.0232906341553 20.0388336181641 20.0989170074463 20.1437492370605 20.1852493286133 20.2497501373291 20.3124580383301 20.2994174957275 20.3312492370605 20.3522911071777 20.3847503662109 20.4177494049072 20.4169158935547 20.4267082214355 20.4576244354248 20.5140838623047
19.8850421905518 19.8722076416016 19.9019584655762 19.9103336334229 19.8928756713867 19.8985004425049 19.9654579162598 19.997709274292 20.0421657562256 20.062292098999 20.0712928771973 20.0552082061768 20.0741672515869 20.054874420166 20.0513744354248 20.0594577789307 20.0660839080811 20.0587921142578 20.0296669006348 20.02512550354 20.0559997558594 20.0862083435059 20.1827926635742 20.2485408782959 20.2419166564941 20.3275413513184 20.3272075653076 20.3025417327881 20.2847499847412 20.2155838012695 20.1748332977295 20.179874420166 20.2342090606689 20.2520427703857 20.2610836029053 20.2581672668457 20.2199172973633 20.2012500762939 20.2016258239746 20.2358341217041 20.2349166870117 20.25608253479 20.3254585266113 20.3524589538574 20.3467082977295 20.3804588317871 20.3861255645752 20.4029579162598 20.3917922973633 20.3696670532227 20.3884582519531 20.4331245422363 20.527250289917
19.898250579834 19.8755416870117 19.8653335571289 19.875415802002 19.8511657714844 19.870792388916 19.9295825958252 19.9931259155273 20.0075836181641 20.0396251678467 20.0627498626709 20.0600414276123 20.0440006256104 20.0405826568604 20.0285415649414 20.0322494506836 20.0242919921875 20.0040836334229 19.9989166259766 20.0128746032715 20.0449161529541 20.0854167938232 20.1647090911865 20.1684589385986 20.2156257629395 20.3054580688477 20.2997093200684 20.2402496337891 20.2209587097168 20.2249584197998 20.250415802002 20.2393341064453 20.2591667175293 20.2803745269775 20.3064994812012 20.3252925872803 20.2842922210693 20.2872505187988 20.3170833587646 20.3143749237061 20.3325824737549 20.3297920227051 20.4017086029053 20.3997497558594 20.3840427398682 20.3954162597656 20.3814582824707 20.3643741607666 20.385082244873 20.3668327331543 20.3613758087158 20.4067916870117 20.5482501983643
19.8943748474121 19.8519592285156 19.8000411987305 19.7779998779297 19.7983741760254 19.8626670837402 19.9320411682129 19.9713745117188 19.9599170684814 20.0023746490479 20.0199584960938 20.0065002441406 19.9971256256104 20.0302505493164 20.0353755950928 20.0048751831055 19.974250793457 19.9780826568604 19.9865417480469 19.9956665039062 19.9916667938232 20.0542907714844 20.1039581298828 20.1367492675781 20.1719989776611 20.2164173126221 20.2508335113525 20.2290000915527 20.247917175293 20.2483329772949 20.2430839538574 20.222749710083 20.249584197998 20.2709999084473 20.3360824584961 20.3474578857422 20.34987449646 20.3402500152588 20.355583190918 20.3857498168945 20.4234580993652 20.4607086181641 20.5042495727539 20.4573745727539 20.4097080230713 20.3783740997314 20.3717079162598 20.380708694458 20.3917503356934 20.3850421905518 20.3627090454102 20.452709197998 20.5850830078125
19.8950824737549 19.8215827941895 19.7901248931885 19.7530822753906 19.7548332214355 19.7927074432373 19.8712501525879 19.914249420166 19.9249992370605 19.9094161987305 19.9482917785645 19.9479999542236 19.9551677703857 19.9874992370605 20.0114593505859 19.9813327789307 19.9310417175293 19.9490833282471 19.9700832366943 19.9783344268799 19.9646663665771 20.0128326416016 20.0805416107178 20.1104583740234 20.1382923126221 20.1672077178955 20.2083339691162 20.2156257629395 20.2420406341553 20.2353744506836 20.2183742523193 20.2283744812012 20.2583751678467 20.2700004577637 20.30637550354 20.3421669006348 20.369291305542 20.4006252288818 20.4082908630371 20.4605827331543 20.5130844116211 20.5625 20.5662498474121 20.5401248931885 20.447624206543 20.3764572143555 20.3621253967285 20.3742084503174 20.4048328399658 20.4089584350586 20.4152507781982 20.4861240386963 20.554708480835
19.9985828399658 19.9019165039062 19.7978744506836 19.7399997711182 19.7323741912842 19.7462501525879 19.8014163970947 19.8607501983643 19.8703327178955 19.8663330078125 19.8925838470459 19.9131240844727 19.9402923583984 19.9953746795654 20.0104579925537 19.9858341217041 19.9467926025391 19.9511241912842 19.9755001068115 19.9908752441406 19.9602489471436 20.0079174041748 20.0622081756592 20.0707092285156 20.0962924957275 20.1471252441406 20.1601238250732 20.1490001678467 20.1617488861084 20.1461658477783 20.1271667480469 20.1785011291504 20.2203750610352 20.24387550354 20.2820415496826 20.3122501373291 20.3459167480469 20.3848342895508 20.4282493591309 20.4517498016357 20.4838752746582 20.5456256866455 20.5902919769287 20.5867080688477 20.5155830383301 20.4542922973633 20.4114990234375 20.408166885376 20.4867916107178 20.4820823669434 20.4802494049072 20.5246257781982 20.5622081756592
20.1009578704834 20.0170841217041 19.8764991760254 19.7720413208008 19.7072086334229 19.7026672363281 19.7547073364258 19.8090839385986 19.8321666717529 19.845874786377 19.8677501678467 19.9052925109863 19.9597911834717 19.9891662597656 19.9985828399658 19.9902076721191 19.9787502288818 19.9710826873779 19.9996662139893 19.9880409240723 20.0002918243408 20.0016250610352 20.0170421600342 20.0109996795654 20.0264587402344 20.0344161987305 20.0109577178955 20.0238742828369 20.0631656646729 20.0969581604004 20.1315002441406 20.1778755187988 20.2297916412354 20.2125415802002 20.2117919921875 20.2258758544922 20.2953758239746 20.3427505493164 20.4055843353271 20.4388751983643 20.4610824584961 20.5207500457764 20.5532093048096 20.5387077331543 20.5577926635742 20.5524578094482 20.4814167022705 20.4559173583984 20.4522495269775 20.4477500915527 20.4492492675781 20.5319576263428 20.5209579467773
20.1462078094482 20.0904579162598 19.9814167022705 19.8414173126221 19.7665004730225 19.7203750610352 19.7644157409668 19.8189163208008 19.8479995727539 19.8472080230713 19.9002914428711 19.9422912597656 19.9761657714844 20.0108337402344 20.0237503051758 20.0144577026367 20.029333114624 20.0636672973633 20.0459175109863 20.0357494354248 20.0073757171631 19.9990406036377 19.9967918395996 19.9410419464111 19.900541305542 19.8945827484131 19.9586238861084 20.0512084960938 20.133207321167 -3.4e+38 20.2239990234375 -3.4e+38 -3.4e+38 -3.4e+38 -3.4e+38 20.2251663208008 20.2313327789307 20.2800426483154 20.3307075500488 20.3788757324219 20.4067077636719 20.4359169006348 20.4794998168945 20.5046253204346 20.5421257019043 20.5880832672119 20.5361251831055 20.4758739471436 20.4326667785645 20.4165000915527 20.4877490997314 20.5065002441406 20.4961242675781
20.1424160003662 20.140832901001 20.0802917480469 19.9432506561279 19.8607082366943 19.806791305542 19.8098754882812 19.8522911071777 19.8869590759277 19.8770427703857 19.9135417938232 19.9893341064453 20.0299167633057 20.0612926483154 20.0792083740234 20.0897922515869 20.0997505187988 20.1155414581299 20.1140823364258 20.1020412445068 20.0677909851074 20.0075836181641 19.9633750915527 19.9033756256104 19.8782920837402 19.9146671295166 19.974666595459 -3.4e+38 -3.4e+38 -3.4e+38 -3.4e+38 -3.4e+38 -3.4e+38 -3.4e+38 -3.4e+38 -3.4e+38 20.1677093505859 20.2311248779297 20.2440414428711 20.2626667022705 20.2959175109863 20.3395824432373 20.3724994659424 20.4049167633057 20.455207824707 20.523458480835 20.517915725708 20.4757499694824 20.4186248779297 20.4294586181641 20.4839172363281 20.4787082672119 20.4963760375977
20.1972503662109 20.2133750915527 20.1574172973633 20.0787086486816 20.0091247558594 19.9200420379639 19.8681659698486 19.8973331451416 19.9310417175293 19.9389991760254 19.9855842590332 20.0351257324219 20.0903759002686 20.1375408172607 20.1693744659424 20.1875419616699 20.1933345794678 20.204833984375 20.1953754425049 20.1560001373291 20.0677490234375 19.9681663513184 19.882999420166 19.8740005493164 19.9251251220703 19.9423751831055 -3.4e+38 -3.4e+38 -3.4e+38 -3.4e+38 -3.4e+38 -3.4e+38 -3.4e+38 -3.4e+38 -3.4e+38 -3.4e+38 -3.4e+38 -3.4e+38 20.1961669921875 20.1704578399658 20.1702079772949 20.2136669158936 20.2671241760254 20.2956676483154 20.3468742370605 20.4310836791992 20.4537906646729 20.4348335266113 20.4241256713867 20.4284172058105 20.4679164886475 20.4656238555908 20.4745006561279
20.0635414123535 20.2410411834717 20.2245006561279 20.1730422973633 20.1298332214355 20.0695838928223 19.9809589385986 19.9712505340576 19.9861259460449 20.0371246337891 20.0813751220703 20.1167507171631 20.1840000152588 20.2439994812012 20.2787914276123 20.286958694458 20.2733745574951 20.2514171600342 20.1588745117188 20.0810832977295 19.9885005950928 19.9250831604004 19.9127082824707 19.961124420166 20.0059585571289 19.9580421447754 -3.4e+38 -3.4e+38 -3.4e+38 -3.4e+38 -3.4e+38 -3.4e+38 -3.4e+38 -3.4e+38 -3.4e+38 -3.4e+38 -3.4e+38 -3.4e+38 -3.4e+38 -3.4e+38 20.1651248931885 20.1020832061768 20.1599159240723 20.2051258087158 20.2310829162598 20.3095836639404 20.351541519165 20.4006671905518 20.4293327331543 20.4737091064453 20.4952926635742 20.5012493133545 20.507833480835
-3.4e+38 20.0940418243408 20.3471660614014 20.2643756866455 20.2210006713867 20.1993751525879 20.1324996948242 20.0755424499512 20.1025409698486 20.1663761138916 20.2220840454102 20.2595844268799 20.3147087097168 20.3624172210693 20.3760414123535 20.341833114624 20.263542175293 20.1643333435059 20.0708751678467 20.0605411529541 20.0658740997314 20.0338344573975 -3.4e+38 -3.4e+38 19.9577503204346 20.0137920379639 -3.4e+38 -3.4e+38 -3.4e+38 -3.4e+38 -3.4e+38 -3.4e+38 -3.4e+38 -3.4e+38 -3.4e+38 -3.4e+38 -3.4e+38 -3.4e+38 -3.4e+38 -3.4e+38 -3.4e+38 -3.4e+38 20.0492496490479 20.0755004882812 20.1500415802002 20.1974582672119 20.2687072753906 20.3465003967285 20.4125823974609 20.4612083435059 20.4687919616699 20.4784164428711 20.4886245727539
-3.4e+38 19.9730415344238 20.2492504119873 20.4044990539551 20.3407077789307 20.3474159240723 20.2744159698486 20.2477512359619 20.2822494506836 20.3207092285156 20.3488750457764 20.3712921142578 20.3954162597656 20.4107093811035 20.3605842590332 20.267749786377 20.1903743743896 20.1745414733887 20.1726665496826 20.1920413970947 20.0980415344238 -3.4e+38 -3.4e+38 -3.4e+38 -3.4e+38 -3.4e+38 -3.4e+38 -3.4e+38 -3.4e+38 -3.4e+38 -3.4e+38 -3.4e+38 -3.4e+38 -3.4e+38 -3.4e+38 -3.4e+38 -3.4e+38 -3.4e+38 -3.4e+38 -3.4e+38 -3.4e+38 -3.4e+38 -3.4e+38 19.9620838165283 20.0471668243408 20.1207084655762 20.1939582824707 20.2826251983643 20.3763332366943 20.4084167480469 20.4147911071777 20.4125423431396 20.4676246643066
-3.4e+38 20.0114994049072 20.1027908325195 20.4597511291504 20.4267082214355 20.4091243743896 20.3835411071777 20.3818340301514 20.4114170074463 20.431209564209 20.4252510070801 20.4012489318848 20.3945007324219 20.3924579620361 20.3621673583984 20.3291244506836 20.2997093200684 20.300666809082 20.2205829620361 20.1664161682129 20.1000823974609 -3.4e+38 -3.4e+38 -3.4e+38 -3.4e+38 -3.4e+38 -3.4e+38 -3.4e+38 -3.4e+38 -3.4e+38 -3.4e+38 -3.4e+38 -3.4e+38 -3.4e+38 -3.4e+38 -3.4e+38 -3.4e+38 -3.4e+38 -3.4e+38 -3.4e+38 -3.4e+38 -3.4e+38 -3.4e+38 -3.4e+38 19.9300003051758 20.0228748321533 20.0852928161621 20.1564159393311 20.2494163513184 20.3210411071777 20.3642082214355 20.4036674499512 20.4753341674805
-3.4e+38 20.0776252746582 20.0939998626709 20.4252490997314 20.5287914276123 20.4572086334229 20.4189586639404 20.419750213623 20.4616661071777 20.4624576568604 20.4557075500488 20.4384174346924 20.4657497406006 20.4910411834717 20.4818325042725 20.4317092895508 20.3388748168945 20.2625007629395 20.211124420166 20.1487083435059 -3.4e+38 -3.4e+38 -3.4e+38 -3.4e+38 -3.4e+38 -3.4e+38 -3.4e+38 -3.4e+38 -3.4e+38 -3.4e+38 -3.4e+38 -3.4e+38 -3.4e+38 -3.4e+38 -3.4e+38 -3.4e+38 -3.4e+38 -3.4e+38 -3.4e+38 -3.4e+38 -3.4e+38 -3.4e+38 -3.4e+38 -3.4e+38 19.9023742675781 19.9014167785645 19.9930839538574 20.064624786377 20.1561660766602 20.2279586791992 20.3087501525879 20.3691253662109 20.4486656188965
-3.4e+38 20.1175422668457 20.1251659393311 20.4340839385986 20.583667755127 20.5188751220703 20.4603328704834 20.4668750762939 20.507625579834 20.5429172515869 20.5515003204346 20.5294589996338 20.5441665649414 20.5825824737549 20.4677085876465 20.349666595459 20.2898330688477 20.2314586639404 -3.4e+38 -3.4e+38 -3.4e+38 -3.4e+38 -3.4e+38 -3.4e+38 -3.4e+38 -3.4e+38 -3.4e+38 -3.4e+38 -3.4e+38 -3.4e+38 -3.4e+38 -3.4e+38 -3.4e+38 -3.4e+38 -3.4e+38 -3.4e+38 -3.4e+38 -3.4e+38 -3.4e+38 -3.4e+38 -3.4e+38 -3.4e+38 -3.4e+38 -3.4e+38 -3.4e+38 19.9179992675781 19.9342918395996 20.0235404968262 20.0907497406006 20.1699161529541 20.2603759765625 20.3534164428711 20.4163761138916
-3.4e+38 20.2212085723877 20.1542491912842 20.265209197998 20.5087909698486 20.548957824707 20.5235424041748 20.5336246490479 20.5610408782959 20.5490417480469 20.5464992523193 20.5358333587646 20.5404586791992 20.4777908325195 20.3915004730225 20.3092079162598 -3.4e+38 -3.4e+38 -3.4e+38 -3.4e+38 -3.4e+38 -3.4e+38 -3.4e+38 -3.4e+38 -3.4e+38 -3.4e+38 -3.4e+38 -3.4e+38 -3.4e+38 -3.4e+38 -3.4e+38 -3.4e+38 -3.4e+38 -3.4e+38 -3.4e+38 -3.4e+38 -3.4e+38 -3.4e+38 -3.4e+38 -3.4e+38 -3.4e+38 -3.4e+38 -3.4e+38 -3.4e+38 -3.4e+38 -3.4e+38 19.9675407409668 19.9643745422363 20.0318756103516 20.1319580078125 20.2388744354248 20.3293342590332 20.3844165802002
-3.4e+38 -3.4e+38 -3.4e+38 -3.4e+38 -3.4e+38 20.3607921600342 20.4176254272461 20.5164585113525 20.5438327789307 20.5148754119873 20.5052909851074 20.5239162445068 20.5235404968262 20.4494590759277 -3.4e+38 -3.4e+38 -3.4e+38 -3.4e+38 -3.4e+38 -3.4e+38 -3.4e+38 -3.4e+38 -3.4e+38 -3.4e+38 -3.4e+38 -3.4e+38 -3.4e+38 -3.4e+38 -3.4e+38 -3.4e+38 -3.4e+38 -3.4e+38 -3.4e+38 -3.4e+38 -3.4e+38 -3.4e+38 -3.4e+38 -3.4e+38 -3.4e+38 -3.4e+38 -3.4e+38 -3.4e+38 -3.4e+38 -3.4e+38 -3.4e+38 -3.4e+38 -3.4e+38 -3.4e+38 -3.4e+38 20.1123752593994 20.220666885376 20.2961254119873 20.3535003662109
-3.4e+38 -3.4e+38 -3.4e+38 -3.4e+38 -3.4e+38 -3.4e+38 -3.4e+38 -3.4e+38 20.5097923278809 20.4867496490479 20.4861240386963 20.5288333892822 -3.4e+38 -3.4e+38 -3.4e+38 -3.4e+38 -3.4e+38 -3.4e+38 -3.4e+38 -3.4e+38 -3.4e+38 -3.4e+38 -3.4e+38 -3.4e+38 -3.4e+38 -3.4e+38 -3.4e+38 -3.4e+38 -3.4e+38 -3.4e+38 -3.4e+38 -3.4e+38 -3.4e+38 -3.4e+38 -3.4e+38 -3.4e+38 -3.4e+38 -3.4e+38 -3.4e+38 -3.4e+38 -3.4e+38 -3.4e+38 -3.4e+38 -3.4e+38 -3.4e+38 -3.4e+38 -3.4e+38 -3.4e+38 -3.4e+38 20.1670417785645 20.2487926483154 20.3051662445068 20.3626670837402
