layers/tmean11.asc
NCOLS 292 
NROWS 291 
XLLCORNER -87.6458333327872 
YLLCORNER 24.4791666666667 
CELLSIZE 0.0416666666669039 
NODATA_value -3.4e+38 
[rows 120 to 143 of 291, columns 53 to 105 of 292]
-3.4e+38 -3.4e+38 -3.4e+38 -3.4e+38 -3.4e+38 -3.4e+38 -3.4e+38 -3.4e+38 -3.4e+38 18.9117088317871 18.9329586029053 18.9177913665771 18.8998336791992 18.8727493286133 18.8665828704834 18.8768749237061 18.9274158477783 18.9448337554932 18.9705009460449 18.974458694458 18.9857082366943 19.0140419006348 19.0734157562256 19.1364994049072 19.0995826721191 19.123083114624 19.1900424957275 19.2499160766602 19.3139572143555 19.3392505645752 19.3077087402344 19.2554168701172 19.2045822143555 19.167667388916 19.1434173583984 19.1266250610352 19.0872917175293 19.0037498474121 18.9349174499512 18.8956241607666 18.869499206543 18.9390411376953 18.9388751983643 18.9252910614014 18.8987083435059 18.911958694458 18.9522075653076 18.9803333282471 19.044584274292 19.0282077789307 19.0608329772949 19.0827503204346 19.1262073516846
-3.4e+38 -3.4e+38 -3.4e+38 -3.4e+38 -3.4e+38 -3.4e+38 -3.4e+38 -3.4e+38 -3.4e+38 18.994291305542 19.0346660614014 19.0245418548584 18.9698333740234 18.9240837097168 18.9420833587646 18.9174995422363 18.9545001983643 18.9778327941895 18.996000289917 18.992000579834 19.0161247253418 19.0393333435059 19.1108341217041 19.1725845336914 19.2090835571289 19.2264175415039 19.2534160614014 19.3477077484131 19.4205837249756 19.4696254730225 19.3764991760254 19.2826251983643 19.2565002441406 19.2121257781982 19.2367916107178 19.2201671600342 19.1759586334229 19.0869579315186 19.05637550354 19.0072498321533 18.9421672821045 19.0172920227051 19.031042098999 19.0160827636719 18.9440002441406 18.9091663360596 18.9286670684814 18.9640827178955 19.001501083374 19.0343742370605 19.06858253479 19.1321659088135 19.1537075042725
-3.4e+38 -3.4e+38 -3.4e+38 -3.4e+38 -3.4e+38 -3.4e+38 -3.4e+38 -3.4e+38 -3.4e+38 19.1651248931885 19.1693744659424 19.1367492675781 19.0953330993652 19.0221252441406 19.0474586486816 19.0443744659424 19.0634574890137 19.0237083435059 19.0199584960938 19.0280418395996 19.0321674346924 19.0533752441406 19.1086673736572 19.1597919464111 19.2299995422363 19.2853336334229 19.3150825500488 19.3637924194336 19.4130420684814 19.4719161987305 19.310209274292 19.2587089538574 19.2662506103516 19.2622489929199 19.2689571380615 19.2697505950928 19.2406673431396 19.1534576416016 19.1284580230713 19.1014995574951 18.9878749847412 19.0500411987305 19.0624160766602 19.0218753814697 18.9892921447754 18.8995418548584 18.8538341522217 18.8948745727539 18.9953327178955 19.0769176483154 19.1171245574951 19.1700839996338 19.1880836486816
-3.4e+38 -3.4e+38 -3.4e+38 -3.4e+38 -3.4e+38 -3.4e+38 -3.4e+38 -3.4e+38 -3.4e+38 19.2544174194336 19.2061672210693 19.2137088775635 19.0932502746582 19.0387496948242 19.0753326416016 19.1477088928223 19.1472492218018 19.0974998474121 19.0457916259766 19.0222911834717 19.0442924499512 19.0877094268799 19.1215000152588 19.1767921447754 19.238208770752 19.2690830230713 19.3248329162598 19.3576259613037 19.4138336181641 19.4136257171631 19.3509578704834 19.2940006256104 19.280834197998 19.2954998016357 19.2722072601318 19.279125213623 19.2875423431396 19.2070426940918 19.1529579162598 19.1065006256104 19.0575408935547 19.039249420166 19.0727500915527 19.0367088317871 19.0163326263428 18.9260406494141 18.8994159698486 18.9306240081787 18.9682922363281 19.00950050354 19.0866661071777 19.156665802002 19.2517509460449
-3.4e+38 -3.4e+38 -3.4e+38 -3.4e+38 -3.4e+38 -3.4e+38 -3.4e+38 -3.4e+38 -3.4e+38 19.2975826263428 19.2262496948242 19.2222499847412 19.1625843048096 19.1805000305176 19.1679592132568 19.2459163665771 19.2419166564941 19.1709995269775 19.156042098999 19.0985832214355 19.1302089691162 19.1496257781982 19.1477508544922 19.1813335418701 19.2313747406006 19.2812080383301 19.3453750610352 19.3232498168945 19.3224582672119 19.32204246521 19.2817916870117 19.2724990844727 19.3098335266113 19.2981243133545 19.3236255645752 19.3438339233398 19.3132076263428 19.2836246490479 19.1987495422363 19.1590003967285 19.1384582519531 19.1013336181641 19.1170825958252 19.0798759460449 19.0497913360596 19.052583694458 18.9928340911865 19.0433750152588 19.0669174194336 19.0950832366943 19.1271667480469 19.1344165802002 19.2505416870117
-3.4e+38 -3.4e+38 -3.4e+38 -3.4e+38 -3.4e+38 -3.4e+38 -3.4e+38 -3.4e+38 19.3923759460449 19.3567504882812 19.3127498626709 19.2567501068115 19.2704582214355 19.2855415344238 19.2727088928223 19.2968330383301 19.3055839538574 19.2363338470459 19.2191257476807 19.255916595459 19.2411670684814 19.2268333435059 19.210750579834 19.2273750305176 19.2510414123535 19.3059997558594 19.3584995269775 19.3274593353271 19.2942924499512 19.2641258239746 19.2302074432373 19.242374420166 19.2720832824707 19.2934989929199 19.3344173431396 19.4056243896484 19.3602924346924 19.3451671600342 19.2972927093506 19.2587909698486 19.2395420074463 19.1852912902832 19.2028331756592 19.1929588317871 19.1731243133545 19.2022495269775 19.185209274292 19.1578750610352 19.2172088623047 19.2172927856445 19.2725009918213 19.2687072753906 19.2752914428711
-3.4e+38 -3.4e+38 -3.4e+38 -3.4e+38 -3.4e+38 -3.4e+38 -3.4e+38 -3.4e+38 19.6224994659424 19.5299587249756 19.45924949646 19.3795413970947 19.3438339233398 19.3732089996338 19.4243335723877 19.4050426483154 19.4121246337891 19.3046245574951 19.2879581451416 19.2738742828369 19.2920837402344 19.2713756561279 19.2339172363281 19.2142906188965 19.2551670074463 19.3031253814697 19.3492088317871 19.3049163818359 19.2070426940918 19.234167098999 19.2626667022705 19.3626251220703 19.4849586486816 19.4231662750244 19.4428749084473 19.4970417022705 19.4719161987305 19.4676246643066 19.4409580230713 19.3852920532227 19.3674583435059 19.3757076263428 19.361083984375 19.3915405273438 19.3404579162598 19.3417491912842 19.3099174499512 19.2885417938232 19.3096675872803 19.3386249542236 19.3727912902832 19.3744163513184 19.3317909240723
-3.4e+38 -3.4e+38 -3.4e+38 -3.4e+38 -3.4e+38 -3.4e+38 -3.4e+38 -3.4e+38 19.7392921447754 19.6566257476807 19.5462493896484 19.4570827484131 19.4383754730225 19.4696674346924 19.5109176635742 19.507833480835 19.4997501373291 19.3870010375977 19.3462085723877 19.3680000305176 19.3124580383301 19.2729167938232 19.2425003051758 19.1847915649414 19.2423343658447 19.2920417785645 19.3255004882812 19.3231658935547 19.2494583129883 19.2122917175293 19.2196674346924 19.3915824890137 19.6529579162598 19.6879997253418 19.6622924804688 19.7163333892822 19.7060832977295 19.5987491607666 19.5387496948242 19.5042495727539 19.4752922058105 19.4669990539551 19.4847087860107 19.5005836486816 19.4862079620361 19.449333190918 19.4069576263428 19.3456249237061 19.445333480835 19.4430408477783 19.4575843811035 19.4556674957275 19.4156246185303
-3.4e+38 -3.4e+38 -3.4e+38 -3.4e+38 -3.4e+38 -3.4e+38 -3.4e+38 -3.4e+38 19.8880844116211 19.828540802002 19.7695007324219 19.6037082672119 19.5708751678467 19.5653324127197 19.5725421905518 19.5890407562256 19.5465831756592 19.4606666564941 19.3790416717529 19.4094581604004 19.4191665649414 19.3488750457764 19.3267917633057 19.3333759307861 19.2923336029053 19.2861671447754 19.3074588775635 19.2730007171631 19.2337074279785 19.142126083374 19.1786670684814 19.3436260223389 19.7390422821045 19.7539157867432 19.7067089080811 19.7901248931885 19.796875 19.7500419616699 19.6020011901855 19.5516242980957 19.5349578857422 19.5508327484131 19.5479583740234 19.5814170837402 19.6092071533203 19.6088333129883 19.548957824707 19.4606246948242 19.4790000915527 19.5463752746582 19.5992088317871 19.5593338012695 19.4975833892822
-3.4e+38 -3.4e+38 -3.4e+38 -3.4e+38 -3.4e+38 -3.4e+38 -3.4e+38 -3.4e+38 19.9778327941895 19.9690837860107 19.9295825958252 19.7924995422363 19.6891670227051 19.6872501373291 19.6968326568604 19.6743755340576 19.6852493286133 19.5804576873779 19.5410423278809 19.4856243133545 19.4414577484131 19.4104995727539 19.4360427856445 19.4553337097168 19.382833480835 19.306583404541 19.25950050354 19.2224578857422 19.1802921295166 19.1237506866455 19.2023334503174 19.3883743286133 19.7040424346924 19.7552490234375 19.7372913360596 19.7983341217041 19.8196258544922 19.839542388916 19.7055416107178 19.6639575958252 19.5929584503174 19.5490837097168 19.5889167785645 19.6380825042725 19.5974998474121 19.687126159668 19.6455001831055 19.5868740081787 19.5827922821045 19.6070003509521 19.6321239471436 19.6037502288818 19.6003322601318
-3.4e+38 -3.4e+38 -3.4e+38 -3.4e+38 -3.4e+38 -3.4e+38 -3.4e+38 -3.4e+38 20.1282081604004 20.1030006408691 20.1122493743896 19.9905414581299 19.9010829925537 19.906665802002 19.886417388916 19.8628749847412 19.7995414733887 19.7192497253418 19.6679992675781 19.5904579162598 19.5541667938232 19.4809589385986 19.4525833129883 19.4554996490479 19.4051246643066 19.3190822601318 19.263916015625 19.2418746948242 19.233959197998 19.228666305542 19.3337497711182 19.5625839233398 19.7152919769287 19.7235412597656 19.7073745727539 19.8201656341553 19.7802925109863 19.8765830993652 19.8183746337891 19.7467498779297 19.638916015625 19.624584197998 19.6454582214355 19.6909999847412 19.7116661071777 19.7592506408691 19.6970405578613 19.6811676025391 19.6564998626709 19.6506671905518 19.6719589233398 19.6537494659424 19.6062488555908
-3.4e+38 -3.4e+38 -3.4e+38 -3.4e+38 -3.4e+38 -3.4e+38 -3.4e+38 -3.4e+38 -3.4e+38 20.3452072143555 20.3521251678467 20.2304992675781 20.2059173583984 20.1721248626709 20.052417755127 20.0022506713867 19.9054584503174 19.8497085571289 19.752124786377 19.7047500610352 19.6641254425049 19.5774173736572 19.5228748321533 19.4540824890137 19.4073753356934 19.3703327178955 19.326000213623 19.3209590911865 19.3510417938232 19.435791015625 19.6313323974609 19.663875579834 19.6715412139893 19.6850833892822 19.697624206543 19.808292388916 19.8290843963623 19.8442497253418 19.8311672210693 19.851583480835 19.7922916412354 19.7547492980957 19.7190837860107 19.7089157104492 19.730167388916 19.7696666717529 19.7364158630371 19.734167098999 19.7027912139893 19.7267913818359 19.7401256561279 19.6740417480469 19.6275005340576
-3.4e+38 -3.4e+38 -3.4e+38 -3.4e+38 -3.4e+38 -3.4e+38 -3.4e+38 -3.4e+38 -3.4e+38 -3.4e+38 20.5090007781982 20.4372081756592 20.4592914581299 20.4403324127197 20.3072509765625 20.1671257019043 20.0326671600342 19.9589576721191 19.8859996795654 19.832124710083 19.7646255493164 19.6992492675781 19.6452922821045 19.5538330078125 19.5169162750244 19.4889163970947 19.4233341217041 19.4398746490479 19.4886245727539 19.7090835571289 19.7557487487793 19.7496662139893 19.7434577941895 19.6428318023682 19.6625423431396 19.7662925720215 19.7812080383301 19.8168334960938 19.8824577331543 19.9799995422363 19.888916015625 19.8343753814697 19.7923755645752 19.7894592285156 19.7519989013672 19.7981662750244 19.7825412750244 19.8182506561279 19.7746658325195 19.7529582977295 19.7746658325195 19.7626667022705 19.7062091827393
-3.4e+38 -3.4e+38 -3.4e+38 -3.4e+38 -3.4e+38 -3.4e+38 -3.4e+38 -3.4e+38 -3.4e+38 -3.4e+38 20.652458190918 20.5731239318848 20.623291015625 20.580207824707 20.4288749694824 20.3143329620361 20.1750011444092 20.0873336791992 19.9992923736572 19.9482078552246 19.9078330993652 19.8407077789307 19.7756252288818 19.6900424957275 19.6141662597656 19.5782089233398 19.5577087402344 19.5482921600342 19.7067089080811 19.8061676025391 19.7692489624023 19.7436676025391 19.7699584960938 19.6959991455078 19.6412086486816 19.7549991607666 19.7154579162598 19.888542175293 19.9652919769287 19.986083984375 19.9421253204346 19.8840827941895 19.8256664276123 19.7706241607666 19.7918338775635 19.7961254119873 19.8615417480469 19.8514995574951 19.8527927398682 19.8115005493164 19.8186264038086 19.8332920074463 19.7648754119873
-3.4e+38 -3.4e+38 -3.4e+38 -3.4e+38 20.3041667938232 20.3364582061768 20.359167098999 20.3751258850098 20.3965835571289 20.4637508392334 20.6491260528564 20.5910415649414 20.5960826873779 20.6141662597656 20.4492073059082 20.3639583587646 20.2573337554932 20.0979995727539 19.9920845031738 19.9361667633057 19.9317073822021 19.9401245117188 19.8514575958252 19.757791519165 19.6817073822021 19.6279163360596 19.6005001068115 19.7189159393311 19.8097915649414 19.7882919311523 19.7298755645752 19.6939582824707 19.7586250305176 19.7292919158936 19.7435417175293 19.7072925567627 19.7542915344238 19.8681259155273 19.937707901001 19.9910831451416 19.9579162597656 19.8966674804688 19.7977504730225 19.7542495727539 19.7821254730225 19.80641746521 19.8118324279785 19.9206657409668 19.8973331451416 19.9020843505859 19.8726673126221 19.90016746521 19.8817081451416
19.9595832824707 20.0753326416016 20.1823329925537 20.3278331756592 20.3937492370605 20.4354591369629 20.4439163208008 20.4036254882812 20.4076671600342 20.4674587249756 20.6082077026367 20.5577087402344 20.5001659393311 20.5504589080811 20.4755420684814 20.3785839080811 20.2854995727539 20.1119995117188 19.9732074737549 19.9411659240723 19.9747085571289 19.9810428619385 19.8940830230713 19.8262920379639 19.7064990997314 19.6273326873779 19.6326675415039 19.7262496948242 19.7394161224365 19.7289161682129 19.7210426330566 19.703125 19.7121658325195 19.7687911987305 19.72483253479 19.7017917633057 19.7923755645752 19.8388328552246 19.9349994659424 19.9862499237061 19.9174575805664 19.7856674194336 19.7600841522217 19.7119159698486 19.7243747711182 19.791166305542 19.8462505340576 19.9135417938232 19.9655418395996 19.9897499084473 19.9126663208008 19.9127502441406 19.8836250305176
20.021333694458 20.1321678161621 20.2595844268799 20.3745002746582 20.451000213623 20.5070838928223 20.5360832214355 20.4628753662109 20.4549579620361 20.4726676940918 20.502082824707 20.5629997253418 20.4663333892822 20.4419174194336 20.3966255187988 20.3009166717529 20.2622509002686 20.1672496795654 20.0550842285156 20.0096244812012 20.0332088470459 19.9863338470459 19.9171676635742 19.826000213623 19.6747093200684 19.6332492828369 19.6710834503174 19.7177505493164 19.6881256103516 19.7054576873779 19.7334995269775 19.7371253967285 19.6695423126221 19.706750869751 19.7103748321533 19.8544158935547 19.8451251983643 19.9110832214355 19.9431667327881 19.8917083740234 19.8706665039062 19.7840003967285 19.7735424041748 19.6421241760254 19.67795753479 19.8495006561279 19.89670753479 19.9464988708496 20.0562496185303 20.0959587097168 20.0432910919189 20.0343341827393 19.981876373291
20.0440826416016 20.1665840148926 20.291332244873 20.4164581298828 20.5130844116211 20.5666656494141 20.5939998626709 20.5383338928223 20.5187072753906 20.4865837097168 20.4767513275146 20.4899578094482 20.4010410308838 20.3653335571289 20.3016242980957 20.2288341522217 20.1830406188965 20.1310005187988 20.0801677703857 20.0683746337891 19.9625835418701 19.9250831604004 19.7967491149902 19.7093753814697 19.6716251373291 19.6572914123535 19.6763744354248 19.685583114624 19.6765823364258 19.694917678833 19.7287082672119 19.7167091369629 19.6921253204346 19.6839580535889 19.7937507629395 19.8392505645752 19.9354591369629 19.8898754119873 19.8716659545898 19.8552913665771 19.8448753356934 19.8326663970947 19.8271656036377 19.783374786377 19.7349586486816 19.8660411834717 19.9237079620361 20.002124786377 20.0947074890137 20.2008743286133 20.1842079162598 20.0568332672119 20.0353755950928
20.0638751983643 20.1386661529541 20.2437076568604 20.3915424346924 20.5280838012695 20.6544589996338 20.6494159698486 20.5995426177979 20.5290012359619 20.4931259155273 20.4528751373291 20.4391670227051 20.3676662445068 20.306791305542 20.2790832519531 20.2172908782959 20.1491661071777 20.111499786377 20.0964164733887 20.0191669464111 19.8595409393311 19.735876083374 19.6900825500488 19.7322082519531 19.7396659851074 19.6789588928223 19.7016677856445 19.7157917022705 19.7119998931885 19.7228336334229 19.7882499694824 19.6907081604004 19.6802501678467 19.7683753967285 19.8838748931885 19.9397087097168 19.8869590759277 19.8630409240723 19.8461666107178 19.8569164276123 19.842041015625 19.8464584350586 19.8817920684814 19.8232078552246 19.7336673736572 19.8080005645752 19.9201240539551 20.0334587097168 20.1477508544922 20.232873916626 20.1862087249756 20.0798740386963 20.1141242980957
20.0986671447754 20.1136245727539 20.1338748931885 20.2451248168945 20.4028339385986 20.5710830688477 20.5572490692139 20.5736255645752 20.4957084655762 20.4518337249756 20.4495010375977 20.3996658325195 20.3246669769287 20.2498741149902 20.2287502288818 20.2137908935547 20.189790725708 20.1422920227051 20.0035419464111 19.6966667175293 19.6105003356934 19.628999710083 19.6850414276123 19.7699584960938 19.7032089233398 19.7155418395996 19.7320003509521 19.7935009002686 19.8284587860107 19.8464584350586 19.8910007476807 19.8602504730225 19.8379173278809 19.8795833587646 19.9219169616699 19.948917388916 19.9387493133545 19.8834991455078 19.8001670837402 19.8411674499512 19.845251083374 19.759708404541 19.7534160614014 19.7749576568604 19.8017501831055 19.7929172515869 19.8884162902832 19.9874992370605 20.1909999847412 20.2897090911865 20.3560829162598 20.3452911376953 20.4057083129883
20.043083190918 20.0695419311523 20.1620006561279 20.1681671142578 20.2982921600342 20.5309162139893 20.4677085876465 20.4660415649414 20.4262084960938 20.3912506103516 20.3558750152588 20.3052082061768 20.2946243286133 20.2474575042725 20.1028747558594 20.0267086029053 19.8686676025391 19.7699165344238 19.6751670837402 19.6102504730225 19.7025833129883 19.6660003662109 19.8093338012695 19.8142509460449 19.7935409545898 19.8410415649414 19.8135414123535 19.8136672973633 19.8763332366943 19.9207496643066 19.8921241760254 19.8741664886475 19.8753757476807 19.890417098999 19.9052505493164 19.9302921295166 19.9538326263428 19.9262084960938 19.8624992370605 19.7709999084473 19.7994575500488 19.8597507476807 19.7826251983643 19.7406673431396 19.7796249389648 19.8819999694824 19.9450416564941 20.0127925872803 20.2041664123535 20.3186664581299 20.4209575653076 20.5336666107178 20.52512550354
20.0044994354248 20.085958480835 20.1606674194336 20.2535419464111 20.3377075195312 20.4595413208008 20.4375419616699 20.4238338470459 20.3903331756592 20.3049583435059 20.2958335876465 20.101541519165 20.1917915344238 20.2034587860107 20.0235424041748 19.8253746032715 19.7584590911865 19.7799167633057 19.6691246032715 19.6030826568604 19.7074165344238 19.7950000762939 19.8432083129883 19.9040832519531 19.8901672363281 19.8365840911865 19.8417091369629 19.9189167022705 19.9489994049072 19.8728332519531 19.8568325042725 19.8603343963623 19.8838748931885 19.9065418243408 19.8902912139893 19.9009170532227 19.9027080535889 19.9390830993652 19.8753757476807 19.8367500305176 19.7761249542236 19.8266258239746 19.8377494812012 19.804292678833 19.8348331451416 19.8833332061768 20.0072498321533 20.0728340148926 20.1839160919189 20.3066253662109 20.4249992370605 20.4253749847412 20.4795837402344
19.9376659393311 19.9965419769287 20.0762920379639 20.1896667480469 20.2312927246094 20.3815422058105 20.4086246490479 20.3721656799316 20.2757911682129 20.1878337860107 20.1599578857422 20.165958404541 20.1574993133545 20.1587924957275 19.9441261291504 19.8793754577637 19.7709159851074 19.6717090606689 19.6381664276123 19.6232070922852 19.7547912597656 19.8562088012695 19.8539161682129 19.9370422363281 19.8531246185303 19.8707504272461 19.9359169006348 19.9728336334229 19.8824577331543 19.9138336181641 19.9139575958252 19.849458694458 19.8937911987305 19.8677921295166 19.8910827636719 19.9025421142578 19.8990001678467 19.8875827789307 19.9220008850098 19.8545417785645 19.7700424194336 19.8159580230713 19.8413333892822 19.8521251678467 19.8842506408691 19.9145832061768 20.0086250305176 20.1006660461426 20.2467498779297 20.4695415496826 20.4891662597656 20.400541305542 20.4576663970947
19.6885833740234 19.7590827941895 19.837833404541 19.9962501525879 19.8349170684814 20.0747089385986 20.3488750457764 20.2274169921875 20.1113338470459 20.1263332366943 20.1065425872803 20.1618328094482 20.2035007476807 20.0292911529541 19.9353332519531 19.7743339538574 19.6506671905518 19.6324577331543 19.6064167022705 19.685375213623 19.7338333129883 19.7654991149902 19.8992919921875 19.9104995727539 19.8896255493164 19.9621257781982 20.0161666870117 20.0397491455078 20.0210418701172 19.953332901001 19.9125843048096 19.8512916564941 19.8675003051758 19.8734588623047 19.8913745880127 19.8792915344238 19.8352088928223 19.8531665802002 19.9072074890137 19.8901252746582 19.9361248016357 19.9232501983643 19.9423751831055 19.9952087402344 20.0402507781982 20.0393753051758 20.0967082977295 20.1614170074463 20.2633743286133 20.3807506561279 20.5157508850098 20.5354175567627 20.4395408630371
