layers/tmin11.asc
NCOLS 292 
NROWS 291 
XLLCORNER -87.6458333327872 
YLLCORNER 24.4791666666667 
CELLSIZE 0.0416666666669039 
NODATA_value -3.4e+38 
[rows 24 to 47 of 291, columns 212 to 264 of 292]
9.70891666412354 9.64791679382324 9.56424999237061 9.41908359527588 9.395583152771 9.41441631317139 9.43966674804688 9.41558361053467 9.53241634368896 9.57216644287109 9.6272497177124 9.61575031280518 9.68341636657715 9.78383350372314 9.83491706848145 9.91833305358887 9.88608360290527 9.88908290863037 10.1246662139893 10.2560834884644 10.3035001754761 10.3360004425049 10.4497499465942 10.5329999923706 10.5508337020874 10.4648332595825 10.4548330307007 10.5469169616699 10.6244163513184 10.6372499465942 10.7171669006348 10.6155834197998 10.5669164657593 10.5235004425049 10.518666267395 10.6555833816528 10.7891664505005 10.9332504272461 11.1286668777466 11.2696666717529 11.375 11.3675003051758 11.2921667098999 11.3395833969116 11.3626661300659 11.3183336257935 11.2451667785645 11.0646667480469 11.0034170150757 10.9696664810181 10.9750833511353 10.9892501831055 10.9584999084473
9.60974979400635 9.63708305358887 9.65316677093506 9.50341701507568 9.52966690063477 9.49666690826416 9.39249992370605 9.47224998474121 9.58716678619385 9.55441665649414 9.52408313751221 9.57050037384033 9.65216636657715 9.78608322143555 9.88633346557617 9.96099948883057 9.99158382415771 10.0193328857422 10.1864995956421 10.2084999084473 10.2259168624878 10.3289165496826 10.3952503204346 10.445333480835 10.5308332443237 10.6081666946411 10.5536670684814 10.6281671524048 10.7004165649414 10.7247505187988 10.8593330383301 10.8621664047241 10.7500829696655 10.6748332977295 10.6955003738403 10.7250003814697 10.8335838317871 10.9722499847412 11.1464166641235 11.306583404541 11.5547494888306 11.6888332366943 11.6937503814697 11.7075834274292 11.6029996871948 11.4998331069946 11.4149160385132 11.2839994430542 11.2211666107178 11.1938333511353 11.1615829467773 11.2124996185303 11.2311668395996
9.66475009918213 9.72000026702881 9.76458358764648 9.63975048065186 9.50600051879883 9.51633358001709 9.46083354949951 9.59966659545898 9.7301664352417 9.6656665802002 9.61950016021729 9.65025043487549 9.69474983215332 9.79733371734619 9.91899967193604 10.0474166870117 10.1284170150757 10.1946668624878 10.1940832138062 10.2075004577637 10.2525835037231 10.3119163513184 10.4438333511353 10.4855003356934 10.568416595459 10.6567497253418 10.6822500228882 10.6975831985474 10.7737503051758 10.8503332138062 10.9977502822876 11.078332901001 10.9392499923706 10.8830003738403 10.8306665420532 10.8863334655762 10.9846668243408 11.1031665802002 11.2448329925537 11.3934164047241 11.5929164886475 11.7349996566772 11.8554162979126 11.8799161911011 11.7893333435059 11.6990833282471 11.6022500991821 11.5784168243408 11.615083694458 11.6311664581299 11.575083732605 11.5040836334229 11.4449167251587
10.0043334960938 10.0110836029053 10.0209999084473 9.91683292388916 9.83383369445801 9.70083332061768 9.65974998474121 9.77883338928223 9.84408378601074 9.77708339691162 9.72458362579346 9.76900005340576 9.85591697692871 9.90149974822998 9.97758293151855 10.1130828857422 10.3322496414185 10.4449996948242 10.3945837020874 10.28600025177 10.2284164428711 10.3556671142578 10.4888334274292 10.5734996795654 10.5581665039062 10.6161670684814 10.7384166717529 10.8930835723877 10.9785833358765 11.1592502593994 11.2615833282471 11.2765836715698 11.1767501831055 11.1180000305176 11.0869998931885 11.1313333511353 11.1800003051758 11.2062501907349 11.2880830764771 11.4496669769287 11.5658330917358 11.6573333740234 11.7160005569458 11.7524166107178 11.8774995803833 11.8884162902832 11.893500328064 11.9607496261597 12.043833732605 12.0753335952759 11.9617500305176 11.7915830612183 11.6792497634888
10.2303333282471 10.2709999084473 10.2456665039062 10.1944999694824 10.1457500457764 10.0649166107178 10.0022497177124 10.1317501068115 10.0999164581299 10.0180835723877 9.97641658782959 9.95549964904785 9.99600028991699 10.1119165420532 10.1853332519531 10.3221664428711 10.4280004501343 10.4980001449585 10.5160827636719 10.5037498474121 10.5129165649414 10.551833152771 10.5946664810181 10.6219997406006 10.6726665496826 10.7367496490479 10.7731666564941 10.8408336639404 11.0873336791992 11.3995838165283 11.5755834579468 11.5095834732056 11.4307498931885 11.2880001068115 11.277250289917 11.2550001144409 11.2602500915527 11.2555837631226 11.3646669387817 11.427583694458 11.5147495269775 11.6090002059937 11.6585006713867 11.682333946228 11.7775001525879 11.7973337173462 11.989333152771 12.2769165039062 12.4044170379639 12.305832862854 12.1607503890991 12.1158332824707 12.0102500915527
10.3305835723877 10.3687505722046 10.3542499542236 10.2755832672119 10.2299165725708 10.2718334197998 10.3297500610352 10.3109998703003 10.1419172286987 10.1233329772949 10.0511665344238 10.096583366394 10.2157497406006 10.3033332824707 10.4572496414185 10.5149164199829 10.6186666488647 10.7401666641235 10.8427505493164 10.8525829315186 10.9248332977295 10.8661670684814 10.7922506332397 10.7822504043579 10.7765836715698 10.7425003051758 10.7937498092651 10.889666557312 11.0985832214355 11.421667098999 11.5911664962769 11.5363330841064 11.5375833511353 11.4169998168945 11.3441667556763 11.301833152771 11.2449169158936 11.3225831985474 11.377833366394 11.4189167022705 11.5109167098999 11.59375 11.606499671936 11.6569995880127 11.7523336410522 11.8605833053589 12.0400829315186 12.3284997940063 12.5453338623047 12.5410833358765 12.4815835952759 12.4846668243408 12.3021669387817
10.4543333053589 10.4371671676636 10.4210834503174 10.4782495498657 10.515417098999 10.5445003509521 10.4790830612183 10.4937496185303 10.2995004653931 10.2014999389648 10.1702499389648 10.1712503433228 10.1301670074463 10.2151660919189 10.3546667098999 10.4286670684814 10.5164995193481 10.5971670150757 10.9719171524048 11.1483335494995 11.2624998092651 11.0785827636719 10.9087495803833 10.8100833892822 10.772500038147 10.7745838165283 10.7982501983643 10.8286666870117 10.9005002975464 11.1164169311523 11.366250038147 11.3807497024536 11.4266662597656 11.321249961853 11.2987499237061 11.2842502593994 11.282416343689 11.3190832138062 11.3897504806519 11.4359998703003 11.4752502441406 11.5741662979126 11.6335000991821 11.7232494354248 11.8481664657593 11.96875 12.0828332901001 12.1689167022705 12.3140001296997 12.4322500228882 12.4654169082642 12.4685001373291 12.5007495880127
10.3725004196167 10.4282503128052 10.4978332519531 10.5844163894653 10.6532497406006 10.5747499465942 10.6323337554932 10.6215000152588 10.4167499542236 10.2873334884644 10.2357501983643 10.150333404541 10.1125831604004 10.2108335494995 10.2962503433228 10.3686666488647 10.5722503662109 10.6553335189819 10.7039165496826 10.7972497940063 11.0575828552246 11.0696668624878 10.8621664047241 10.7309169769287 10.7054996490479 10.731499671936 10.766583442688 10.7785835266113 10.8263330459595 10.9058332443237 11.0469169616699 11.1536664962769 11.1606664657593 11.1343336105347 11.0980005264282 11.1700000762939 11.2875833511353 11.3107500076294 11.3579998016357 11.4689168930054 11.4911661148071 11.5523338317871 11.7248334884644 11.8719997406006 11.9259996414185 11.9558334350586 11.958083152771 11.9901666641235 12.0354995727539 12.0535831451416 12.1125001907349 12.2797498703003 12.3860836029053
10.5228338241577 10.6025838851929 10.6134166717529 10.5614166259766 10.5416669845581 10.6256666183472 10.7177495956421 10.6893339157104 10.5815830230713 10.3478336334229 10.2269163131714 10.2072505950928 10.1884994506836 10.2244167327881 10.2719163894653 10.3810834884644 10.4925832748413 10.5428333282471 10.5477504730225 10.5971660614014 10.7308330535889 10.793083190918 10.6750001907349 10.5953330993652 10.5557498931885 10.5472497940063 10.5888328552246 10.6195831298828 10.6318330764771 10.6698331832886 10.7864170074463 10.8672494888306 10.893666267395 10.9184999465942 10.9729995727539 11.0450830459595 11.1440839767456 11.2250833511353 11.3079996109009 11.4809999465942 11.6094999313354 11.6843338012695 11.7942504882812 11.8468332290649 11.8777503967285 11.8943338394165 11.858416557312 11.841833114624 11.7783336639404 11.7267503738403 11.7742500305176 11.9748334884644 12.158332824707
10.7259998321533 10.8234996795654 10.6179170608521 10.5681667327881 10.529333114624 10.6389999389648 10.7678337097168 10.7921667098999 10.78125 10.5387496948242 10.3493328094482 10.3003330230713 10.2727499008179 10.2707500457764 10.3000831604004 10.3099164962769 10.3373336791992 10.3913335800171 10.4225835800171 10.4654998779297 10.5301666259766 10.5886669158936 10.6020832061768 10.5540828704834 10.4601669311523 10.3666667938232 10.3772497177124 10.4048328399658 10.4338331222534 10.4338331222534 10.4380836486816 10.558500289917 10.6140832901001 10.7252502441406 10.8424167633057 10.9580001831055 11.0701665878296 11.0828332901001 11.1840000152588 11.4523334503174 11.6599998474121 11.6930837631226 11.677583694458 11.7845830917358 11.881667137146 11.9187498092651 11.8822498321533 11.7255001068115 11.5678339004517 11.4835834503174 11.4922504425049 11.7498331069946 12.0457496643066
10.8711671829224 10.8547496795654 10.7660827636719 10.7119998931885 10.6161661148071 10.7347497940063 10.7702503204346 10.8501672744751 10.7974996566772 10.6744165420532 10.488166809082 10.3872499465942 10.3347501754761 10.2942495346069 10.2890005111694 10.2550001144409 10.2891664505005 10.3251667022705 10.3324995040894 10.3794164657593 10.383749961853 10.3817501068115 10.4425830841064 10.525333404541 10.4826669692993 10.3957500457764 10.3593330383301 10.3838329315186 10.3362503051758 10.3195838928223 10.3547496795654 10.4839162826538 10.5844163894653 10.6995830535889 10.8527498245239 10.9235000610352 11.0013332366943 11.1274166107178 11.2868337631226 11.4198331832886 11.5170831680298 11.6355829238892 11.6908330917358 11.7653331756592 11.8733339309692 11.9411668777466 11.8975830078125 11.7093334197998 11.4325828552246 11.294750213623 11.3589162826538 11.7280836105347 12.0589170455933
10.8976669311523 10.8538331985474 10.8181667327881 10.7569169998169 10.7447500228882 10.873083114624 10.8354997634888 10.8055830001831 10.7980003356934 10.6919164657593 10.5755004882812 10.4551668167114 10.4026670455933 10.3341665267944 10.2515001296997 10.2115001678467 10.2185831069946 10.1689167022705 10.2262496948242 10.2858333587646 10.3198328018188 10.3170003890991 10.3022499084473 10.3293333053589 10.4049167633057 10.3860836029053 10.3606662750244 10.3485832214355 10.3384170532227 10.297999382019 10.3724994659424 10.4439163208008 10.6336669921875 10.7864170074463 10.8551664352417 10.9309997558594 11.0450830459595 11.1866664886475 11.3070831298828 11.3474998474121 11.3625831604004 11.5223331451416 11.664999961853 11.7427501678467 11.8028335571289 11.882833480835 11.8562498092651 11.7141666412354 11.4639167785645 11.303750038147 11.4432497024536 11.7805004119873 12.0193328857422
10.880916595459 10.9137496948242 10.8564167022705 10.7566661834717 10.8245000839233 10.9138336181641 10.9739170074463 10.970666885376 10.8717498779297 10.8359994888306 10.673999786377 10.6110000610352 10.4807500839233 10.3916664123535 10.3076667785645 10.2210836410522 10.1930828094482 10.1367502212524 10.0357503890991 9.96000003814697 10.1093330383301 10.087833404541 10.2084169387817 10.1896667480469 10.3654165267944 10.3962497711182 10.3907499313354 10.3655834197998 10.3233337402344 10.3355836868286 10.3265829086304 10.5126667022705 10.645583152771 10.7650003433228 10.8289165496826 10.8683338165283 10.9941663742065 11.1872501373291 11.2680835723877 11.2928333282471 11.3558330535889 11.4149169921875 11.6540832519531 11.7308330535889 11.7826662063599 11.8165836334229 11.8234167098999 11.7647495269775 11.6546669006348 11.5403337478638 11.6535005569458 11.9235830307007 12.0420837402344
10.9773330688477 10.9690837860107 10.9099998474121 10.808500289917 10.7767496109009 10.8035001754761 10.8919162750244 10.9378337860107 10.8459997177124 10.8454170227051 10.6929168701172 10.7332496643066 10.6039161682129 10.4775829315186 10.3368330001831 10.2639999389648 10.1487503051758 10.0386667251587 9.91724967956543 9.8571662902832 9.80550003051758 9.819167137146 9.84033298492432 9.99291706085205 10.2779998779297 10.3541669845581 10.3122501373291 10.3266668319702 10.2889165878296 10.2545003890991 10.2864999771118 10.4276666641235 10.5329999923706 10.5740003585815 10.6666669845581 10.8249998092651 11.0231666564941 11.1789999008179 11.2329998016357 11.2773332595825 11.2588329315186 11.2405834197998 11.5235834121704 11.7293338775635 11.8461666107178 11.881667137146 11.9010000228882 11.8789167404175 11.7962493896484 11.7108335494995 11.8347501754761 12.0388336181641 12.1630001068115
11.0128335952759 10.9962501525879 10.9619169235229 10.8759164810181 10.8922500610352 10.8278331756592 10.8538331985474 10.8683338165283 10.8433332443237 10.8632497787476 10.6880836486816 10.7880830764771 10.7490835189819 10.5935001373291 10.4273328781128 10.2752504348755 10.1245002746582 9.9575834274292 9.75216674804688 9.77591705322266 9.81283283233643 9.88000011444092 9.83608341217041 10.0032501220703 10.2131662368774 10.244083404541 10.1881666183472 10.19225025177 10.2006664276123 10.1327495574951 10.1560001373291 10.2064170837402 10.296667098999 10.4114170074463 10.5487499237061 10.731499671936 10.8871669769287 11.1236667633057 11.1984996795654 11.2742500305176 11.3642501831055 11.3922500610352 11.4846668243408 11.6492500305176 11.8187503814697 11.9013338088989 11.9519166946411 11.9869165420532 11.9063329696655 11.8739166259766 11.9745836257935 12.0798330307007 12.227499961853
10.9005832672119 11.0108337402344 10.9957504272461 10.925666809082 10.8180828094482 10.7841663360596 10.7815837860107 10.7205829620361 10.7563333511353 10.8257503509521 10.7491664886475 10.9145002365112 10.7881669998169 10.6230001449585 10.4221668243408 10.2636671066284 10.0804996490479 9.93833351135254 9.8211669921875 9.79874992370605 9.81174945831299 9.82966709136963 9.77716636657715 10.0339164733887 10.1591672897339 10.1454172134399 10.1335830688477 10.1209163665771 10.0872497558594 10.0413331985474 10.0192499160767 10.0062503814697 10.1414165496826 10.2508335113525 10.4744167327881 10.6665000915527 10.7748327255249 11.0515003204346 11.2245836257935 11.3228330612183 11.4112501144409 11.4374170303345 11.5599164962769 11.7233333587646 11.9163331985474 12.0398330688477 12.0999164581299 12.0745830535889 12.047082901001 11.9816665649414 11.9088335037231 11.9574995040894 12.0725831985474
11.0467500686646 10.9984998703003 10.9499168395996 10.9128332138062 10.8332500457764 10.7539167404175 10.6094999313354 10.7630834579468 10.6625833511353 10.7984170913696 10.6439170837402 10.7789163589478 10.7063331604004 10.5739994049072 10.3606662750244 10.2489166259766 10.1024169921875 10.0305833816528 9.91349983215332 9.91300010681152 9.8861665725708 9.78533363342285 9.8120002746582 9.96283340454102 9.99708366394043 10.0950002670288 10.113166809082 10.0982494354248 10.0463333129883 9.96783351898193 9.948166847229 9.94116687774658 10.1105833053589 10.2573337554932 10.4054164886475 10.5791664123535 10.7642498016357 10.9292497634888 11.118332862854 11.2648334503174 11.3953332901001 11.4882497787476 11.6551666259766 11.8424997329712 11.9918336868286 12.1514167785645 12.2224998474121 12.1667499542236 12.0812501907349 12.0048332214355 11.9691667556763 11.9680833816528 12.0449161529541
10.9868335723877 10.9370832443237 10.8724994659424 10.7952499389648 10.805832862854 10.7093334197998 10.6743335723877 10.6414165496826 10.6603336334229 10.5789165496826 10.5504159927368 10.6420831680298 10.480583190918 10.3999996185303 10.266583442688 10.2264165878296 10.1473331451416 10.0964164733887 9.95166683197021 9.8524169921875 9.81933307647705 9.86524963378906 9.89300060272217 9.90266704559326 9.9801664352417 10.0423336029053 10.1117496490479 10.143500328064 10.1429166793823 10.0407495498657 10.0385828018188 10.063666343689 10.238166809082 10.3546667098999 10.4175834655762 10.5935001373291 10.719916343689 10.8186664581299 11.0488338470459 11.2138338088989 11.4023332595825 11.5629167556763 11.747166633606 11.9134168624878 12.0341663360596 12.1429996490479 12.1604166030884 12.107250213623 12.0647497177124 12.0009994506836 12.0139169692993 12.1157503128052 12.2453336715698
10.9341669082642 10.8421669006348 10.8129997253418 10.7589168548584 10.7111663818359 10.699333190918 10.6964168548584 10.5313329696655 10.5212497711182 10.5668334960938 10.3805837631226 10.4295835494995 10.2803335189819 10.2764167785645 10.2484169006348 10.2097501754761 10.0801668167114 9.95716667175293 9.8412504196167 9.86708354949951 9.87058353424072 9.85700035095215 9.88558292388916 9.89066696166992 9.96683311462402 10.0592498779297 10.1491670608521 10.2120838165283 10.2320833206177 10.2020835876465 10.1963329315186 10.3155002593994 10.4475831985474 10.4549999237061 10.5629997253418 10.7202501296997 10.7276668548584 10.8633337020874 11.0597496032715 11.2562503814697 11.4653339385986 11.6963329315186 11.9388332366943 12.1100835800171 12.1188335418701 12.0842504501343 11.9410829544067 11.9410829544067 12.0535831451416 12.1699171066284 12.320333480835 12.4437494277954 12.6110830307007
10.7438335418701 10.6957502365112 10.6909999847412 10.6801662445068 10.6362504959106 10.5614166259766 10.6161661148071 10.5358333587646 10.4545001983643 10.4427499771118 10.4009160995483 10.2110834121704 10.2250833511353 10.2700004577637 10.2950000762939 10.1855001449585 9.98449993133545 9.85208320617676 9.75799942016602 9.78191661834717 9.78133296966553 9.74616622924805 9.83766651153564 9.88108348846436 9.9263334274292 10.02649974823 10.1223335266113 10.2363328933716 10.2985830307007 10.2674169540405 10.3350830078125 10.5192499160767 10.7706670761108 10.7755832672119 10.8390836715698 10.9362497329712 10.9961671829224 11.1394996643066 11.2720832824707 11.5575828552246 11.8460836410522 12.0933332443237 12.3610830307007 12.5159997940063 12.4254169464111 12.2447500228882 11.9632501602173 11.9294166564941 12.1524171829224 12.4366664886475 12.7245836257935 12.9349164962769 13.1614999771118
10.6937503814697 10.6299171447754 10.628833770752 10.6668329238892 10.6170835494995 10.5404167175293 10.5908336639404 10.543999671936 10.5603332519531 10.3646669387817 10.3695001602173 10.3239164352417 10.069167137146 10.2514162063599 10.1779165267944 10.0819997787476 9.98208332061768 9.83141613006592 9.74749946594238 9.68916702270508 9.69633293151855 9.74025058746338 9.83741664886475 9.89849948883057 9.96316623687744 10.0164165496826 10.0957498550415 10.2034997940063 10.2652502059937 10.3564167022705 10.5688333511353 10.7780838012695 11.0909996032715 11.2450828552246 11.2529163360596 11.248833656311 11.4108333587646 11.5988330841064 11.7788333892822 12.0797500610352 12.3405828475952 12.5622501373291 12.7840003967285 12.9664163589478 12.9040832519531 12.748083114624 12.5384168624878 12.5413331985474 12.7709169387817 13.0686664581299 13.3494167327881 13.5714998245239 13.7928333282471
10.9837503433228 10.9472503662109 10.6912498474121 10.5995836257935 10.6630001068115 10.6710834503174 10.7299165725708 10.6185836791992 10.5919170379639 10.5274171829224 10.3204164505005 10.2974166870117 10.2422494888306 10.1083335876465 10.1798334121704 10.1224164962769 10.0256662368774 9.91100025177002 9.84058284759521 9.72824954986572 9.71016693115234 9.82041645050049 9.92975044250488 9.93833351135254 9.96366691589355 9.98591709136963 10.0775003433228 10.1701669692993 10.2589998245239 10.4537506103516 10.7373332977295 11.0033330917358 11.429500579834 11.58899974823 11.693416595459 11.7273330688477 11.9037504196167 12.0651664733887 12.237250328064 12.5669164657593 12.8835830688477 13.1207504272461 13.4227504730225 13.6186666488647 13.5709171295166 13.4339170455933 13.2129163742065 13.2360000610352 13.4624166488647 13.7200832366943 13.931583404541 14.1615829467773 14.3274164199829
10.9556665420532 11.0210838317871 10.982250213623 10.7255830764771 10.7177505493164 10.7439165115356 10.7827501296997 10.7271661758423 10.6640005111694 10.6100835800171 10.4781665802002 10.2829170227051 10.3066663742065 10.1994171142578 10.1855001449585 10.1860828399658 10.1042499542236 10.0129995346069 9.96350002288818 9.92916679382324 9.94950008392334 9.9288330078125 9.96116638183594 10.0086669921875 10.0012502670288 9.98566627502441 10.0305833816528 10.1286668777466 10.2684164047241 10.5298328399658 10.800666809082 11.0998334884644 11.4681663513184 11.7653331756592 11.9568328857422 12.0734167098999 12.2687501907349 12.4665002822876 12.7689170837402 13.1464996337891 13.4899168014526 13.7881669998169 14.0998334884644 14.2710828781128 -3.4e+38 -3.4e+38 -3.4e+38 -3.4e+38 -3.4e+38 -3.4e+38 -3.4e+38 -3.4e+38 -3.4e+38
10.8819169998169 10.9994163513184 11.0220003128052 10.9977502822876 10.9424171447754 10.757833480835 10.7785835266113 10.7324171066284 10.6515827178955 10.6043338775635 10.5699167251587 10.462082862854 10.3696670532227 10.2072496414185 10.2639999389648 10.2679166793823 10.2271671295166 10.1595001220703 10.0993337631226 10.0839996337891 10.1104164123535 10.0871667861938 10.0659170150757 10.0661668777466 10.0025835037231 9.92483329772949 9.9330005645752 10.0677499771118 10.3242502212524 10.6095838546753 10.9156665802002 11.2904996871948 11.6296663284302 11.8276662826538 12.1558332443237 12.425666809082 12.6760835647583 12.9566669464111 13.3810834884644 13.7982501983643 -3.4e+38 -3.4e+38 -3.4e+38 -3.4e+38 -3.4e+38 -3.4e+38 -3.4e+38 -3.4e+38 -3.4e+38 -3.4e+38 -3.4e+38 -3.4e+38 -3.4e+38
