layers/tmin9.asc
NCOLS 292 
NROWS 291 
XLLCORNER -87.6458333327872 
YLLCORNER 24.4791666666667 
CELLSIZE 0.0416666666669039 
NODATA_value -3.4e+38 
[rows 0 to 23 of 291, columns 212 to 264 of 292]
-3.4e+38 -3.4e+38 -3.4e+38 -3.4e+38 -3.4e+38 -3.4e+38 -3.4e+38 -3.4e+38 -3.4e+38 -3.4e+38 -3.4e+38 -3.4e+38 -3.4e+38 -3.4e+38 -3.4e+38 -3.4e+38 -3.4e+38 -3.4e+38 -3.4e+38 -3.4e+38 -3.4e+38 -3.4e+38 -3.4e+38 -3.4e+38 -3.4e+38 -3.4e+38 -3.4e+38 -3.4e+38 -3.4e+38 -3.4e+38 -3.4e+38 -3.4e+38 -3.4e+38 -3.4e+38 -3.4e+38 -3.4e+38 -3.4e+38 -3.4e+38 -3.4e+38 -3.4e+38 -3.4e+38 -3.4e+38 -3.4e+38 -3.4e+38 -3.4e+38 -3.4e+38 -3.4e+38 -3.4e+38 -3.4e+38 -3.4e+38 -3.4e+38 -3.4e+38 -3.4e+38
8.60158348083496 -3.4e+38 -3.4e+38 -3.4e+38 -3.4e+38 -3.4e+38 -3.4e+38 -3.4e+38 -3.4e+38 8.47141647338867 8.59466648101807 8.65275001525879 8.76866626739502 8.85983371734619 8.85941696166992 8.83341693878174 8.83608341217041 8.80216693878174 8.77733325958252 8.80474948883057 8.7807502746582 8.760666847229 8.75949954986572 8.72808361053467 8.78508377075195 8.92866706848145 9.01033306121826 8.98149967193604 8.8864164352417 8.8323335647583 8.82766628265381 8.83341693878174 8.89358329772949 8.9265832901001 8.98000049591064 9.02358341217041 9.02533340454102 9.0317497253418 9.0086669921875 9.01399993896484 9.08808326721191 9.08549976348877 9.0535831451416 9.07374954223633 9.22833347320557 9.35050010681152 9.34858322143555 9.37599945068359 9.33825016021729 9.37441635131836 9.38983345031738 9.43274974822998 9.43274974822998
8.57466697692871 8.46633338928223 8.43875026702881 8.37566661834717 8.39249992370605 8.38100051879883 8.395583152771 8.29733371734619 8.31516647338867 8.44533348083496 8.47933387756348 8.67100048065186 8.774582862854 8.87174987792969 8.84549999237061 8.7703332901001 8.78983402252197 8.77366638183594 8.73066711425781 8.77908325195312 8.77966690063477 8.81083297729492 8.84558296203613 8.94624996185303 9.03458309173584 9.10725021362305 9.05900001525879 8.99075031280518 8.90174961090088 8.87191677093506 8.86050033569336 8.88150024414062 8.88158321380615 8.95499992370605 8.98799991607666 8.99633312225342 9.07999992370605 9.09099960327148 9.12133312225342 9.03791618347168 9.08250045776367 9.17641639709473 9.10141658782959 9.0225830078125 9.1555004119873 9.25583267211914 9.32458305358887 9.32200050354004 9.36366653442383 9.37333297729492 9.37383365631104 9.38850021362305 9.40450000762939
8.57024955749512 8.56191635131836 8.45233345031738 8.45516681671143 8.49608325958252 8.5332498550415 8.47258377075195 8.37249946594238 8.37016677856445 8.35725021362305 8.31791687011719 8.54183387756348 8.6867504119873 8.76241683959961 8.75675010681152 8.74899959564209 8.74158382415771 8.74308300018311 8.73966693878174 8.71500015258789 8.77191638946533 8.73716640472412 8.80791664123535 8.95574951171875 9.10908317565918 9.12208366394043 9.1113338470459 9.05891704559326 9.00591659545898 8.97749996185303 8.9486665725708 8.91224956512451 8.9151668548584 8.95199966430664 9.02241611480713 9.06683349609375 9.13175010681152 9.16483306884766 9.10525035858154 9.073166847229 9.0843334197998 9.15316677093506 9.20433330535889 9.15383338928223 9.14566707611084 9.22466659545898 9.2477502822876 9.22725009918213 9.34224987030029 9.36524963378906 9.33399963378906 9.35449981689453 9.38799953460693
8.58108329772949 8.52041625976562 8.56316661834717 8.60608291625977 8.53216648101807 8.54983329772949 8.45250034332275 8.43941688537598 8.34508323669434 8.25816631317139 8.28441715240479 8.45300006866455 8.5649995803833 8.74508380889893 8.77974987030029 8.77608299255371 8.8030834197998 8.79641628265381 8.78958320617676 8.74933338165283 8.729416847229 8.65233325958252 8.79224967956543 9.05300045013428 9.15608310699463 9.17175006866455 9.13650035858154 9.04941654205322 8.98616695404053 8.96433353424072 8.98591709136963 9.00524997711182 8.9819164276123 9.02449989318848 9.04966640472412 9.12966632843018 9.18208312988281 9.21141719818115 9.21791648864746 9.18591690063477 9.18866634368896 9.11975002288818 9.17275047302246 9.15891647338867 9.12241649627686 9.11241722106934 9.16183376312256 9.15991687774658 9.30216693878174 9.28191661834717 9.22449970245361 9.25500011444092 9.3120002746582
8.47675037384033 8.49324989318848 8.63325023651123 8.74508380889893 8.75883293151855 8.70425033569336 8.59758377075195 8.40349960327148 8.4243335723877 8.35558319091797 8.37116622924805 8.35783290863037 8.53283309936523 8.72283363342285 8.77991676330566 8.80841636657715 8.82291698455811 8.84658336639404 8.78816699981689 8.86683368682861 8.80641651153564 8.78683376312256 8.8635835647583 9.05566692352295 9.20574951171875 9.23550033569336 9.12849998474121 9.0823335647583 9.08275032043457 9.02383327484131 9.03541660308838 9.04691696166992 9.08850002288818 9.0932502746582 9.17016696929932 9.23116683959961 9.25316619873047 9.27816677093506 9.30866622924805 9.29716682434082 9.21591663360596 9.18733310699463 9.21441650390625 9.17374992370605 9.17558288574219 9.15483283996582 9.11250019073486 9.08749961853027 9.28499984741211 9.29458332061768 9.23258304595947 9.20300006866455 9.20324993133545
8.39008331298828 8.430832862854 8.5912504196167 8.66808319091797 8.75899982452393 8.60175037384033 8.58425045013428 8.50383281707764 8.39058303833008 8.38724994659424 8.36225032806396 8.34183311462402 8.48700046539307 8.68716621398926 8.76475048065186 8.83558368682861 8.88041687011719 8.90791702270508 8.92441654205322 8.84074974060059 8.95391654968262 8.92766666412354 8.8615837097168 8.96950054168701 9.15133380889893 9.20250034332275 9.20216655731201 9.19558334350586 9.18074989318848 9.10649967193604 9.13191699981689 9.15925025939941 9.17933368682861 9.21350002288818 9.25991630554199 9.31008338928223 9.33658313751221 9.36450004577637 9.35350036621094 9.34416675567627 9.3343334197998 9.35058307647705 9.31783294677734 9.2924165725708 9.31783294677734 9.1986665725708 9.11308288574219 9.08150005340576 9.28824996948242 9.32266616821289 9.33425045013428 9.30691623687744 9.26691627502441
8.51441669464111 8.56774997711182 8.60808372497559 8.70075035095215 8.7070837020874 8.65558338165283 8.60124969482422 8.53849983215332 8.38983345031738 8.43599987030029 8.41975021362305 8.41733360290527 8.5627498626709 8.7480001449585 8.87741661071777 8.93691635131836 8.94583320617676 8.91699981689453 8.97550010681152 8.93816661834717 8.89583301544189 9.01866722106934 9.0334997177124 9.0716667175293 9.22441673278809 9.26108360290527 9.28033351898193 9.28658294677734 9.29300022125244 9.29116630554199 9.27983283996582 9.26458358764648 9.24516677856445 9.26291656494141 9.36324977874756 9.38966655731201 9.42183303833008 9.47799968719482 9.50783348083496 9.49533367156982 9.45374965667725 9.43291664123535 9.39249992370605 9.37833309173584 9.36024951934814 9.28824996948242 9.18916702270508 9.17325019836426 9.27591705322266 9.3549165725708 9.48000049591064 9.48466682434082 9.33908367156982
8.70541667938232 8.80508327484131 8.75300025939941 8.64824962615967 8.71541690826416 8.60525035858154 8.67491722106934 8.50500011444092 8.48624992370605 8.49408340454102 8.47508335113525 8.47433376312256 8.57699966430664 8.77658367156982 8.89108371734619 8.97641658782959 9.01408290863037 8.85833358764648 8.96475028991699 8.93033313751221 8.93108367919922 9.04275035858154 9.02199935913086 9.08749961853027 9.18108367919922 9.27758312225342 9.35099983215332 9.37741661071777 9.38741683959961 9.38291645050049 9.39174938201904 9.39949989318848 9.40075016021729 9.41174983978271 9.45233345031738 9.52958297729492 9.5803337097168 9.57575035095215 9.57708358764648 9.60233402252197 9.56333351135254 9.48050022125244 9.39200019836426 9.34591674804688 9.39575004577637 9.29858303070068 9.25966644287109 9.26408290863037 9.33275032043457 9.55799961090088 9.66899967193604 9.61725044250488 9.47441673278809
8.64441680908203 8.7180004119873 8.80741691589355 8.78208351135254 8.5818338394165 8.65041637420654 8.67074966430664 8.55525016784668 8.49224948883057 8.56666660308838 8.56458377838135 8.57124996185303 8.62241649627686 8.7480001449585 8.89241695404053 8.92558288574219 9.020583152771 9.04941654205322 9.13399982452393 9.13558292388916 9.00783348083496 9.08133316040039 9.16425037384033 9.17300033569336 9.28691673278809 9.32058334350586 9.4149169921875 9.42333316802979 9.42599964141846 9.4397497177124 9.44175052642822 9.46733379364014 9.49399948120117 9.57866668701172 9.57450008392334 9.60575008392334 9.65783309936523 9.69541645050049 9.69425010681152 9.64191627502441 9.58683300018311 9.46974945068359 9.42166709899902 9.42224979400635 9.37866687774658 9.26683330535889 9.2209997177124 9.24008369445801 9.41166687011719 9.66816711425781 9.81533336639404 9.78474998474121 9.67616653442383
8.65391635894775 8.41208362579346 8.5178337097168 8.76149940490723 8.82900047302246 8.86425018310547 8.79150009155273 8.61708354949951 8.49308300018311 8.54816722869873 8.58791637420654 8.59033298492432 8.71733283996582 8.68133354187012 8.87558364868164 9.00316715240479 9.10124969482422 9.13991641998291 9.00949954986572 9.10925006866455 9.11266708374023 9.26924991607666 9.26883316040039 9.22475051879883 9.33083343505859 9.38108348846436 9.46183300018311 9.46933364868164 9.48241710662842 9.51566696166992 9.493332862854 9.50341701507568 9.56700038909912 9.7899169921875 9.72833347320557 9.65966701507568 9.62825012207031 9.72291660308838 9.64991664886475 9.6158332824707 9.56158351898193 9.5287504196167 9.44550037384033 9.43908309936523 9.3524169921875 9.2472505569458 9.21175003051758 9.31941699981689 9.52933311462402 9.77833366394043 9.98316669464111 9.95433330535889 9.8884162902832
8.2993335723877 8.59749984741211 8.62408351898193 8.75675010681152 8.82766723632812 8.92825031280518 8.98183345794678 8.99600028991699 8.83958339691162 8.82333374023438 8.6555004119873 8.63249969482422 8.8953332901001 8.82691669464111 8.81241703033447 8.85958290100098 9.05500030517578 9.21308326721191 9.27025032043457 9.19649982452393 9.32083320617676 9.32841682434082 9.28950023651123 9.39008331298828 9.3747501373291 9.38483333587646 9.47141647338867 9.48958301544189 9.51166725158691 9.52716636657715 9.56641674041748 9.60008335113525 9.67016696929932 9.76683330535889 9.7095832824707 9.65341663360596 9.63899993896484 9.66450023651123 9.70324993133545 9.62583351135254 9.59924983978271 9.54633331298828 9.54583358764648 9.50141620635986 9.47299957275391 9.3320837020874 9.25108337402344 9.36899948120117 9.58008289337158 9.837082862854 10.0928335189819 10.0841665267944 10.0688333511353
8.42908382415771 8.6651668548584 8.85725021362305 8.88074970245361 8.96074962615967 9.19208335876465 9.34283351898193 9.16633319854736 9.05166721343994 8.88024997711182 8.81491661071777 8.89050006866455 8.99125003814697 9.06941699981689 8.9913330078125 8.95516681671143 9.06408309936523 9.15658283233643 9.18466663360596 9.18850040435791 9.28283309936523 9.44083309173584 9.42491722106934 9.47008323669434 9.48324966430664 9.52508354187012 9.53191661834717 9.50650024414062 9.50491619110107 9.52716636657715 9.57683372497559 9.60725021362305 9.71116638183594 9.76041698455811 9.81949996948242 9.81383323669434 9.74558353424072 9.78499984741211 9.78591632843018 9.71199989318848 9.70050048828125 9.69208335876465 9.64366626739502 9.5756664276123 9.54141616821289 9.49733352661133 9.50416660308838 9.52791690826416 9.63333320617676 9.91366672515869 10.2019166946411 10.1820831298828 10.2154998779297
8.93116664886475 8.93066692352295 9.07533359527588 9.07600021362305 9.30274963378906 9.31491661071777 9.63325023651123 9.4806661605835 9.33241653442383 9.21325016021729 8.83541679382324 8.8239164352417 9.06891632080078 9.12066650390625 9.11691665649414 9.04666614532471 9.12083339691162 9.28941631317139 9.18541622161865 9.29275035858154 9.36008358001709 9.37933349609375 9.44824981689453 9.51641654968262 9.52366638183594 9.55375003814697 9.55749988555908 9.583083152771 9.56258296966553 9.62316703796387 9.6984167098999 9.73983287811279 9.7611665725708 9.76566696166992 9.76283359527588 9.79825019836426 9.78416633605957 9.83549976348877 9.92291641235352 9.93908309936523 9.86075019836426 9.79608345031738 9.69499969482422 9.6269998550415 9.65958309173584 9.63024997711182 9.62016677856445 9.64041709899902 9.75816631317139 9.95400047302246 10.2136659622192 10.3981666564941 10.4409999847412
9.17241668701172 9.18308353424072 9.21583366394043 9.08133316040039 9.15916633605957 9.44449996948242 9.48025035858154 9.37316703796387 9.50950050354004 9.42108345031738 9.19091701507568 9.1160831451416 9.17675018310547 9.29325008392334 9.29616641998291 9.24658298492432 9.22850036621094 9.25441646575928 9.35083389282227 9.41641616821289 9.43850040435791 9.49116706848145 9.50691699981689 9.54308319091797 9.55316638946533 9.64108371734619 9.7274169921875 9.74849987030029 9.73541641235352 9.75341701507568 9.8569164276123 9.83741664886475 9.84316635131836 9.84158325195312 9.85508346557617 9.83091640472412 9.88949966430664 9.89933300018311 9.98691654205322 10.0416669845581 9.9665002822876 9.92258358001709 9.8884162902832 9.77958297729492 9.69858264923096 9.66191673278809 9.63408279418945 9.67074966430664 9.84700012207031 10.0241670608521 10.2303333282471 10.4672498703003 10.488166809082
9.45641708374023 9.51541709899902 9.62858295440674 9.31566715240479 9.27891635894775 9.20658302307129 9.26358318328857 9.15391635894775 9.50283336639404 9.47749996185303 9.51599979400635 9.4461669921875 9.45241641998291 9.39983367919922 9.4060001373291 9.3127498626709 9.25450038909912 9.23600006103516 9.31708335876465 9.46150016784668 9.49116706848145 9.47525024414062 9.57333278656006 9.67000007629395 9.71066665649414 9.76399993896484 9.85974979400635 9.88125038146973 9.89391708374023 9.92249965667725 9.95358371734619 9.94508361816406 9.90158271789551 9.84791660308838 9.85083389282227 9.86491680145264 9.97466659545898 9.97474956512451 10.0418329238892 10.1382503509521 10.1254167556763 10.087833404541 10.0133333206177 9.9665002822876 9.84800052642822 9.76974964141846 9.7006664276123 9.69166660308838 9.85483360290527 10.0559997558594 10.2960834503174 10.4685831069946 10.4969997406006
9.63991641998291 9.87191677093506 9.854416847229 9.86874961853027 9.6582498550415 9.44591617584229 9.08416652679443 9.35575008392334 9.7274169921875 9.62516689300537 9.62291717529297 9.70991706848145 9.63800048828125 9.541916847229 9.46350002288818 9.47025012969971 9.41758346557617 9.31758308410645 9.43908309936523 9.51025009155273 9.53441619873047 9.5644998550415 9.69116687774658 9.68033313751221 9.62800025939941 9.72491645812988 9.74633312225342 9.76883316040039 9.83125019073486 9.90775012969971 9.96641635894775 9.98799991607666 9.95358371734619 9.88716697692871 9.94624996185303 9.94699954986572 9.9977502822876 10.0690832138062 10.127082824707 10.1231670379639 10.1169996261597 10.1650838851929 10.0994997024536 9.9997501373291 9.95199966430664 9.93066692352295 9.88058376312256 9.84049987792969 9.90333366394043 10.0869169235229 10.166916847229 10.2043333053589 10.2418336868286
9.71608352661133 9.78849983215332 9.7725830078125 9.77783393859863 9.8524169921875 9.48250007629395 9.22641658782959 9.35249996185303 9.69699954986572 9.79033374786377 9.62958335876465 9.75933361053467 9.63766670227051 9.67991638183594 9.61149978637695 9.46883296966553 9.37516689300537 9.45291709899902 9.52758312225342 9.51266670227051 9.51191711425781 9.63266658782959 9.65841674804688 9.66300010681152 9.71758365631104 9.71450042724609 9.73616695404053 9.84408283233643 9.85458278656006 9.87399959564209 9.98266696929932 9.99033355712891 9.97224998474121 9.97399997711182 9.95349979400635 10.0007495880127 10.0203332901001 10.0477504730225 10.0778331756592 10.0600004196167 10.1022500991821 10.0849170684814 10.095666885376 10.0737495422363 10.1325836181641 10.1098337173462 10.0666666030884 10.0665826797485 10.0150833129883 9.94900035858154 9.99758338928223 10.1225833892822 10.1410837173462
9.70650005340576 9.85624980926514 9.70108318328857 9.55683326721191 9.73624992370605 9.65833282470703 9.39400005340576 9.50766658782959 9.77616691589355 9.79891681671143 9.70250034332275 9.72274971008301 9.67325019836426 9.66341686248779 9.65133380889893 9.60166645050049 9.45149993896484 9.4662504196167 9.57433319091797 9.59383392333984 9.61208343505859 9.60575008392334 9.68733310699463 9.73466682434082 9.75983333587646 9.75549983978271 9.85925006866455 9.91749954223633 9.88825035095215 9.8769998550415 9.96774959564209 9.95600032806396 10.0015001296997 10.077166557312 10.0498332977295 10.0055837631226 10.043833732605 10.0314998626709 10.1005830764771 10.0520830154419 10.0604162216187 10.041166305542 10.1050834655762 10.1642503738403 10.1674995422363 10.1343336105347 10.1083335876465 10.0215835571289 9.96975040435791 9.90866661071777 9.88700008392334 9.86958312988281 9.84774971008301
9.99291706085205 10.029333114624 9.99616622924805 10.1102504730225 10.1497497558594 9.75325012207031 9.57699966430664 9.67891693115234 9.77274990081787 9.75991630554199 9.73699951171875 9.64333343505859 9.7167501449585 9.65616703033447 9.65908336639404 9.68025016784668 9.55516719818115 9.46500015258789 9.56316661834717 9.60824966430664 9.67141628265381 9.79425048828125 9.86241626739502 9.88083362579346 9.96741676330566 9.95358371734619 9.95583343505859 9.90483283996582 9.97141647338867 9.98766708374023 10.0328330993652 10.0717496871948 10.1070833206177 10.1390829086304 10.1106662750244 10.0741662979126 10.0375003814697 10.0876665115356 10.1350831985474 10.0729999542236 10.0761661529541 10.0972499847412 10.1189165115356 10.1310834884644 10.1340837478638 10.1121664047241 10.0219163894653 9.91383361816406 9.89841651916504 9.81708335876465 9.76408290863037 9.69058322906494 9.59825038909912
9.9908332824707 10.1059169769287 9.98316669464111 9.94583320617676 10.0354995727539 9.99699974060059 9.83724975585938 9.79425048828125 9.7616662979126 9.67366695404053 9.71574974060059 9.74324989318848 9.64599990844727 9.65233325958252 9.66366672515869 9.68375015258789 9.45658302307129 9.54500007629395 9.66149997711182 9.80191707611084 9.84491634368896 9.90124988555908 9.8841667175293 9.84958362579346 9.9146671295166 9.87841701507568 9.9107494354248 9.97125053405762 9.96000003814697 10.0143337249756 10.0980005264282 10.2437496185303 10.2607498168945 10.2585830688477 10.2580833435059 10.1896667480469 10.1529998779297 10.1588335037231 10.2129163742065 10.2247505187988 10.1620836257935 10.154333114624 10.1879167556763 10.206166267395 10.1287498474121 10.0895833969116 9.99458312988281 9.91600036621094 9.85391712188721 9.78333377838135 9.67724990844727 9.54358291625977 9.42899990081787
10.0927495956421 9.97125053405762 10.0055837631226 9.99825000762939 10.0781660079956 10.104416847229 10.0275001525879 9.74374961853027 9.75066661834717 9.72150039672852 9.72158336639404 9.69575023651123 9.64158344268799 9.71633338928223 9.75366687774658 9.73591709136963 9.72466659545898 9.78625011444092 9.87608337402344 9.90533351898193 9.89883327484131 9.8618335723877 9.93108367919922 9.85183334350586 9.88858318328857 9.87891674041748 9.90524959564209 9.94566631317139 9.96891689300537 10.0479164123535 10.141583442688 10.2728328704834 10.2832498550415 10.3002500534058 10.3175001144409 10.2996664047241 10.2594995498657 10.2907495498657 10.3590002059937 10.3735837936401 10.3393335342407 10.3365001678467 10.3413333892822 10.2721662521362 10.2010831832886 10.122166633606 10.0590829849243 9.96475028991699 9.90366649627686 9.85774993896484 9.72883319854736 9.57983303070068 9.46016693115234
9.88516712188721 9.96525001525879 9.99049949645996 9.91075038909912 9.78958320617676 9.88574981689453 9.8439998626709 9.89808368682861 9.83708381652832 9.76616668701172 9.81799983978271 9.72299957275391 9.72700023651123 9.74383354187012 9.76949977874756 9.79666709899902 9.74383354187012 9.74400043487549 9.84650039672852 9.83724975585938 9.85000038146973 9.96066665649414 9.98974990844727 9.99383354187012 9.90299987792969 9.88825035095215 9.92241668701172 9.93716716766357 9.99216651916504 10.037166595459 10.1384162902832 10.1987495422363 10.3033332824707 10.2920827865601 10.2732496261597 10.2828330993652 10.2972497940063 10.3620834350586 10.4114170074463 10.4817495346069 10.4928331375122 10.5025835037231 10.4756669998169 10.4090003967285 10.33899974823 10.2739171981812 10.1755828857422 10.1229162216187 10.043999671936 10.0122499465942 9.93791675567627 9.83933353424072 9.73958396911621
9.93058395385742 9.82733345031738 9.72341632843018 9.87066650390625 9.89325046539307 9.68599987030029 9.64133358001709 9.76824951171875 9.74849987030029 9.74549961090088 9.70766639709473 9.77341651916504 9.7946662902832 9.78741645812988 9.79724979400635 9.80866622924805 9.74466705322266 9.71983337402344 9.85933303833008 9.92325019836426 9.97933387756348 9.99616622924805 10.1073331832886 10.0799169540405 10.0393333435059 9.99933338165283 10.018666267395 10.0754165649414 10.1327495574951 10.1528329849243 10.1350831985474 10.1771659851074 10.1485834121704 10.2436666488647 10.265832901001 10.2942504882812 10.3142499923706 10.3855838775635 10.5022497177124 10.6196660995483 10.6508331298828 10.6354169845581 10.6068334579468 10.5782499313354 10.5290002822876 10.4430837631226 10.3509168624878 10.3027496337891 10.241250038147 10.2079162597656 10.1825828552246 10.1465835571289 10.1075000762939
