layers/tmin9.asc
NCOLS 292 
NROWS 291 
XLLCORNER -87.6458333327872 
YLLCORNER 24.4791666666667 
CELLSIZE 0.0416666666669039 
NODATA_value -3.4e+38 
[rows 24 to 47 of 291, columns 212 to 264 of 292]
9.7906665802002 9.80599975585938 9.81525039672852 9.72216701507568 9.69516658782959 9.66008377075195 9.64083385467529 9.59924983978271 9.68458271026611 9.68449974060059 9.69191646575928 9.67891693115234 9.69366645812988 9.75374984741211 9.76908302307129 9.819167137146 9.72783279418945 9.70033359527588 9.87891674041748 9.96916675567627 10.0032501220703 10.020583152771 10.1134166717529 10.1431665420532 10.1350831985474 10.0218334197998 9.9885835647583 10.0828332901001 10.1531667709351 10.1739168167114 10.2645835876465 10.1949167251587 10.1879997253418 10.1832504272461 10.1758337020874 10.2529163360596 10.3209171295166 10.445333480835 10.6145000457764 10.7275829315186 10.7910833358765 10.7980003356934 10.7495832443237 10.6835832595825 10.6218328475952 10.5479164123535 10.4685831069946 10.3920001983643 10.357250213623 10.3550834655762 10.4152498245239 10.4920835494995 10.4954166412354
9.63541698455811 9.7100830078125 9.75258350372314 9.63783359527588 9.68491649627686 9.635666847229 9.54091644287109 9.60333347320557 9.71641635894775 9.67875003814697 9.64799976348877 9.65158367156982 9.67249965667725 9.72749996185303 9.80608367919922 9.84899997711182 9.83408355712891 9.87358379364014 10.0027503967285 9.98341655731201 9.97616672515869 10.0604162216187 10.0920829772949 10.110333442688 10.0910835266113 10.1555833816528 10.0594167709351 10.1536664962769 10.2009172439575 10.2218332290649 10.3585834503174 10.3693332672119 10.3036670684814 10.2489166259766 10.267749786377 10.2802495956421 10.3625831604004 10.4665832519531 10.6123332977295 10.7291669845581 10.9366664886475 11.0334997177124 10.950083732605 10.8282499313354 10.7664165496826 10.6926670074463 10.5932502746582 10.5426664352417 10.5658330917358 10.6172504425049 10.6559162139893 10.6774997711182 10.6542501449585
9.63191699981689 9.70450019836426 9.76441669464111 9.68158340454102 9.57358360290527 9.59141635894775 9.54891681671143 9.67258358001709 9.7819995880127 9.698166847229 9.68616676330566 9.6966667175293 9.71275043487549 9.7594165802002 9.85124969482422 9.95250034332275 9.96475028991699 10.0091667175293 10.0151662826538 10.0317497253418 10.0710000991821 10.0774164199829 10.1457500457764 10.1517496109009 10.1828336715698 10.2214164733887 10.2182502746582 10.2014169692993 10.2670831680298 10.3030834197998 10.4341669082642 10.5237503051758 10.427583694458 10.3939170837402 10.3556661605835 10.4118337631226 10.498083114624 10.5997495651245 10.7091665267944 10.8188333511353 10.9665002822876 11.0465002059937 11.0523338317871 11.0273332595825 10.9336671829224 10.8608331680298 10.7726669311523 10.7668333053589 10.8227500915527 10.8551664352417 10.8001670837402 10.7633333206177 10.7058334350586
9.92000007629395 9.9196662902832 9.94216632843018 9.88525009155273 9.82649993896484 9.71624946594238 9.67516708374023 9.78408336639404 9.87541675567627 9.80541706085205 9.74849987030029 9.80074977874756 9.85750007629395 9.87791633605957 9.92700004577637 9.99041652679443 10.1169166564941 10.2038335800171 10.1773328781128 10.1034994125366 10.0715827941895 10.1117506027222 10.1660003662109 10.2234163284302 10.1711664199829 10.1977500915527 10.2930002212524 10.3664169311523 10.4565830230713 10.572416305542 10.6317501068115 10.6720838546753 10.6257495880127 10.5873336791992 10.576000213623 10.6258335113525 10.6901664733887 10.7165832519531 10.7747497558594 10.8830833435059 10.9621667861938 11.019416809082 11.017333984375 11.0088329315186 10.9150829315186 10.9390001296997 10.9030828475952 10.9483337402344 10.9479999542236 10.9651670455933 10.9492502212524 10.8692502975464 10.827917098999
10.1098337173462 10.0907497406006 10.092583656311 10.1082496643066 10.0950002670288 10.0467500686646 10.0017499923706 10.1195001602173 10.0900831222534 9.98358345031738 9.98283290863037 9.98350048065186 10.028416633606 10.0841665267944 10.0990829467773 10.1603336334229 10.1656665802002 10.19225025177 10.2221670150757 10.2119998931885 10.1093330383301 10.1109170913696 10.155083656311 10.2159996032715 10.2611665725708 10.3481664657593 10.3989162445068 10.4389162063599 10.5930833816528 10.7542505264282 10.8539171218872 10.8771667480469 10.8664999008179 10.761833190918 10.7804164886475 10.7720003128052 10.793833732605 10.7934169769287 10.8752498626709 10.9086666107178 10.9576663970947 11.0181665420532 11.025333404541 11.0109996795654 11.0307502746582 11.0058336257935 11.0482501983643 11.0735006332397 11.015832901001 10.9451665878296 10.9093332290649 11.03600025177 11.0445833206177
10.1859998703003 10.1500835418701 10.180832862854 10.1647500991821 10.1393327713013 10.199333190918 10.2881669998169 10.2921667098999 10.0954170227051 10.1051664352417 10.0924997329712 10.1322498321533 10.2049999237061 10.2285833358765 10.3310832977295 10.289999961853 10.2751665115356 10.3323335647583 10.3806667327881 10.2264165878296 10.1554164886475 10.1388330459595 10.2160835266113 10.3142499923706 10.3866662979126 10.4164161682129 10.498833656311 10.5933332443237 10.7270002365112 10.8731670379639 10.8854169845581 10.9168329238892 11.0181665420532 10.9730834960938 10.9235000610352 10.8812503814697 10.867166519165 10.938666343689 10.9439163208008 10.9429168701172 10.9916667938232 11.0504999160767 11.0363330841064 11.0472497940063 11.0944995880127 11.1252498626709 11.1523332595825 11.1949996948242 11.1634168624878 11.106333732605 11.0978336334229 11.3343334197998 11.4286670684814
10.3520832061768 10.3036661148071 10.3332500457764 10.3878335952759 10.4006662368774 10.455249786377 10.4075832366943 10.4235000610352 10.2912502288818 10.219500541687 10.2164163589478 10.1990833282471 10.1471672058105 10.1819162368774 10.2588329315186 10.2414169311523 10.2325000762939 10.1929998397827 10.3885831832886 10.3470830917358 10.2844171524048 10.2444171905518 10.3064165115356 10.3573331832886 10.4358329772949 10.5282497406006 10.6033334732056 10.6956663131714 10.8087501525879 10.9214162826538 11.0467500686646 11.0251665115356 11.0748329162598 10.9993333816528 10.9749164581299 10.960000038147 10.9598331451416 10.9820003509521 11.0090837478638 11.0019998550415 11.0222501754761 11.1059169769287 11.1060829162598 11.2032499313354 11.3020830154419 11.3981666564941 11.4312505722046 11.378999710083 11.3481664657593 11.3404169082642 11.3289995193481 11.3295831680298 11.5729169845581
10.3225002288818 10.3564167022705 10.4301662445068 10.5282497406006 10.5666666030884 10.4922494888306 10.5524997711182 10.5530834197998 10.4195003509521 10.3103332519531 10.2759170532227 10.1764163970947 10.1180830001831 10.1786670684814 10.2250833511353 10.2346668243408 10.3415832519531 10.2857503890991 10.2252502441406 10.1989164352417 10.4162502288818 10.4796667098999 10.377833366394 10.3843336105347 10.44225025177 10.5460004806519 10.6790828704834 10.783166885376 10.9125833511353 11.0045003890991 11.0668334960938 11.0884170532227 11.0006666183472 10.9430837631226 10.8807497024536 10.9291667938232 11.0286664962769 11.0089998245239 11.0393333435059 11.1392498016357 11.1218338012695 11.1141672134399 11.3066663742065 11.4337501525879 11.4665832519531 11.4999170303345 11.5524168014526 11.5277500152588 11.5241670608521 11.5545835494995 11.5224161148071 11.4581670761108 11.5865001678467
10.4424171447754 10.5017499923706 10.5605001449585 10.5223331451416 10.4969997406006 10.5807495117188 10.6617498397827 10.6035833358765 10.5249166488647 10.3229169845581 10.2160835266113 10.2142496109009 10.1991662979126 10.2180004119873 10.2236661911011 10.259916305542 10.3001661300659 10.2840003967285 10.262749671936 10.2894163131714 10.4148330688477 10.4898338317871 10.3890829086304 10.3579998016357 10.4010000228882 10.479416847229 10.6020002365112 10.7328329086304 10.8513336181641 10.9599170684814 11.0356664657593 11.0150833129883 10.9077501296997 10.8404998779297 10.8404169082642 10.8902502059937 10.950249671936 11.007833480835 11.1166667938232 11.2049999237061 11.2784996032715 11.362250328064 11.452166557312 11.4707498550415 11.544750213623 11.5708332061768 11.6223335266113 11.6264171600342 11.6083335876465 11.6028327941895 11.6664171218872 11.6175832748413 11.6269998550415
10.6241664886475 10.7440004348755 10.5863332748413 10.5606670379639 10.5150833129883 10.6253328323364 10.736499786377 10.7148332595825 10.6809167861938 10.4640836715698 10.3082504272461 10.2807502746582 10.2529163360596 10.2594165802002 10.2622499465942 10.2485837936401 10.251916885376 10.2904167175293 10.3106670379639 10.3810834884644 10.4190835952759 10.4735832214355 10.5097494125366 10.4894170761108 10.4200830459595 10.4090003967285 10.5003337860107 10.5834999084473 10.7086668014526 10.8093338012695 10.8125 10.8186664581299 10.7261667251587 10.7185831069946 10.7873334884644 10.867166519165 10.9595003128052 10.9823331832886 11.0156669616699 11.2395000457764 11.4418334960938 11.4379997253418 11.4083337783813 11.5349168777466 11.5699167251587 11.6715831756592 11.6975831985474 11.6579170227051 11.652250289917 11.6525831222534 11.7220830917358 11.7376670837402 11.7779998779297
10.7685832977295 10.8067502975464 10.7676668167114 10.7108335494995 10.6323337554932 10.7383327484131 10.7054166793823 10.7349166870117 10.6773328781128 10.5528335571289 10.3714170455933 10.2953329086304 10.2751665115356 10.2687501907349 10.2908334732056 10.2671661376953 10.2883329391479 10.3272504806519 10.3668336868286 10.4167499542236 10.4280834197998 10.419750213623 10.460000038147 10.5536670684814 10.5665836334229 10.5166664123535 10.5375833511353 10.5860834121704 10.585750579834 10.6464996337891 10.6930837631226 10.7304172515869 10.7232503890991 10.7485828399658 10.8516664505005 10.8963327407837 10.9744997024536 11.0341663360596 11.1419162750244 11.273250579834 11.3497495651245 11.4419164657593 11.4730834960938 11.4987497329712 11.6070833206177 11.6819171905518 11.7074165344238 11.6802501678467 11.657416343689 11.7165002822876 11.8041667938232 11.8119163513184 11.9117498397827
10.8008337020874 10.7908334732056 10.7834997177124 10.7347497940063 10.7137498855591 10.8120002746582 10.7405834197998 10.6898336410522 10.6748332977295 10.560583114624 10.4324169158936 10.3236665725708 10.3210830688477 10.3059997558594 10.2787504196167 10.2845830917358 10.3063335418701 10.277416229248 10.3839168548584 10.4549169540405 10.4754161834717 10.4362497329712 10.414083480835 10.4379997253418 10.5117502212524 10.5197496414185 10.5069169998169 10.5349168777466 10.5640001296997 10.5491666793823 10.6172494888306 10.6530828475952 10.7835836410522 10.8961668014526 10.9309167861938 10.9660005569458 11.0069999694824 11.1121664047241 11.2199172973633 11.2252502441406 11.2427501678467 11.3520002365112 11.4660835266113 11.5020837783813 11.5800828933716 11.6359996795654 11.6704168319702 11.6888332366943 11.6896667480469 11.7408332824707 11.8553333282471 11.9020004272461 11.9525003433228
10.7581663131714 10.787166595459 10.7700834274292 10.7145833969116 10.7941665649414 10.8459997177124 10.8954172134399 10.8715829849243 10.7462501525879 10.6704168319702 10.5075836181641 10.4716663360596 10.3749170303345 10.3290004730225 10.3395833969116 10.3424167633057 10.382833480835 10.3931665420532 10.3489999771118 10.2889165878296 10.40149974823 10.3208332061768 10.389666557312 10.3125 10.4575834274292 10.4928331375122 10.5418338775635 10.5480003356934 10.5325832366943 10.5589170455933 10.5610837936401 10.7289171218872 10.8284168243408 10.9324169158936 10.9704999923706 10.926833152771 11.0173330307007 11.1992502212524 11.2491664886475 11.2766666412354 11.2878332138062 11.3519163131714 11.4298334121704 11.5557498931885 11.6240835189819 11.645583152771 11.6998329162598 11.7414999008179 11.7819995880127 11.8125 11.9568328857422 11.9867496490479 12.0564165115356
10.8305835723877 10.8166666030884 10.7950000762939 10.7329998016357 10.7417497634888 10.7733335494995 10.8444995880127 10.8557500839233 10.7140836715698 10.6763334274292 10.5092496871948 10.5588331222534 10.4389162063599 10.3794164657593 10.3701667785645 10.4147500991821 10.4489164352417 10.4457502365112 10.382999420166 10.326000213623 10.244083404541 10.1611661911011 10.1145830154419 10.1749172210693 10.3737497329712 10.429666519165 10.4373331069946 10.5075836181641 10.4954166412354 10.4981670379639 10.5649995803833 10.7177495956421 10.8197498321533 10.7944164276123 10.8440828323364 10.9696664810181 11.142749786377 11.2360000610352 11.3144998550415 11.3259162902832 11.3890838623047 11.3707494735718 11.4802503585815 11.6595830917358 11.8117504119873 11.7928333282471 11.8396663665771 11.8793334960938 11.8698329925537 11.8787498474121 12.018666267395 12.0609169006348 12.1557502746582
10.8396663665771 10.8468332290649 10.8440837860107 10.7849168777466 10.8170003890991 10.7619171142578 10.7785835266113 10.768500328064 10.7064170837402 10.6842498779297 10.4534997940063 10.5579166412354 10.5735006332397 10.4954166412354 10.4704999923706 10.4657497406006 10.4626665115356 10.4430837631226 10.3640003204346 10.331916809082 10.3187503814697 10.2797498703003 10.1186666488647 10.1692495346069 10.3401670455933 10.3039169311523 10.2720003128052 10.3248329162598 10.3978328704834 10.4159994125366 10.5142498016357 10.6242504119873 10.6644163131714 10.7037496566772 10.8118333816528 10.972749710083 11.0705003738403 11.2904996871948 11.3410835266113 11.4096670150757 11.4860000610352 11.4860830307007 11.5459995269775 11.6655836105347 11.8484172821045 11.9045829772949 11.931583404541 11.972749710083 11.9357500076294 11.9504165649414 12.0227499008179 12.0820827484131 12.2189998626709
10.7178335189819 10.8645830154419 10.8765830993652 10.8220834732056 10.7203330993652 10.6826667785645 10.6968336105347 10.6310834884644 10.6546669006348 10.6594161987305 10.5383329391479 10.7060832977295 10.6507501602173 10.5732498168945 10.4984998703003 10.4721670150757 10.4097499847412 10.3900833129883 10.3625831604004 10.2858333587646 10.2668333053589 10.2047500610352 10.0523328781128 10.2140836715698 10.2954998016357 10.2085838317871 10.1966667175293 10.232250213623 10.269416809082 10.3412494659424 10.4653329849243 10.5214166641235 10.5916662216187 10.6233329772949 10.8168334960938 10.9667501449585 11.0595836639404 11.2932500839233 11.4091663360596 11.5119171142578 11.5536670684814 11.5725831985474 11.6469163894653 11.7647495269775 11.9065837860107 11.962082862854 11.9934997558594 11.9991664886475 12.0025835037231 11.9977502822876 11.9977502822876 12.1030836105347 12.2915830612183
10.8482503890991 10.8402500152588 10.823166847229 10.7937498092651 10.7083330154419 10.6286668777466 10.5315828323364 10.7134170532227 10.5944995880127 10.6994171142578 10.524582862854 10.6680002212524 10.6312503814697 10.56725025177 10.4694995880127 10.4691667556763 10.408166885376 10.3985834121704 10.3251667022705 10.2991666793823 10.2379999160767 10.0754165649414 10.0434999465942 10.1253328323364 10.0787496566772 10.136833190918 10.1480827331543 10.1753330230713 10.2140827178955 10.2406663894653 10.351583480835 10.4740829467773 10.5966663360596 10.6570835113525 10.7796669006348 10.9716663360596 11.1420831680298 11.2473335266113 11.4172506332397 11.4860830307007 11.6077499389648 11.6791667938232 11.7943334579468 11.9175834655762 11.9704170227051 12.023416519165 12.0424165725708 12.0441665649414 12.0388336181641 12.0027503967285 12.0182504653931 12.0582504272461 12.1826667785645
10.8304996490479 10.7803335189819 10.7477502822876 10.7089166641235 10.7062501907349 10.6175003051758 10.6266670227051 10.6373338699341 10.6444997787476 10.5445003509521 10.4968328475952 10.5964164733887 10.4840002059937 10.4677495956421 10.4258337020874 10.4815006256104 10.4269161224365 10.4295835494995 10.299750328064 10.1737499237061 10.1420001983643 10.1313333511353 10.0931663513184 10.0362501144409 10.0210838317871 10.0469169616699 10.1047496795654 10.1641664505005 10.2059164047241 10.1806669235229 10.2922496795654 10.4277505874634 10.6204996109009 10.7184162139893 10.8170833587646 11.0583333969116 11.1929168701172 11.2758331298828 11.3727502822876 11.46875 11.6207504272461 11.7389163970947 11.8852500915527 12.0018329620361 12.0520000457764 12.0800838470459 12.0963335037231 12.0994167327881 12.1101665496826 12.0780000686646 12.10325050354 12.1949996948242 12.3542499542236
10.7943334579468 10.7157497406006 10.6867504119873 10.6763334274292 10.6394996643066 10.6394996643066 10.6636667251587 10.5205001831055 10.5304164886475 10.5792503356934 10.3959999084473 10.469500541687 10.3647499084473 10.4465837478638 10.4742498397827 10.449333190918 10.377833366394 10.3031663894653 10.2089166641235 10.2261667251587 10.2223339080811 10.1327505111694 10.0676670074463 9.96908283233643 9.98816680908203 10.0548334121704 10.1589164733887 10.1885004043579 10.1622495651245 10.2050828933716 10.3115835189819 10.5299167633057 10.7049999237061 10.7501668930054 10.9444999694824 11.2154169082642 11.3278331756592 11.3907499313354 11.4439163208008 11.5605001449585 11.685583114624 11.8282499313354 12.0109996795654 12.1799163818359 12.2355833053589 12.2834997177124 12.2281665802002 12.2497501373291 12.3146667480469 12.3657503128052 12.4461669921875 12.5530834197998 12.7535829544067
10.6407499313354 10.5805835723877 10.5769166946411 10.5971670150757 10.5758333206177 10.5152502059937 10.5808334350586 10.5259170532227 10.4695835113525 10.4920835494995 10.4779167175293 10.3358335494995 10.4210004806519 10.4764165878296 10.4973335266113 10.4469165802002 10.2990837097168 10.2389163970947 10.1893329620361 10.2410001754761 10.2130002975464 10.0885000228882 10.051833152771 9.96049976348877 9.98099994659424 10.0514163970947 10.1116666793823 10.1774997711182 10.2368335723877 10.2803335189819 10.409083366394 10.6035833358765 10.8725004196167 10.9580001831055 11.1040830612183 11.3617496490479 11.5690002441406 11.6501665115356 11.6909160614014 11.8920001983643 12.055832862854 12.2045001983643 12.4084167480469 12.6006669998169 12.657416343689 12.7118330001831 12.6400003433228 12.6659164428711 12.7710828781128 12.8411664962769 12.9297494888306 13.0316667556763 13.2192497253418
10.6024169921875 10.5090837478638 10.5231666564941 10.5565004348755 10.5246667861938 10.456916809082 10.541916847229 10.5305004119873 10.5590000152588 10.4332504272461 10.4598331451416 10.4777498245239 10.2799167633057 10.4530830383301 10.4224996566772 10.3670835494995 10.3314161300659 10.2564163208008 10.2622499465942 10.2800827026367 10.2680835723877 10.1874170303345 10.1236667633057 10.0614166259766 10.0639162063599 10.0778331756592 10.1123332977295 10.1951665878296 10.2650003433228 10.395583152771 10.6079998016357 10.737416267395 10.9877500534058 11.2788333892822 11.4245834350586 11.6086664199829 11.8940000534058 12.0992498397827 12.2205829620361 12.4360837936401 12.6507501602173 12.7679996490479 12.9582500457764 13.1763334274292 13.2472496032715 13.2849998474121 13.2060832977295 13.1816663742065 13.2342500686646 13.2844161987305 13.3331670761108 13.4190835952759 13.5726671218872
10.894416809082 10.8656663894653 10.59850025177 10.4999170303345 10.5583333969116 10.5787496566772 10.660249710083 10.580249786377 10.5866670608521 10.5644998550415 10.4193334579468 10.4629163742065 10.4335832595825 10.3227500915527 10.4259996414185 10.4212503433228 10.3940000534058 10.3500003814697 10.373833656311 10.3527498245239 10.342583656311 10.3162498474121 10.2760000228882 10.1793336868286 10.1195001602173 10.0924167633057 10.1245002746582 10.1875 10.2877502441406 10.4579162597656 10.7010831832886 10.916166305542 11.2242498397827 11.7184162139893 11.9864168167114 12.0986661911011 12.3859996795654 12.6080837249756 12.7594165802002 13.0130834579468 13.2076663970947 13.3111667633057 13.4773330688477 13.5794162750244 13.5730829238892 13.568416595459 13.4670000076294 13.4991664886475 13.5810832977295 13.6505832672119 13.6854162216187 13.7854995727539 13.9134998321533
10.8838338851929 10.9405832290649 10.8901662826538 10.6090002059937 10.595666885376 10.6438331604004 10.6915836334229 10.6584167480469 10.628833770752 10.650333404541 10.5599164962769 10.4106664657593 10.4919996261597 10.4111671447754 10.4232501983643 10.4714164733887 10.462833404541 10.4463338851929 10.4506664276123 10.4419164657593 10.4568328857422 10.3704166412354 10.3178329467773 10.3038330078125 10.2328329086304 10.174750328064 10.1525831222534 10.2186670303345 10.3404998779297 10.5552501678467 10.8074998855591 11.0770835876465 11.4884996414185 11.9927501678467 12.4999170303345 12.6395835876465 12.9033336639404 13.1063327789307 13.3097496032715 13.4485836029053 13.4969997406006 13.5767498016357 13.7015829086304 13.8079166412354 -3.4e+38 -3.4e+38 -3.4e+38 -3.4e+38 -3.4e+38 -3.4e+38 -3.4e+38 -3.4e+38 -3.4e+38
10.830249786377 10.894416809082 10.9034996032715 10.8704996109009 10.7981662750244 10.6156663894653 10.6578330993652 10.6505832672119 10.6226663589478 10.6680002212524 10.6348333358765 10.578332901001 10.53125 10.3980836868286 10.4785003662109 10.5224170684814 10.5282497406006 10.512749671936 10.4785833358765 10.4619998931885 10.4891672134399 10.442666053772 10.4055004119873 10.3740835189819 10.2750835418701 10.1735830307007 10.1491670608521 10.2239999771118 10.4458332061768 10.7046670913696 10.9993333816528 11.4025001525879 11.9119167327881 12.4479999542236 12.9165000915527 13.2025833129883 13.3755836486816 13.4860000610352 13.6204166412354 13.7479162216187 -3.4e+38 -3.4e+38 -3.4e+38 -3.4e+38 -3.4e+38 -3.4e+38 -3.4e+38 -3.4e+38 -3.4e+38 -3.4e+38 -3.4e+38 -3.4e+38 -3.4e+38
