layers/tmin11.asc
NCOLS 292 
NROWS 291 
XLLCORNER -87.6458333327872 
YLLCORNER 24.4791666666667 
CELLSIZE 0.0416666666669039 
NODATA_value -3.4e+38 
[rows 96 to 119 of 291, columns 53 to 105 of 292]
-3.4e+38 -3.4e+38 -3.4e+38 -3.4e+38 -3.4e+38 -3.4e+38 -3.4e+38 -3.4e+38 -3.4e+38 11.5910835266113 11.6625833511353 11.6704998016357 11.62024974823 11.5423336029053 11.2869997024536 11.3548336029053 11.2854995727539 11.2799167633057 11.2861671447754 11.0824165344238 10.9565830230713 10.845832824707 10.6923332214355 10.5601663589478 10.7340002059937 10.7766666412354 10.7635831832886 10.7141666412354 10.7594165802002 10.7910833358765 10.8133335113525 10.9075832366943 11.0930004119873 11.2590837478638 11.135666847229 11.0364170074463 11.0573329925537 11.1740837097168 11.3410835266113 11.4109163284302 11.2746667861938 11.3313331604004 11.4922504425049 11.6149997711182 11.7604999542236 11.8960828781128 11.6830005645752 11.5912504196167 11.4698333740234 11.4732503890991 11.4630002975464 11.4354162216187 11.4226665496826
-3.4e+38 -3.4e+38 -3.4e+38 -3.4e+38 -3.4e+38 -3.4e+38 -3.4e+38 -3.4e+38 -3.4e+38 -3.4e+38 11.760666847229 12.0190000534058 12.0805835723877 12.0310001373291 11.7385835647583 11.666166305542 11.5597496032715 11.5593328475952 11.450249671936 11.3743333816528 11.2360000610352 11.0095834732056 10.8260831832886 10.675666809082 10.7761669158936 10.8933334350586 10.9354162216187 10.846583366394 10.8592500686646 10.8922500610352 10.8102502822876 10.9444169998169 11.1828336715698 11.3472499847412 11.3351669311523 11.1020832061768 11.1578330993652 11.1910829544067 11.284083366394 11.3055830001831 11.4273328781128 11.4180002212524 11.5198335647583 11.5934162139893 11.7225828170776 11.773416519165 11.6793336868286 11.5803337097168 11.5099172592163 11.4480838775635 11.4615001678467 11.4331665039062 11.4353332519531
-3.4e+38 -3.4e+38 -3.4e+38 -3.4e+38 -3.4e+38 -3.4e+38 -3.4e+38 -3.4e+38 -3.4e+38 -3.4e+38 -3.4e+38 12.1996669769287 12.1911668777466 12.0476665496826 11.7942504882812 11.66100025177 11.4503335952759 11.3912496566772 11.3066663742065 11.1829996109009 11.1743335723877 11.08424949646 10.9370002746582 10.8270835876465 10.7493333816528 10.8802499771118 11.0225830078125 11.0161666870117 10.9452495574951 10.9693336486816 10.9349994659424 11.0605001449585 11.2426662445068 11.4035835266113 11.427583694458 11.1589164733887 11.1997499465942 11.2964162826538 11.3371667861938 11.4329996109009 11.4527502059937 11.5854167938232 11.6285829544067 11.6282501220703 11.608416557312 11.6147499084473 11.601749420166 11.5035829544067 11.4808330535889 11.4781665802002 11.4915838241577 11.4759168624878 11.4605836868286
-3.4e+38 -3.4e+38 -3.4e+38 -3.4e+38 -3.4e+38 -3.4e+38 -3.4e+38 -3.4e+38 -3.4e+38 -3.4e+38 -3.4e+38 11.8493337631226 11.8795003890991 11.7802495956421 11.6789999008179 11.6184997558594 11.4935836791992 11.3633327484131 11.2484998703003 11.2158327102661 11.0669994354248 10.9101667404175 11.0048332214355 10.7900829315186 10.7521667480469 10.8587503433228 10.9819164276123 10.9809999465942 10.9235830307007 10.9735832214355 10.964750289917 11.0659170150757 11.2465000152588 11.408166885376 11.3308334350586 11.1967496871948 11.2226667404175 11.3346662521362 11.3677501678467 11.4380836486816 11.5864162445068 11.5787506103516 11.627833366394 11.7268333435059 11.5871667861938 11.5891666412354 11.5782499313354 11.4701671600342 11.4369163513184 11.4207496643066 11.4504165649414 11.4480829238892 11.47350025177
-3.4e+38 -3.4e+38 -3.4e+38 -3.4e+38 -3.4e+38 -3.4e+38 -3.4e+38 -3.4e+38 -3.4e+38 -3.4e+38 -3.4e+38 11.376916885376 11.5683336257935 11.5934171676636 11.5796670913696 11.545916557312 11.4785003662109 11.3559169769287 11.2278337478638 11.2430000305176 11.2034997940063 10.9087505340576 11.0188331604004 11.002833366394 10.8095836639404 10.9722499847412 11.0069169998169 11.0326662063599 10.9726667404175 11.0156669616699 11.0304164886475 11.0833330154419 11.2752504348755 11.4127502441406 11.2321662902832 11.2697496414185 11.2674999237061 11.2750835418701 11.3672504425049 11.4775829315186 11.5462503433228 11.5727500915527 11.6556673049927 11.7054166793823 11.7291669845581 11.7443332672119 11.6883335113525 11.4330835342407 11.4085836410522 11.3937501907349 11.4211664199829 11.4089994430542 11.4313335418701
-3.4e+38 -3.4e+38 -3.4e+38 -3.4e+38 -3.4e+38 -3.4e+38 -3.4e+38 -3.4e+38 -3.4e+38 -3.4e+38 -3.4e+38 11.0551662445068 11.2878332138062 11.4219999313354 11.4449996948242 11.4358329772949 11.4085836410522 11.3160829544067 11.2361669540405 11.1716661453247 11.0699167251587 11.0235004425049 11.085916519165 11.152416229248 11.0600004196167 10.9314165115356 10.9873332977295 11.017333984375 11.1225004196167 11.1715831756592 11.19225025177 11.2331666946411 11.3553333282471 11.5256671905518 11.3433332443237 11.2739162445068 11.2760829925537 11.3081665039062 11.1284999847412 11.1038331985474 11.1699171066284 11.2058334350586 11.3379163742065 11.3498334884644 11.5316667556763 11.573166847229 11.6354169845581 11.4674997329712 11.4273328781128 11.4295835494995 11.4038333892822 11.3976669311523 11.384916305542
-3.4e+38 -3.4e+38 -3.4e+38 -3.4e+38 -3.4e+38 -3.4e+38 -3.4e+38 -3.4e+38 -3.4e+38 -3.4e+38 10.6741666793823 10.9096670150757 11.1415004730225 11.2720003128052 11.3507499694824 11.3568334579468 11.3416662216187 11.266583442688 11.2490835189819 11.220666885376 11.1652498245239 11.0681667327881 11.0952501296997 11.1295833587646 11.1575832366943 11.0749998092651 11.0800828933716 11.1663331985474 11.1108331680298 11.1735830307007 11.1899166107178 11.3498334884644 11.4032497406006 11.5180835723877 11.3391666412354 11.2673330307007 11.3008337020874 11.3550834655762 10.9823331832886 11.0643329620361 11.2013330459595 11.2055835723877 11.3490829467773 11.4162502288818 11.3714170455933 11.4127502441406 11.5155830383301 11.4829168319702 11.4577503204346 11.4416666030884 11.4463329315186 11.4419164657593 11.4610834121704
-3.4e+38 -3.4e+38 -3.4e+38 -3.4e+38 -3.4e+38 -3.4e+38 -3.4e+38 -3.4e+38 -3.4e+38 -3.4e+38 -3.4e+38 -3.4e+38 10.9926662445068 11.1852502822876 11.3948335647583 11.4223337173462 11.3361663818359 11.2837495803833 11.3144998550415 11.2754163742065 11.0961666107178 11.0755834579468 11.0588331222534 11.0533332824707 11.1130838394165 11.1052503585815 11.2032499313354 11.1790838241577 11.2449998855591 11.2389163970947 11.2273330688477 11.1982498168945 11.4011669158936 11.576416015625 11.389666557312 11.3239164352417 11.3210830688477 11.3155002593994 11.1075830459595 11.0846662521362 11.2392501831055 11.3535833358765 11.4701671600342 11.5263338088989 11.4341669082642 11.3547496795654 11.4139165878296 11.4834995269775 11.4616670608521 11.4829998016357 11.5223331451416 11.5728330612183 11.6386671066284
-3.4e+38 -3.4e+38 -3.4e+38 -3.4e+38 -3.4e+38 -3.4e+38 -3.4e+38 -3.4e+38 -3.4e+38 -3.4e+38 -3.4e+38 -3.4e+38 -3.4e+38 11.199333190918 11.3072500228882 11.4147500991821 11.4867506027222 11.4643335342407 11.3438329696655 11.2589998245239 11.1825838088989 11.1722497940063 11.1193332672119 11.1092500686646 11.0383329391479 11.0155830383301 11.0074167251587 10.9859170913696 10.9943332672119 11.0966663360596 11.2769165039062 11.3404998779297 11.4132499694824 11.6344165802002 11.4902496337891 11.4063329696655 11.2306661605835 11.2360000610352 11.2081670761108 11.1927499771118 11.2347497940063 11.331916809082 11.3430833816528 11.446249961853 11.4499168395996 11.4934167861938 11.464750289917 11.4831666946411 11.5370836257935 11.4718332290649 11.5615005493164 11.6937503814697 11.8080835342407
-3.4e+38 -3.4e+38 -3.4e+38 -3.4e+38 -3.4e+38 -3.4e+38 -3.4e+38 -3.4e+38 -3.4e+38 -3.4e+38 -3.4e+38 -3.4e+38 11.1850833892822 11.3253335952759 11.4427499771118 11.4862499237061 11.4719161987305 11.5184164047241 11.5172500610352 11.4077501296997 11.2967500686646 11.2430000305176 11.0445833206177 10.9907503128052 11.0839166641235 11.0465002059937 11.0948333740234 11.0625 11.1210832595825 11.1272497177124 11.1243333816528 11.2432498931885 11.3648338317871 11.5921669006348 11.5008335113525 11.2940835952759 11.2476663589478 11.2880001068115 11.1979169845581 11.1716661453247 11.22825050354 11.2590837478638 11.3155002593994 11.3439998626709 11.41575050354 11.4470834732056 11.489333152771 11.5341663360596 11.527416229248 11.5206670761108 11.5900831222534 11.7475004196167 11.9482498168945
-3.4e+38 -3.4e+38 -3.4e+38 -3.4e+38 -3.4e+38 -3.4e+38 -3.4e+38 -3.4e+38 -3.4e+38 -3.4e+38 10.8907499313354 11.2976665496826 11.2917499542236 11.3140830993652 11.3629169464111 11.3805828094482 11.4254169464111 11.4679164886475 11.4852504730225 11.4239168167114 11.3508329391479 11.206916809082 11.150333404541 11.0104169845581 10.9419164657593 11.1347494125366 11.089750289917 11.1989994049072 11.1610832214355 11.2095003128052 11.2500829696655 11.2009162902832 11.3015832901001 11.5473337173462 11.5694999694824 11.3421669006348 11.3605003356934 11.289249420166 11.2239999771118 11.1752500534058 11.1343336105347 11.2069997787476 11.3627500534058 11.4205837249756 11.4508333206177 11.5359163284302 11.6044998168945 11.6363334655762 11.5694169998169 11.5101661682129 11.6385831832886 11.7512502670288 11.9433336257935
-3.4e+38 -3.4e+38 -3.4e+38 -3.4e+38 -3.4e+38 -3.4e+38 -3.4e+38 -3.4e+38 -3.4e+38 10.785249710083 11.1471662521362 11.3001670837402 11.2863330841064 11.280083656311 11.2840003967285 11.3742504119873 11.2903337478638 11.3632497787476 11.3664169311523 11.3775835037231 11.3293333053589 11.3021669387817 11.3497495651245 11.0894165039062 11.0001668930054 11.0154161453247 11.2293338775635 11.3674163818359 11.321249961853 11.3049163818359 11.3218336105347 11.2184171676636 11.3023338317871 11.3909168243408 11.6563329696655 11.4418334960938 11.3709163665771 11.3427495956421 11.2672500610352 11.1761665344238 11.1394996643066 11.106333732605 11.2620000839233 11.3920831680298 11.4512500762939 11.5488328933716 11.6389999389648 11.6712503433228 11.6899166107178 11.6078329086304 11.6046667098999 11.6853332519531 11.8263330459595
-3.4e+38 -3.4e+38 -3.4e+38 -3.4e+38 -3.4e+38 -3.4e+38 -3.4e+38 -3.4e+38 -3.4e+38 11.0255002975464 11.1905002593994 11.2759160995483 11.4917497634888 11.5263328552246 11.4045000076294 11.3820829391479 11.3035001754761 11.3055830001831 11.3571662902832 11.3241662979126 11.3237495422363 11.2563333511353 11.2907495498657 11.1617498397827 11.2616662979126 11.0443334579468 11.1449165344238 11.2851667404175 11.4305830001831 11.3949165344238 11.3511667251587 11.4995002746582 11.498083114624 11.5824165344238 11.722583770752 11.5889167785645 11.4177503585815 11.3348331451416 11.1754999160767 11.1034164428711 11.0643329620361 11.0415000915527 11.0725002288818 11.3339996337891 11.3971662521362 11.4984169006348 11.615083694458 11.6812496185303 11.6645002365112 11.5682497024536 11.501166343689 11.5710830688477 11.7143335342407
-3.4e+38 -3.4e+38 -3.4e+38 -3.4e+38 -3.4e+38 -3.4e+38 -3.4e+38 -3.4e+38 -3.4e+38 11.3940000534058 11.5311670303345 11.5387496948242 11.5904169082642 11.4879999160767 11.3821668624878 11.3537502288818 11.2814168930054 11.2478332519531 11.2048330307007 11.2275829315186 11.2297496795654 11.2447500228882 11.4304170608521 11.3710832595825 11.2636661529541 11.0652503967285 11.1529998779297 11.1995000839233 11.434666633606 11.5594167709351 11.5053329467773 11.6563329696655 11.7486667633057 11.7460832595825 11.7959995269775 11.7306661605835 11.4969997406006 11.297082901001 11.0872497558594 10.9860830307007 11.0178337097168 11.0881662368774 11.014666557312 11.1955833435059 11.3232498168945 11.5504169464111 11.6294994354248 11.6826667785645 11.6594171524048 11.5080003738403 11.4317502975464 11.5456666946411 11.7093334197998
-3.4e+38 -3.4e+38 -3.4e+38 -3.4e+38 -3.4e+38 -3.4e+38 -3.4e+38 -3.4e+38 -3.4e+38 11.6159172058105 11.7718334197998 11.6991662979126 11.6005830764771 11.4410829544067 11.34375 11.2698335647583 11.2574996948242 11.2491664886475 11.216667175293 11.2316665649414 11.2514162063599 11.2624998092651 11.4741668701172 11.5355834960938 11.320333480835 11.2652502059937 11.2775001525879 11.3779163360596 11.537917137146 11.6155834197998 11.7076663970947 11.6363334655762 11.6891670227051 11.8019170761108 11.7904996871948 11.8044166564941 11.6498336791992 11.4151668548584 11.1945829391479 11.0117502212524 11.0133333206177 11.1010828018188 11.1477499008179 11.3229169845581 11.4441661834717 11.4860000610352 11.6944169998169 11.7102499008179 11.6394996643066 11.6087493896484 11.5725831985474 11.4791669845581 11.491250038147
-3.4e+38 -3.4e+38 -3.4e+38 -3.4e+38 -3.4e+38 -3.4e+38 -3.4e+38 -3.4e+38 -3.4e+38 11.8962497711182 11.9923334121704 11.8209171295166 11.6611671447754 11.5692501068115 11.4680833816528 11.4137496948242 11.3872499465942 11.3165836334229 11.285249710083 11.3020830154419 11.359582901001 11.4645833969116 11.4192504882812 11.5425004959106 11.642749786377 11.523416519165 11.4848337173462 11.5881671905518 11.5963335037231 11.756667137146 11.7341661453247 11.6758337020874 11.7171669006348 11.810417175293 11.8051662445068 11.8248338699341 11.8299169540405 11.668999671936 11.4175834655762 11.2174167633057 11.1205835342407 11.152416229248 11.277416229248 11.4359998703003 11.554666519165 11.5835828781128 11.7464170455933 11.8665828704834 11.8387498855591 11.7896671295166 11.8090000152588 11.6494998931885 11.4843330383301
-3.4e+38 -3.4e+38 -3.4e+38 -3.4e+38 -3.4e+38 -3.4e+38 -3.4e+38 -3.4e+38 11.9013338088989 12.160249710083 12.1305828094482 11.8859996795654 11.84850025177 11.7256669998169 11.6054172515869 11.5407495498657 11.4796667098999 11.4153337478638 11.4000835418701 11.4517498016357 11.4574165344238 11.4142503738403 11.4391670227051 11.5875835418701 11.7321662902832 11.7845001220703 11.6408338546753 11.7094163894653 11.7710828781128 11.8585004806519 11.8522500991821 11.7410831451416 11.7557497024536 11.8479995727539 11.8560829162598 11.8646669387817 11.914083480835 11.8005828857422 11.6872501373291 11.5671663284302 11.501916885376 11.4390001296997 11.503833770752 11.4635000228882 11.6010837554932 11.7270002365112 11.7849998474121 11.9630002975464 11.9671669006348 11.7802495956421 11.6984996795654 11.7841663360596 11.6088333129883
-3.4e+38 -3.4e+38 -3.4e+38 -3.4e+38 -3.4e+38 -3.4e+38 -3.4e+38 -3.4e+38 11.9068336486816 12.1178331375122 12.0334997177124 11.9430837631226 11.8854999542236 11.8143329620361 11.7766666412354 11.7014999389648 11.6473331451416 11.5747499465942 11.5490837097168 11.6425828933716 11.566333770752 11.5774164199829 11.5690002441406 11.5193328857422 11.6791667938232 11.8525829315186 11.9005002975464 11.8949165344238 11.8998336791992 11.9507503509521 11.9483337402344 11.9183330535889 11.8412504196167 11.8857498168945 11.936333656311 12.0055828094482 11.9879999160767 11.8677501678467 11.7732496261597 11.717583656311 11.5520839691162 11.5429162979126 11.6185836791992 11.6904163360596 11.7617502212524 11.8883333206177 11.9230003356934 11.9514169692993 12.0522499084473 11.803750038147 11.6721668243408 11.5980005264282 11.5544166564941
-3.4e+38 -3.4e+38 -3.4e+38 -3.4e+38 -3.4e+38 -3.4e+38 -3.4e+38 11.770583152771 11.945333480835 12.0180835723877 11.9239168167114 11.85325050354 11.8719997406006 11.8923330307007 11.9116668701172 11.8786668777466 11.8007497787476 11.766583442688 11.7933330535889 11.6303339004517 11.6741666793823 11.6679162979126 11.6590003967285 11.5903329849243 11.6650829315186 11.7182502746582 11.8579168319702 11.9382495880127 11.9799165725708 12.0012502670288 12.0675830841064 12.0065002441406 11.9349994659424 11.9359998703003 11.9898338317871 12.0828332901001 12.0122499465942 11.9654998779297 11.8870830535889 11.7862501144409 11.6468334197998 11.7205829620361 11.8182497024536 11.8960828781128 11.9271669387817 11.9288330078125 11.9027500152588 11.9440002441406 12.050666809082 11.923999786377 11.8087501525879 11.6166667938232 11.4867496490479
-3.4e+38 -3.4e+38 -3.4e+38 -3.4e+38 -3.4e+38 -3.4e+38 -3.4e+38 11.7034168243408 11.8309164047241 11.8369169235229 11.8059167861938 11.814582824707 11.8564167022705 11.8424167633057 11.8793334960938 11.9032497406006 11.8826665878296 11.8895835876465 11.8066663742065 11.7834167480469 11.68274974823 11.7530002593994 11.6673336029053 11.6997499465942 11.7454996109009 11.7550830841064 11.8900833129883 11.9486665725708 12.0128335952759 12.0422496795654 12.0734167098999 12.0801668167114 11.9987497329712 11.9650831222534 12.0797500610352 12.0364999771118 12.0093336105347 11.9775829315186 11.8932495117188 11.8246669769287 11.7388334274292 11.8263330459595 11.9184999465942 11.9651670455933 11.949333190918 11.9759168624878 11.9350833892822 11.9554166793823 12.0634164810181 12.1166667938232 11.8909997940063 11.7749166488647 11.7652502059937
-3.4e+38 -3.4e+38 -3.4e+38 -3.4e+38 -3.4e+38 -3.4e+38 -3.4e+38 -3.4e+38 11.9283332824707 11.9270000457764 11.9244995117188 11.9025831222534 11.9195003509521 11.9569997787476 11.9613332748413 11.927583694458 11.9166669845581 11.9174165725708 11.8321666717529 11.8035001754761 11.8546667098999 11.7963333129883 11.7407503128052 11.7850828170776 11.8189172744751 11.8543329238892 11.8959999084473 12.0098333358765 12.1323328018188 12.1536664962769 12.1253328323364 12.1421670913696 12.054666519165 12.0499172210693 12.1521663665771 12.1077499389648 12.0881662368774 12.0170831680298 11.9443330764771 11.8605833053589 11.8324165344238 11.9065828323364 11.9913330078125 12.0187501907349 11.9691667556763 11.9322500228882 11.9547500610352 11.9790830612183 12.0354166030884 12.1428337097168 12.2413330078125 12.2453327178955 12.158166885376
-3.4e+38 -3.4e+38 -3.4e+38 -3.4e+38 -3.4e+38 -3.4e+38 -3.4e+38 -3.4e+38 12.058500289917 12.0509996414185 12.0919160842896 12.0229997634888 11.9499998092651 11.9606666564941 12.0320835113525 12.0971670150757 12.041916847229 11.9994163513184 11.9696664810181 11.9595832824707 11.9191665649414 11.9034996032715 11.8169164657593 11.8469171524048 11.8574171066284 11.9245004653931 11.8951663970947 12.0597496032715 12.1370000839233 12.2285003662109 12.2154169082642 12.1894998550415 12.1289167404175 12.132833480835 12.1759996414185 12.1884164810181 12.1206665039062 12.0569162368774 12.0380830764771 11.9811668395996 11.9594163894653 12.0809164047241 12.0881671905518 12.116250038147 12.0680828094482 12.0120000839233 12.0000829696655 12.012583732605 12.0881671905518 12.1034164428711 12.2877502441406 12.2842502593994 12.2518329620361
-3.4e+38 -3.4e+38 -3.4e+38 -3.4e+38 -3.4e+38 -3.4e+38 -3.4e+38 -3.4e+38 12.2370834350586 12.2170829772949 12.2032499313354 12.1220836639404 12.017749786377 12.0431661605835 12.0757503509521 12.1039171218872 12.1058330535889 12.0904998779297 12.0723333358765 12.0711669921875 12.0621671676636 12.0288333892822 11.9110832214355 11.9499168395996 12.0213327407837 12.021333694458 12.0849170684814 12.1345834732056 12.1864995956421 12.27649974823 12.2678337097168 12.2513332366943 12.2165002822876 12.2081661224365 12.2880001068115 12.2216663360596 12.1804170608521 12.1643333435059 12.1043329238892 12.0741662979126 12.0847501754761 12.1385831832886 12.158166885376 12.171667098999 12.1471662521362 12.1125831604004 12.1459999084473 12.1505002975464 12.1497507095337 12.212833404541 12.2787494659424 12.2307500839233 12.1985836029053
-3.4e+38 -3.4e+38 -3.4e+38 -3.4e+38 -3.4e+38 -3.4e+38 -3.4e+38 -3.4e+38 -3.4e+38 12.2664995193481 12.2758331298828 12.2634172439575 12.1392498016357 12.0763330459595 12.0841665267944 12.0823335647583 12.0711669921875 12.1037502288818 12.0970001220703 12.1177501678467 12.1054162979126 12.1693334579468 12.0796670913696 12.0868330001831 12.1230001449585 12.1508331298828 12.2100830078125 12.2355003356934 12.2639169692993 12.3178329467773 12.3612499237061 12.3197498321533 12.3192501068115 12.3769998550415 12.31725025177 12.251166343689 12.2629995346069 12.2896661758423 12.3070831298828 12.253833770752 12.1409997940063 12.1521663665771 12.1734161376953 12.1445827484131 12.1369171142578 12.1249170303345 12.1402502059937 12.1769170761108 12.1699161529541 12.2316665649414 12.2620830535889 12.2750835418701 12.2410831451416
