layers/tmin9.asc
NCOLS 292 
NROWS 291 
XLLCORNER -87.6458333327872 
YLLCORNER 24.4791666666667 
CELLSIZE 0.0416666666669039 
NODATA_value -3.4e+38 
[rows 96 to 119 of 291, columns 106 to 158 of 292]
12.3459997177124 12.2537498474121 12.2241668701172 12.1800832748413 12.2329998016357 12.2638330459595 12.2320833206177 12.3168334960938 12.3356666564941 12.3340835571289 12.4205837249756 12.423999786377 12.4240837097168 12.4292497634888 12.4503335952759 12.452166557312 12.4450836181641 12.5924167633057 12.7829170227051 12.670916557312 12.7072496414185 12.6654167175293 12.7659168243408 12.7775001525879 12.8047494888306 12.6704998016357 12.7694997787476 12.7760000228882 12.7092504501343 12.7408332824707 12.7984161376953 12.7644166946411 12.9225835800171 13.0364999771118 12.9814167022705 13.0885000228882 12.9946670532227 12.9196662902832 12.9210834503174 12.920916557312 12.919750213623 12.8470001220703 12.7691669464111 12.7629165649414 12.6804170608521 12.5818328857422 12.4770832061768 12.4097499847412 12.380916595459 12.3953332901001 12.5048332214355 12.5746669769287 12.7407503128052
12.3198337554932 12.2748336791992 12.2631664276123 12.2453336715698 12.2539167404175 12.2693328857422 12.2468338012695 12.3388338088989 12.3423328399658 12.3481664657593 12.4590835571289 12.5156669616699 12.5232496261597 12.4590835571289 12.4858331680298 12.5244169235229 12.5349998474121 12.6229162216187 12.8233327865601 12.7365837097168 12.797833442688 12.8097505569458 12.7541666030884 12.8529167175293 12.8969163894653 12.7755832672119 12.8991670608521 12.9239168167114 12.8675832748413 12.8606662750244 12.8278331756592 12.8964996337891 12.9584999084473 12.9902496337891 12.9446668624878 12.9768333435059 13.1216669082642 13.2154169082642 13.1721668243408 13.090916633606 13.0111665725708 12.9104166030884 12.8330001831055 12.7285003662109 12.6371669769287 12.5680837631226 12.5935831069946 12.6226663589478 12.6245002746582 12.6282501220703 12.7346668243408 12.8333330154419 12.9045000076294
12.4033327102661 12.300666809082 12.2863330841064 12.2982501983643 12.2965002059937 12.2443332672119 12.3612499237061 12.3464164733887 12.3108329772949 12.3884162902832 12.484167098999 12.5367498397827 12.5533332824707 12.5404996871948 12.5431661605835 12.5675830841064 12.6857500076294 12.7098331451416 12.7727499008179 12.8850002288818 12.87975025177 12.8176670074463 12.8103332519531 12.7808332443237 12.9029998779297 12.8613338470459 12.898416519165 13.0517501831055 12.939416885376 13.0080003738403 13.0060834884644 13.0610837936401 13.0795831680298 13.1364164352417 13.1529169082642 13.0503330230713 13.074333190918 13.1153335571289 13.1048336029053 13.1645002365112 13.1859998703003 13.0314998626709 12.9800834655762 12.8734169006348 12.7698335647583 12.7682504653931 12.7390003204346 12.7516670227051 12.8129997253418 12.862250328064 12.8805837631226 13.0233335494995 13.0920000076294
12.4850006103516 12.441499710083 12.4044170379639 12.3818330764771 12.3205833435059 12.3396663665771 12.3801670074463 12.3619165420532 12.3815002441406 12.5204162597656 12.5844163894653 12.5780830383301 12.6106662750244 12.6007499694824 12.5842504501343 12.6829166412354 12.6877498626709 12.6541662216187 12.7166662216187 12.8226671218872 12.8487501144409 12.9049997329712 12.9095001220703 12.8754997253418 12.9034996032715 13.0193328857422 12.9992504119873 13.0955829620361 13.0855836868286 13.0777502059937 13.1774997711182 13.1394166946411 13.1268329620361 13.1483335494995 13.0295000076294 13.1059169769287 13.229416847229 13.2054166793823 13.2027502059937 13.2010831832886 13.273416519165 13.1273336410522 12.9951667785645 12.9697494506836 12.9084997177124 12.8535833358765 12.8555002212524 12.8290004730225 12.9501667022705 13.080249786377 13.1665000915527 13.2095832824707 13.2760829925537
12.5673332214355 12.5552501678467 12.5275831222534 12.4585828781128 12.4441661834717 12.4895000457764 12.487416267395 12.4667501449585 12.4753332138062 12.5679998397827 12.6700000762939 12.6724166870117 12.728666305542 12.7399997711182 12.7133331298828 12.6674165725708 12.7605829238892 12.8349161148071 12.8365001678467 12.8547496795654 12.8404998779297 12.8985834121704 12.9612503051758 13.0538330078125 12.9787502288818 13.0772495269775 13.0793333053589 13.063666343689 13.22825050354 13.2234163284302 13.1582498550415 13.2024993896484 13.1730003356934 13.1570835113525 13.1359167098999 13.1327495574951 13.1625833511353 13.216833114624 13.1789999008179 13.2760829925537 13.3601665496826 13.2788333892822 13.1129999160767 13.0671663284302 13.0715837478638 13.1231670379639 13.1501665115356 13.0561666488647 13.1627502441406 13.2984170913696 13.3287496566772 13.3570003509521 13.3965005874634
12.6358327865601 12.6584167480469 12.6990003585815 12.633749961853 12.6485834121704 12.6805839538574 12.6326665878296 12.5305833816528 12.5434999465942 12.5970001220703 12.7015829086304 12.8514165878296 12.8535833358765 12.8992500305176 12.8471670150757 12.7890005111694 12.7443332672119 12.8466663360596 12.966667175293 12.9866666793823 12.927583694458 12.9580001831055 13.1155834197998 13.1560001373291 13.0716667175293 13.0229167938232 13.1805830001831 13.1844997406006 13.242166519165 13.2430000305176 13.1973333358765 13.1675834655762 13.185583114624 13.1277503967285 13.1907501220703 13.1740827560425 13.2011661529541 13.2181663513184 13.2228336334229 13.1979999542236 13.2495002746582 13.3405838012695 13.2659997940063 13.2411670684814 13.2140836715698 13.2961664199829 13.2943334579468 13.2721672058105 13.324333190918 13.3929996490479 13.3975830078125 13.414999961853 13.4534997940063
12.7103328704834 12.7254161834717 12.7797498703003 12.7137498855591 12.8061666488647 12.7847499847412 12.6750001907349 12.6623334884644 12.622166633606 12.6820831298828 12.8343334197998 12.9423332214355 12.9051666259766 12.9299173355103 12.9371671676636 12.8987503051758 12.9407501220703 12.9657497406006 13.0412502288818 13.0586671829224 13.0694999694824 13.0029163360596 13.0424165725708 13.1240835189819 13.0284996032715 13.0585832595825 13.1879997253418 13.2337503433228 13.2783336639404 13.2392501831055 13.2788333892822 13.2631664276123 13.2889165878296 13.2948331832886 13.2348337173462 13.2094163894653 13.242000579834 13.2806663513184 13.2039165496826 13.1849164962769 13.2127494812012 13.2422504425049 13.4032497406006 13.3526668548584 13.3176670074463 13.3135833740234 13.3752498626709 13.4289999008179 13.4800834655762 13.5309171676636 13.4859170913696 13.4840831756592 13.5295000076294
12.9194164276123 12.8379163742065 12.9333333969116 12.9577503204346 12.9193334579468 12.8170833587646 12.7135829925537 12.7445001602173 12.7639169692993 12.8098335266113 12.873833656311 12.8835000991821 12.9179162979126 12.8880834579468 12.9260835647583 12.9875831604004 12.9507503509521 12.9714994430542 13.0071668624878 13.0489168167114 13.0806665420532 13.0451669692993 13.047082901001 13.1009168624878 13.0881671905518 13.1001663208008 13.1358337402344 13.2891664505005 13.3889999389648 13.4082498550415 13.37975025177 13.2827501296997 13.2856664657593 13.3301668167114 13.2780838012695 13.1892499923706 13.2965831756592 13.3730001449585 13.313666343689 13.2757501602173 13.2265005111694 13.3020830154419 13.4315004348755 13.4241666793823 13.4095830917358 13.4000835418701 13.4027500152588 13.4120836257935 13.5248336791992 13.6892499923706 13.6366662979126 13.5670833587646 13.5854167938232
13.1338338851929 13.1184167861938 13.0998334884644 13.1341667175293 13.0637502670288 12.9154167175293 12.8551664352417 12.8831663131714 12.8934164047241 12.9271669387817 12.8961668014526 12.8981666564941 12.9122495651245 12.9134998321533 12.9345836639404 12.964916229248 13.0075836181641 12.9969997406006 13.0559997558594 13.0954170227051 13.0820837020874 13.0747499465942 13.0578336715698 13.095666885376 13.1005830764771 13.1277503967285 13.2457494735718 13.3179998397827 13.335000038147 13.3795833587646 13.3670835494995 13.2118330001831 13.2505836486816 13.2786664962769 13.3237495422363 13.2844171524048 13.3751668930054 13.4064168930054 13.3492498397827 13.2895002365112 13.2994995117188 13.3774166107178 13.4071664810181 13.4618330001831 13.4146661758423 13.4215831756592 13.4309997558594 13.4660835266113 13.5467500686646 13.6789169311523 13.7262506484985 13.680832862854 13.6554164886475
13.2884168624878 13.2834167480469 13.2183332443237 13.2565002441406 13.1843328475952 13.0119171142578 12.8900003433228 12.837833404541 12.8450832366943 12.8325004577637 12.9134998321533 12.9117498397827 12.9184999465942 12.9303331375122 12.9097499847412 12.9379997253418 12.9934997558594 13.0108327865601 13.0582504272461 13.097583770752 13.1462497711182 13.1206665039062 13.0673332214355 13.105583190918 13.1282501220703 13.2449169158936 13.2797498703003 13.3309164047241 13.3235836029053 13.3095836639404 13.3579998016357 13.3120002746582 13.299750328064 13.306583404541 13.3133335113525 13.2916669845581 13.3345832824707 13.4014167785645 13.4049997329712 13.3916664123535 13.4483327865601 13.4757499694824 13.4630832672119 13.4797496795654 13.4519996643066 13.424916267395 13.4331665039062 13.4883337020874 13.5800828933716 13.6794996261597 13.7616662979126 13.7821664810181 13.8414163589478
13.3473329544067 13.326000213623 13.1950836181641 13.2100830078125 13.1930837631226 13.0065832138062 12.8779163360596 12.8501663208008 12.8028335571289 12.7520837783813 12.831916809082 12.857250213623 12.9224166870117 12.9108333587646 12.8794164657593 12.9254999160767 12.9611663818359 13.0173330307007 13.0590829849243 13.0997495651245 13.1506662368774 13.1454162597656 13.2123336791992 13.267749786377 13.2878332138062 13.3163328170776 13.3151664733887 13.3230829238892 13.3194169998169 13.2950830459595 13.3375835418701 13.3330001831055 13.3341665267944 13.3577499389648 13.3958330154419 13.3621664047241 13.4073333740234 13.4399166107178 13.4490003585815 13.4785833358765 13.5360832214355 13.5348329544067 13.4490833282471 13.4546670913696 13.4469165802002 13.4305830001831 13.4809999465942 13.5089168548584 13.5524168014526 13.6631669998169 13.7435836791992 13.8326663970947 13.9078330993652
13.2491664886475 13.2616662979126 13.1752500534058 13.0964164733887 13.0547504425049 13.03600025177 12.922082901001 12.80774974823 12.9024171829224 12.8518333435059 12.7287502288818 12.7279996871948 12.869083404541 12.9106664657593 12.9483337402344 12.9084997177124 13.050666809082 13.0935001373291 13.1710004806519 13.1006669998169 13.1928329467773 13.1875 13.2837495803833 13.385666847229 13.3473329544067 13.3463335037231 13.3693332672119 13.4162502288818 13.4274997711182 13.4011669158936 13.3925828933716 13.4452495574951 13.4463329315186 13.4331665039062 13.4675827026367 13.5235834121704 13.5355005264282 13.5220003128052 13.5190830230713 13.4908332824707 13.5015830993652 13.4701662063599 13.4468336105347 13.4547500610352 13.4009170532227 13.3992500305176 13.4107503890991 13.4375 13.5163335800171 13.5800838470459 13.6963329315186 13.7803335189819 13.8737497329712
13.0689163208008 13.1354169845581 13.2607498168945 13.2210836410522 13.1307497024536 13.0556669235229 12.9902496337891 12.9143333435059 12.7816667556763 12.8055830001831 12.8492498397827 12.9262504577637 12.8365001678467 12.9410839080811 12.8326663970947 12.8864164352417 13.2458333969116 13.2445001602173 13.1389169692993 13.0277500152588 13.1087493896484 13.2984170913696 13.2602500915527 13.3687496185303 13.3987503051758 13.4383335113525 13.4099168777466 13.5325002670288 13.5139169692993 13.4857501983643 13.4715003967285 13.4456672668457 13.4515829086304 13.4944162368774 13.554666519165 13.6191663742065 13.6160001754761 13.6321668624878 13.5750827789307 13.5659999847412 13.5015001296997 13.443416595459 13.4202499389648 13.4331665039062 13.3680000305176 13.2822494506836 13.2780838012695 13.323166847229 13.4431667327881 13.5574998855591 13.6805830001831 13.7466669082642 13.8134164810181
12.9127502441406 13.0278329849243 13.191499710083 13.208833694458 13.1518335342407 13.0845832824707 13.0242500305176 12.9122495651245 12.7995834350586 12.8716669082642 12.794750213623 12.8960828781128 12.7443332672119 12.881667137146 12.7072496414185 12.8146667480469 13.1362495422363 13.0498332977295 13.0644998550415 13.1146669387817 13.0142498016357 13.242166519165 13.3067502975464 13.3641672134399 13.4471664428711 13.5340003967285 13.4837503433228 13.5207500457764 13.5970001220703 13.6158332824707 13.6450834274292 13.6525001525879 13.6502494812012 13.6429166793823 13.6882495880127 13.7153329849243 13.6711664199829 13.6560831069946 13.6744165420532 13.6304168701172 13.5228338241577 13.4591665267944 13.46399974823 13.4200000762939 13.333083152771 13.2030830383301 13.1861667633057 13.2601661682129 13.3573331832886 13.4784164428711 13.6483335494995 13.7889165878296 13.8844165802002
12.8368339538574 12.9756669998169 13.0659999847412 13.048999786377 13.0862503051758 13.0622501373291 12.9216661453247 12.9150829315186 12.972749710083 12.9869165420532 12.9279165267944 12.7874164581299 12.7449998855591 12.9255828857422 12.7971668243408 12.7221670150757 12.8910837173462 12.9674997329712 12.9598331451416 12.941333770752 13.1467504501343 13.226583480835 13.3398332595825 13.4099168777466 13.4306669235229 13.4995832443237 13.5589170455933 13.5732498168945 13.6712493896484 13.7228336334229 13.7942504882812 13.8542499542236 13.8082504272461 13.7504997253418 13.7717504501343 13.7856664657593 13.742166519165 13.6960830688477 13.6428337097168 13.6640005111694 13.6041669845581 13.5930833816528 13.4945831298828 13.3549165725708 13.2585000991821 13.1896667480469 13.1687498092651 13.2430830001831 13.333833694458 13.4208335876465 13.5969161987305 13.7900838851929 14.0082502365112
12.6883335113525 12.9131669998169 13.1164999008179 13.041916847229 12.9601669311523 13.160249710083 13.2192497253418 13.2050828933716 13.0819997787476 12.9410829544067 12.8159170150757 12.7427501678467 12.7145833969116 12.7884168624878 12.6942501068115 12.6891670227051 12.5751667022705 12.6339998245239 12.7151670455933 12.8979167938232 13.1287498474121 13.2172498703003 13.3796663284302 13.4567499160767 13.4816665649414 13.5207500457764 13.5729999542236 13.5619163513184 13.7049999237061 13.802583694458 13.8669166564941 13.9325828552246 13.8506669998169 13.8117504119873 13.7846670150757 13.7775831222534 13.773250579834 13.7876672744751 13.753833770752 13.6871662139893 13.6596670150757 13.6093330383301 13.4783334732056 13.3401670455933 13.2270832061768 13.1583337783813 13.1744165420532 13.2418336868286 13.3641672134399 13.4475002288818 13.6587495803833 13.8511667251587 14.0329999923706
12.5332498550415 12.7484169006348 13.0072498321533 13.1433334350586 13.1029996871948 13.085000038147 13.0837497711182 13.1325006484985 12.9759168624878 13.0462503433228 12.9421663284302 12.7789163589478 12.6445837020874 12.5398330688477 12.6945838928223 12.8703336715698 12.8084163665771 13.0171670913696 12.8489170074463 13.0437498092651 13.2164163589478 13.2225828170776 13.1673336029053 13.3356666564941 13.5179166793823 13.5535831451416 13.6035833358765 13.6818332672119 13.7648334503174 13.8067502975464 13.8740835189819 13.9173336029053 13.8789167404175 13.8216667175293 13.80774974823 13.7739171981812 13.7437496185303 13.7217502593994 13.7388334274292 13.6663331985474 13.674916267395 13.5706672668457 13.4650001525879 13.3714160919189 13.2724161148071 13.2006664276123 13.1745004653931 13.2220001220703 13.3412504196167 13.5443334579468 13.7770833969116 13.987416267395 14.2768335342407
12.5759162902832 12.5583333969116 12.8078336715698 12.9626665115356 13.030083656311 13.0693330764771 13.0443334579468 12.9886665344238 12.9833335876465 12.8832502365112 12.762583732605 12.5920839309692 12.642749786377 12.7979164123535 13.0948333740234 13.1234998703003 13.1418333053589 13.0579166412354 12.9800834655762 13.136833190918 13.1622505187988 13.1745834350586 13.1909999847412 13.1921672821045 13.3089160919189 13.425666809082 13.6249170303345 13.762749671936 13.7667503356934 13.7814998626709 13.8319997787476 13.8326663970947 13.7762498855591 13.761833190918 13.7864999771118 13.7690830230713 13.7376670837402 13.7066669464111 13.6499166488647 13.672833442688 13.6608333587646 13.5725831985474 13.4969167709351 13.3878335952759 13.2933330535889 13.2799167633057 13.308500289917 13.3445835113525 13.4993333816528 13.7544164657593 13.9811668395996 14.2895832061768 14.550666809082
12.66575050354 12.5970830917358 12.5424165725708 12.7931671142578 13.04075050354 13.0388336181641 13.0701665878296 12.9967498779297 12.9172496795654 12.806583404541 12.7837495803833 12.9673337936401 13.147500038147 13.1422500610352 13.1316661834717 13.1565837860107 13.1794996261597 13.1899166107178 13.1964168548584 13.1812496185303 13.1761665344238 13.173999786377 13.1645002365112 13.1501665115356 13.1650829315186 13.304666519165 13.4549169540405 13.6268329620361 13.7579164505005 13.7430830001831 13.7843332290649 13.7687501907349 13.7244997024536 13.6808338165283 13.6746664047241 13.7352495193481 13.7182502746582 13.7089996337891 13.6967496871948 13.6343336105347 13.4857501983643 13.4818334579468 13.4783334732056 13.3820829391479 13.3297500610352 13.3121662139893 13.3759164810181 13.490083694458 13.6860837936401 13.9279165267944 14.3011665344238 14.4800834655762 14.7525835037231
12.7516670227051 12.8794164657593 12.7697496414185 12.8985834121704 12.9652500152588 12.9672498703003 12.9539165496826 12.9291667938232 12.9218330383301 12.9870834350586 13.1429166793823 13.3028335571289 13.2138338088989 13.1134996414185 13.0976667404175 13.1323337554932 13.1634998321533 13.2005004882812 13.2119169235229 13.1936664581299 13.1605005264282 13.1669998168945 13.1658334732056 13.1685829162598 13.1960830688477 13.2560005187988 13.3579998016357 13.4525003433228 13.5220832824707 13.6531667709351 13.7130832672119 13.7351665496826 13.7267503738403 13.6534996032715 13.6651668548584 13.6330003738403 13.70924949646 13.7305002212524 13.7111663818359 13.689416885376 13.4935836791992 13.4076671600342 13.4420003890991 13.435583114624 13.4202499389648 13.3990831375122 13.49524974823 13.6675834655762 13.856499671936 14.2580003738403 14.4817504882812 14.6302499771118 -3.4e+38
13.0568332672119 12.9780836105347 12.9574165344238 13.0075836181641 13.0579996109009 13.050666809082 13.046667098999 13.0560836791992 13.0740003585815 13.1119995117188 13.2495832443237 13.2600002288818 13.2143335342407 13.1960830688477 13.1608333587646 13.210000038147 13.1929168701172 13.2118330001831 13.2158336639404 13.2108335494995 13.2064170837402 13.1788330078125 13.1765832901001 13.1580829620361 13.1693334579468 13.2357501983643 13.3114166259766 13.3467502593994 13.3953332901001 13.4558334350586 13.5921669006348 13.7416667938232 13.767749786377 13.7340002059937 13.6429166793823 13.6029996871948 13.5774164199829 13.619083404541 13.6475839614868 13.6450834274292 13.5182495117188 13.4528331756592 13.3940000534058 13.4132499694824 13.464916229248 13.5423336029053 13.6689167022705 13.9504165649414 14.2707500457764 14.5719165802002 14.710000038147 -3.4e+38 -3.4e+38
13.3492498397827 13.2321662902832 13.2090835571289 13.1706666946411 13.1035003662109 13.1429996490479 13.1609163284302 13.1300001144409 13.1174993515015 13.1381664276123 13.166916847229 13.1690835952759 13.2659997940063 13.2571668624878 13.2458333969116 13.2520837783813 13.2615003585815 13.2802505493164 13.2755832672119 13.3213338851929 13.271333694458 13.2494163513184 13.2693328857422 13.268500328064 13.2338333129883 13.1819162368774 13.1870832443237 13.2653331756592 13.3551664352417 13.4544162750244 13.5474996566772 13.6184997558594 13.757833480835 13.7709169387817 13.7121667861938 13.6520833969116 13.578332901001 13.5599164962769 13.5994997024536 13.6415004730225 13.5934162139893 13.5485830307007 13.4920835494995 13.4284162521362 13.4916667938232 13.6100006103516 13.8585834503174 14.1776666641235 14.6460838317871 14.7532501220703 -3.4e+38 -3.4e+38 -3.4e+38
13.2594165802002 13.2224168777466 13.2469167709351 13.2483329772949 13.2229995727539 13.183666229248 13.153416633606 13.1525001525879 13.1152505874634 13.095666885376 13.1682500839233 13.2441663742065 13.3055000305176 13.2993335723877 13.2647504806519 13.2822504043579 13.2740001678467 13.2884168624878 13.2864170074463 13.3062496185303 13.3303337097168 13.2569999694824 13.2041664123535 13.2096672058105 13.2239170074463 13.2418336868286 13.2629995346069 13.2928333282471 13.3507499694824 13.4290828704834 13.5589170455933 13.617166519165 13.5631666183472 13.7087497711182 13.7563333511353 13.7235832214355 13.6638336181641 13.5795831680298 13.5595836639404 13.5876665115356 13.6263332366943 13.5936660766602 13.5076665878296 13.4757499694824 13.5291662216187 13.7135829925537 14.0654163360596 14.4945831298828 14.8704166412354 15.0166664123535 -3.4e+38 -3.4e+38 -3.4e+38
13.1754999160767 13.2003335952759 13.1912498474121 13.2011661529541 13.1977500915527 13.1654996871948 13.1336669921875 13.1092500686646 13.1009168624878 13.1511659622192 13.2456665039062 13.2845001220703 13.3211669921875 13.3089170455933 13.3155832290649 13.3379993438721 13.3352499008179 13.3390836715698 13.3384170532227 13.3313331604004 13.3009996414185 13.2903337478638 13.237250328064 13.2041664123535 13.2080001831055 13.278416633606 13.3316669464111 13.4046669006348 13.4319162368774 13.4495000839233 13.519416809082 13.5524997711182 13.6141662597656 13.6603336334229 13.738166809082 13.7483329772949 13.7028331756592 13.6502494812012 13.6100835800171 13.5569171905518 13.5544166564941 13.5248336791992 13.5374164581299 13.5509166717529 13.6424160003662 13.878999710083 14.241250038147 14.7610836029053 15.0487499237061 15.1752500534058 -3.4e+38 -3.4e+38 -3.4e+38
