layers/tmin9.asc
NCOLS 292 
NROWS 291 
XLLCORNER -87.6458333327872 
YLLCORNER 24.4791666666667 
CELLSIZE 0.0416666666669039 
NODATA_value -3.4e+38 
[rows 72 to 95 of 291, columns 53 to 105 of 292]
-3.4e+38 -3.4e+38 -3.4e+38 9.79899978637695 10.0188331604004 9.9781665802002 10.188250541687 10.3665838241577 10.4240837097168 10.6540002822876 11.1572504043579 11.0876665115356 11.4393329620361 11.4186668395996 10.9777498245239 10.7130832672119 10.8214998245239 10.9372501373291 11.1535835266113 11.3798332214355 11.5113334655762 11.5951662063599 11.3339166641235 11.5337495803833 11.4974164962769 11.3155002593994 11.3460836410522 11.0982503890991 10.9194164276123 10.7781667709351 10.9231662750244 10.8710832595825 10.7298336029053 10.7504167556763 10.8758335113525 10.8442497253418 10.5998334884644 10.5980834960938 10.6372499465942 10.7474164962769 10.9347505569458 11.0608329772949 11.1256666183472 11.1674995422363 11.1660003662109 11.2057495117188 11.1794996261597 11.1326665878296 11.1590003967285 11.2458333969116 11.2686672210693 11.1627502441406 11.158332824707
-3.4e+38 -3.4e+38 -3.4e+38 10.1930837631226 10.0912494659424 10.1152496337891 10.2589168548584 10.3916664123535 10.4324169158936 10.77649974823 11.3432502746582 11.1078329086304 11.1877498626709 10.9644994735718 10.7222499847412 10.7767496109009 11.0019998550415 11.3087501525879 11.5100002288818 11.6501665115356 11.6005001068115 11.4896669387817 11.2811670303345 11.4089994430542 11.4351663589478 11.1819162368774 11.3880834579468 11.1013336181641 10.8470001220703 10.6417503356934 10.4389162063599 10.6761665344238 10.8002500534058 10.8774166107178 10.8809995651245 10.8358335494995 10.7582502365112 10.6423330307007 10.7297496795654 10.8372497558594 11.0329999923706 11.1154165267944 11.1578330993652 11.1937494277954 11.2119998931885 11.2624998092651 11.3369998931885 11.3081665039062 11.3295001983643 11.3553333282471 11.2303333282471 11.1265001296997 11.119833946228
-3.4e+38 -3.4e+38 -3.4e+38 10.3363332748413 10.3103332519531 10.2295837402344 10.3727502822876 10.4292497634888 10.4489164352417 10.8900003433228 11.2586669921875 11.2402496337891 11.0424165725708 11.0446662902832 11.0209169387817 10.8913335800171 10.9608335494995 11.3829164505005 11.7217502593994 11.3695831298828 11.505916595459 11.2783336639404 11.342583656311 11.0821666717529 10.9199171066284 11.0122499465942 11.363166809082 10.9840002059937 10.6940832138062 10.7122497558594 10.7859163284302 10.8264999389648 10.8419170379639 10.8070001602173 10.7710838317871 10.7554168701172 10.7340002059937 10.7395000457764 10.8405838012695 10.9281663894653 11.0221672058105 11.1256666183472 11.1925001144409 11.2619161605835 11.3376665115356 11.3156671524048 11.4101667404175 11.3589162826538 11.3180837631226 11.2802495956421 11.256667137146 11.1919164657593 11.1125831604004
-3.4e+38 -3.4e+38 -3.4e+38 10.112250328064 10.0775003433228 10.0443334579468 10.3055830001831 10.4915828704834 10.9295835494995 11.1683330535889 10.9401664733887 10.9421663284302 10.9911670684814 11.1248331069946 11.2358331680298 11.1397495269775 11.2084169387817 11.3824996948242 11.479416847229 11.2935829162598 11.3889169692993 11.3602504730225 10.9501667022705 11.1634168624878 10.9908332824707 10.9297504425049 11.2977495193481 11.2769165039062 11.1646671295166 10.9203329086304 10.9860000610352 11.0515003204346 10.9554996490479 10.8634166717529 10.8342504501343 10.8002500534058 10.7805833816528 10.7984170913696 10.924750328064 11.0588331222534 11.0941667556763 11.1615839004517 11.1561670303345 11.1353330612183 11.289083480835 11.3918333053589 11.3244161605835 11.4031667709351 11.3400831222534 11.3524169921875 11.3197498321533 11.319167137146 11.2670831680298
-3.4e+38 -3.4e+38 -3.4e+38 9.93433380126953 9.84833335876465 10.2500829696655 10.4314165115356 10.3499164581299 10.7150001525879 10.8522500991821 10.9266662597656 11.0130004882812 11.0379161834717 11.1363334655762 11.3013334274292 11.3819999694824 11.3983335494995 11.3676662445068 11.258749961853 11.0729169845581 11.0153331756592 11.2490005493164 10.7869997024536 11.041166305542 10.9590835571289 10.9367504119873 11.1964998245239 11.405499458313 11.3850831985474 11.404333114624 11.3351669311523 11.1942501068115 11.0560836791992 10.9815835952759 10.9489164352417 10.8869171142578 10.8478336334229 10.9077501296997 11.0335836410522 11.0970001220703 11.0817499160767 11.1560831069946 11.1826667785645 11.1844997406006 11.253999710083 11.3775835037231 11.3665828704834 11.4352502822876 11.4201669692993 11.3666667938232 11.4055004119873 11.4219999313354 11.3821668624878
-3.4e+38 -3.4e+38 -3.4e+38 -3.4e+38 9.98516654968262 10.3484163284302 10.5233335494995 10.6904163360596 10.9123334884644 11.0657501220703 11.0601663589478 11.0335836410522 11.0756664276123 11.164083480835 11.2537498474121 11.4164171218872 11.3951663970947 11.2510833740234 11.2672500610352 10.9902496337891 10.7439165115356 10.8189163208008 10.6596670150757 10.9508333206177 10.9869165420532 10.9714164733887 11.0685834884644 11.241250038147 11.08899974823 11.5216665267944 11.4045839309692 11.372166633606 11.177583694458 11.0169172286987 10.9250831604004 10.9156665802002 10.9330005645752 11.0715837478638 11.2132501602173 11.1267499923706 11.1128330230713 11.1520833969116 11.1893329620361 11.2425003051758 11.2033338546753 11.2301664352417 11.3902502059937 11.3819169998169 11.4143333435059 11.4010829925537 11.4154167175293 11.4105834960938 11.4318332672119
-3.4e+38 -3.4e+38 -3.4e+38 -3.4e+38 10.2917499542236 10.5219163894653 10.6160831451416 10.9795827865601 11.0815830230713 11.0091667175293 11.0884170532227 11.1003332138062 11.1488332748413 11.1139163970947 11.2006664276123 11.3558330535889 11.3182497024536 11.1275005340576 11.1564168930054 11.1684999465942 10.9285001754761 10.6865005493164 10.7809171676636 10.9876670837402 10.869083404541 10.9055833816528 11.2895832061768 11.4339170455933 11.2049999237061 11.3334169387817 11.3408336639404 11.2907495498657 11.2238330841064 11.1797504425049 11.1048336029053 11.12975025177 11.0809164047241 11.2740831375122 11.2878332138062 11.2321662902832 11.1976661682129 11.199333190918 11.2174997329712 11.2430830001831 11.267749786377 11.3110837936401 11.3404169082642 11.4814167022705 11.452166557312 11.4330835342407 11.4557504653931 11.5081663131714 11.5166664123535
-3.4e+38 -3.4e+38 -3.4e+38 -3.4e+38 10.4587497711182 10.7454166412354 10.9466667175293 10.9653329849243 11.1605834960938 10.988166809082 11.1231670379639 11.1564998626709 11.210916519165 11.1524171829224 11.1235837936401 11.1907501220703 11.2275838851929 11.0705833435059 11.1498336791992 11.2459163665771 11.3675832748413 11.0296669006348 10.7935829162598 11.0880002975464 10.8451662063599 11.0623331069946 11.1999998092651 11.462082862854 11.367166519165 11.4615001678467 11.3994169235229 11.2391662597656 11.1418333053589 11.2496662139893 11.205249786377 11.1812496185303 11.2149171829224 11.3303337097168 11.3439998626709 11.3187503814697 11.3179998397827 11.2670831680298 11.1884164810181 11.2229166030884 11.3081665039062 11.4270830154419 11.4884996414185 11.4784164428711 11.597749710083 11.5054168701172 11.5876665115356 11.5900001525879 11.7489166259766
-3.4e+38 -3.4e+38 -3.4e+38 -3.4e+38 10.5643339157104 10.706166267395 10.7889165878296 11.0953330993652 11.0646667480469 11.1067504882812 11.1704168319702 11.1848335266113 11.2325000762939 11.2213335037231 11.1292505264282 11.0820837020874 11.1424999237061 11.1514167785645 11.1397504806519 11.1370000839233 11.2567501068115 11.0107498168945 10.7499170303345 11.0360832214355 10.9684162139893 11.2004165649414 11.3140830993652 11.5380001068115 11.5640830993652 11.5504999160767 11.4531669616699 11.308500289917 11.2300834655762 11.242166519165 11.1719999313354 11.1429996490479 11.2862501144409 11.4077501296997 11.527416229248 11.5124168395996 11.3552503585815 11.3094167709351 11.2828330993652 11.3236665725708 11.3674163818359 11.4082498550415 11.5531663894653 11.5894994735718 11.7160835266113 11.6916666030884 11.7845001220703 11.8335838317871 11.9222497940063
-3.4e+38 -3.4e+38 -3.4e+38 -3.4e+38 10.6639165878296 10.6567497253418 10.8421669006348 11.0282497406006 11.2823333740234 11.3642501831055 11.3453330993652 11.2076663970947 11.1700000762939 11.2060832977295 11.2097501754761 11.0915002822876 11.0900831222534 11.295750617981 11.2797498703003 11.1852502822876 11.1482496261597 11.1923332214355 10.8211669921875 10.9150838851929 11.1327505111694 11.4075002670288 11.6005830764771 11.4393339157104 11.4185838699341 11.5170831680298 11.4390830993652 11.3800001144409 11.2829999923706 11.206166267395 11.2861661911011 11.327166557312 11.4982500076294 11.590916633606 11.6584997177124 11.5836668014526 11.492166519165 11.458083152771 11.3380832672119 11.4183330535889 11.4815835952759 11.4235830307007 11.5136661529541 11.6840829849243 11.8281669616699 11.9106664657593 11.9300832748413 12.0156669616699 11.9870834350586
-3.4e+38 -3.4e+38 -3.4e+38 -3.4e+38 -3.4e+38 10.8647499084473 10.9707498550415 11.0515832901001 11.2295837402344 11.3272504806519 11.2882499694824 11.356499671936 11.2958335876465 11.1979999542236 11.2167501449585 11.1790838241577 11.2065000534058 11.2446670532227 11.344916343689 11.3114166259766 11.171667098999 11.2057504653931 11.1479167938232 11.2594995498657 11.3594169616699 11.4544162750244 11.376166343689 11.3957500457764 11.4069166183472 11.3870000839233 11.3842496871948 11.3070831298828 11.2836666107178 11.2656669616699 11.205249786377 11.4333333969116 11.5576667785645 11.5962505340576 11.7316665649414 11.6605834960938 11.626916885376 11.6071672439575 11.5089998245239 11.4450836181641 11.4979162216187 11.6746664047241 11.7819166183472 11.9265003204346 11.9689168930054 12.0494995117188 12.1133337020874 11.9738330841064 11.9770002365112
-3.4e+38 -3.4e+38 -3.4e+38 -3.4e+38 -3.4e+38 11.0552501678467 11.1066665649414 11.2743339538574 11.3765830993652 11.3559999465942 11.3764162063599 11.3193330764771 11.2889165878296 11.2403335571289 11.2980833053589 11.2019996643066 11.2154169082642 11.2635831832886 11.3128337860107 11.342583656311 11.3245000839233 11.273416519165 11.2867498397827 11.3119163513184 11.2896661758423 11.3067502975464 11.3059997558594 11.3637495040894 11.3277502059937 11.4039163589478 11.3928337097168 11.2882499694824 11.2981662750244 11.2765836715698 11.3713331222534 11.5003337860107 11.5236663818359 11.6480836868286 11.6840000152588 11.7664995193481 11.7604160308838 11.822416305542 11.6782503128052 11.4634160995483 11.5659170150757 11.7804164886475 11.8502502441406 11.8281669616699 11.8895835876465 11.9231662750244 11.9045000076294 12.0221662521362 12.1100835800171
-3.4e+38 -3.4e+38 -3.4e+38 -3.4e+38 -3.4e+38 11.2653331756592 11.3487501144409 11.3893337249756 11.3629169464111 11.4105834960938 11.3819999694824 11.373833656311 11.2611665725708 11.2740001678467 11.3371667861938 11.2573328018188 11.2569999694824 11.2573337554932 11.302583694458 11.3505001068115 11.3047504425049 11.3045835494995 11.3059167861938 11.3519163131714 11.2918329238892 11.294750213623 11.3968334197998 11.4290828704834 11.4171667098999 11.5224170684814 11.4577503204346 11.4809999465942 11.4974164962769 11.4925832748413 11.4941663742065 11.4348335266113 11.4526662826538 11.6335830688477 11.7251663208008 11.9505834579468 12.0034999847412 11.9394998550415 11.8148336410522 11.6525001525879 11.6220836639404 11.6187496185303 11.7660837173462 11.7360000610352 11.7759160995483 11.8848333358765 11.9427499771118 12.1175832748413 12.1584167480469
-3.4e+38 -3.4e+38 -3.4e+38 -3.4e+38 -3.4e+38 11.3766660690308 11.4364166259766 11.4111661911011 11.377833366394 11.3708333969116 11.2325830459595 11.1797504425049 11.0963335037231 11.0307502746582 11.2129163742065 11.2095003128052 11.1970834732056 11.2385835647583 11.2699165344238 11.3004169464111 11.2280836105347 11.1864166259766 11.2382497787476 11.3446664810181 11.3953332901001 11.4159164428711 11.5100002288818 11.5704164505005 11.5756664276123 11.6648330688477 11.7055006027222 11.6599168777466 11.730583190918 11.6684169769287 11.5649166107178 11.5089168548584 11.4846668243408 11.608416557312 11.9697494506836 12.0598335266113 12.1572494506836 12.1145000457764 11.9511661529541 11.766583442688 11.7288331985474 11.6870832443237 11.6446666717529 11.6694164276123 11.8556671142578 11.9700832366943 11.9320001602173 12.0023336410522 12.0498332977295
-3.4e+38 -3.4e+38 -3.4e+38 -3.4e+38 -3.4e+38 11.4352502822876 11.386833190918 11.2792501449585 11.5793333053589 11.6067495346069 11.5383329391479 11.3229999542236 11.0659999847412 11.2470836639404 11.2508335113525 11.2770833969116 11.206000328064 11.3265838623047 11.331166267395 11.2898330688477 11.2837495803833 11.1896667480469 11.2357501983643 11.3129167556763 11.4319162368774 11.6005001068115 11.6706666946411 11.6184997558594 11.6856660842896 11.8549995422363 11.8002500534058 11.9165000915527 11.8740835189819 11.7058334350586 11.6324167251587 11.6446666717529 11.630916595459 11.7214164733887 11.9463329315186 12.0495834350586 12.2220001220703 12.1105833053589 11.8946666717529 12.0223331451416 11.9762496948242 11.8152503967285 11.8629999160767 11.8912506103516 11.826000213623 11.8284997940063 11.9323329925537 12.0224170684814 12.0504169464111
-3.4e+38 -3.4e+38 -3.4e+38 -3.4e+38 -3.4e+38 -3.4e+38 11.414999961853 11.5013332366943 11.5785837173462 11.5736665725708 11.4283332824707 11.2428331375122 11.3559999465942 11.3039169311523 11.2843332290649 11.2236671447754 11.1424169540405 11.1701669692993 11.2755832672119 11.3233337402344 11.3078336715698 11.2924995422363 11.3185834884644 11.365083694458 11.543083190918 11.6365833282471 11.6582498550415 11.7044162750244 11.8258333206177 11.8478336334229 11.9724168777466 12.0380830764771 11.9684171676636 11.827166557312 11.6980829238892 11.7409162521362 11.8920001983643 11.8337497711182 11.853666305542 11.8664999008179 12.077166557312 12.2216663360596 11.8676662445068 12.0761661529541 12.0090837478638 11.9080829620361 11.8048334121704 11.9110832214355 11.9779167175293 12.0282497406006 12.117000579834 12.1674165725708 12.0952501296997
-3.4e+38 -3.4e+38 -3.4e+38 -3.4e+38 -3.4e+38 -3.4e+38 11.4312496185303 11.6110000610352 11.4784164428711 11.6837501525879 11.4998331069946 11.4070835113525 11.3142499923706 11.3385000228882 11.5034999847412 11.4456672668457 11.164999961853 11.1405830383301 11.2755832672119 11.2293329238892 11.1175832748413 11.4300832748413 11.3997497558594 11.4690828323364 11.5890836715698 11.7088327407837 11.7465000152588 11.8074998855591 11.856499671936 12.013500213623 12.0989999771118 12.0904169082642 11.9901666641235 11.8979997634888 11.925666809082 11.9846668243408 12.0207500457764 12.0620832443237 11.9167499542236 11.9739170074463 12.0685834884644 12.2671670913696 12.1964168548584 12.1970834732056 12.1079168319702 11.9390001296997 11.8986663818359 12.0297498703003 12.0317497253418 12.0877504348755 12.1059160232544 12.0719165802002 12.1074171066284
-3.4e+38 -3.4e+38 -3.4e+38 -3.4e+38 -3.4e+38 -3.4e+38 11.5890827178955 11.5775833129883 11.7111663818359 11.5799169540405 11.5250835418701 11.3466663360596 11.3538331985474 11.1883335113525 11.3269166946411 11.1847505569458 10.884916305542 10.6491670608521 10.8620834350586 11.3286666870117 11.4575834274292 11.3697500228882 11.4125003814697 11.5410833358765 11.6395835876465 11.7799167633057 11.8102502822876 11.8860836029053 12.0063333511353 12.022500038147 12.0745830535889 12.0874166488647 11.9968328475952 12.0249166488647 12.1488332748413 12.085916519165 12.1067495346069 12.1296663284302 12.2104997634888 12.2242498397827 12.2028331756592 12.0835828781128 12.3312501907349 12.2676668167114 12.2036666870117 12.0505828857422 12.0104999542236 12.0914163589478 12.0877494812012 12.1722497940063 12.1836671829224 12.0871667861938 11.9938335418701
-3.4e+38 -3.4e+38 -3.4e+38 -3.4e+38 -3.4e+38 -3.4e+38 -3.4e+38 11.7945003509521 11.8376665115356 11.8623332977295 11.8008337020874 11.5944166183472 11.5053329467773 11.3709163665771 11.2632503509521 11.2302494049072 11.195333480835 11.1584167480469 11.1477499008179 11.3022499084473 11.4840002059937 11.7291660308838 11.8343334197998 12.0065002441406 11.9962501525879 11.8685836791992 11.8106670379639 11.9623336791992 11.9726667404175 11.9674997329712 12.0554170608521 12.1607503890991 12.1235828399658 12.054666519165 12.1076669692993 12.2231664657593 12.3257503509521 12.3043336868286 12.447416305542 12.4428339004517 12.2764167785645 12.2538328170776 12.1906671524048 12.5260829925537 12.4862499237061 12.2642498016357 12.1386671066284 12.1879997253418 12.2084169387817 12.2889165878296 12.2727499008179 12.2391662597656 12.2237501144409
-3.4e+38 -3.4e+38 -3.4e+38 -3.4e+38 -3.4e+38 -3.4e+38 -3.4e+38 12.1808338165283 12.0957498550415 12.015417098999 12.0209999084473 11.9531669616699 11.863166809082 11.6873331069946 11.7745838165283 11.8339996337891 11.6992502212524 11.5651664733887 11.5338335037231 11.7534170150757 11.7285003662109 11.8909168243408 12.043833732605 12.153416633606 12.2779998779297 12.2422494888306 12.034083366394 11.9523334503174 11.9171667098999 11.9390830993652 12.0468330383301 12.1561670303345 12.1329164505005 12.0924167633057 12.1128339767456 12.2299165725708 12.2290000915527 12.4031667709351 12.3680000305176 12.3871669769287 12.446084022522 12.3736667633057 12.4572496414185 12.6724996566772 12.6299161911011 12.3861665725708 12.2726669311523 12.1658334732056 12.2679166793823 12.2048330307007 12.210916519165 12.0692501068115 11.9891662597656
-3.4e+38 -3.4e+38 -3.4e+38 -3.4e+38 -3.4e+38 -3.4e+38 -3.4e+38 -3.4e+38 12.2857503890991 12.2724170684814 12.0268335342407 11.8756666183472 12.0944995880127 12.1718330383301 12.0514993667603 12.0448331832886 11.8784999847412 11.7887496948242 11.7087497711182 11.9299163818359 11.9709167480469 12.158332824707 12.2531661987305 12.1462497711182 12.0920829772949 12.1516666412354 12.0521669387817 11.8681669235229 11.8110837936401 11.84850025177 12.0248336791992 12.0828332901001 12.1028327941895 12.1041669845581 12.0720834732056 12.1490001678467 12.2775001525879 12.3998336791992 12.6206665039062 12.5886669158936 12.4021663665771 12.3815832138062 12.4656667709351 12.6120834350586 12.6886672973633 12.3682498931885 12.227499961853 12.2023334503174 12.3660831451416 12.3459167480469 12.2401666641235 12.2589168548584 12.1184167861938
-3.4e+38 -3.4e+38 -3.4e+38 -3.4e+38 -3.4e+38 -3.4e+38 -3.4e+38 -3.4e+38 12.4176664352417 12.3310832977295 12.509916305542 12.5457496643066 12.5268335342407 12.4894170761108 12.3782501220703 12.3262500762939 12.2655000686646 12.029333114624 11.9594163894653 12.1845836639404 12.1949996948242 12.0896663665771 12.1949996948242 12.0833330154419 12.2495832443237 12.198166847229 12.0421667098999 11.8289165496826 11.7590837478638 11.9762496948242 11.9716663360596 11.9903335571289 12.0579166412354 12.2376670837402 12.3576669692993 12.1991662979126 12.3742504119873 12.5364170074463 12.5640001296997 12.597749710083 12.6119165420532 12.5726671218872 12.5445003509521 12.6110830307007 12.7600831985474 12.5585832595825 12.3214998245239 12.4550828933716 12.4799165725708 12.4779996871948 12.4390001296997 12.3151664733887 12.3245830535889
-3.4e+38 -3.4e+38 -3.4e+38 -3.4e+38 -3.4e+38 -3.4e+38 -3.4e+38 -3.4e+38 12.8005838394165 12.7752504348755 12.6414165496826 12.5415000915527 12.5948333740234 12.471583366394 12.4429998397827 12.3527498245239 12.1975831985474 12.0190830230713 12.0487499237061 12.1101665496826 12.0400829315186 11.9920835494995 12.055832862854 12.0801668167114 11.988166809082 12.0696668624878 11.8725004196167 11.7994165420532 11.8550834655762 11.9279165267944 11.9683332443237 12.0416669845581 12.170916557312 12.3634996414185 12.4860830307007 12.483416557312 12.4491662979126 12.4304170608521 12.4669170379639 12.541916847229 12.3974170684814 12.4145002365112 12.6468334197998 12.6977500915527 12.830249786377 12.7572498321533 12.4467496871948 12.4723339080811 12.4396667480469 12.5049171447754 12.5257501602173 12.5179166793823 12.3991670608521
-3.4e+38 -3.4e+38 -3.4e+38 -3.4e+38 -3.4e+38 -3.4e+38 -3.4e+38 -3.4e+38 -3.4e+38 12.8922500610352 13.0139999389648 12.813250541687 12.809666633606 12.6326665878296 12.4319171905518 12.3682498931885 12.3304996490479 12.3858337402344 12.4434995651245 12.3428335189819 12.2304992675781 12.115083694458 12.1055002212524 12.0844163894653 12.1490001678467 12.1357498168945 12.0321664810181 11.8569164276123 11.9046669006348 11.9117498397827 12.0149164199829 12.0562496185303 12.2903327941895 12.499249458313 12.4424171447754 12.4635829925537 12.6385831832886 12.6739168167114 12.6201667785645 12.5882501602173 12.4582500457764 12.4294166564941 12.4969167709351 12.4849166870117 12.7590837478638 12.8457498550415 12.591833114624 12.543083190918 12.5116662979126 12.5034999847412 12.5045003890991 12.4704170227051 12.3654165267944
