layers/tmin11.asc
NCOLS 292 
NROWS 291 
XLLCORNER -87.6458333327872 
YLLCORNER 24.4791666666667 
CELLSIZE 0.0416666666669039 
NODATA_value -3.4e+38 
[rows 144 to 167 of 291, columns 106 to 158 of 292]
13.4859170913696 13.2744169235229 13.1080837249756 13.0023336410522 12.9115829467773 12.7335004806519 12.669750213623 12.7026662826538 12.839750289917 13.0178337097168 13.160083770752 13.2130002975464 13.222749710083 13.1729164123535 13.1371669769287 13.0801668167114 13.043083190918 12.9951667785645 13.0305833816528 13.0569162368774 13.0963335037231 13.0895833969116 13.2204999923706 13.3305835723877 13.4090003967285 13.4805002212524 13.4289169311523 13.4892501831055 13.570333480835 13.561749458313 13.4446668624878 13.3905830383301 13.5392503738403 13.6960830688477 13.7915000915527 13.8989162445068 14.0395832061768 14.2081670761108 14.5923328399658 15.1383333206177 15.6767501831055 16.0612506866455 16.2665004730225 -3.4e+38 -3.4e+38 -3.4e+38 -3.4e+38 -3.4e+38 -3.4e+38 -3.4e+38 -3.4e+38 -3.4e+38 -3.4e+38
13.5828332901001 13.3809995651245 13.263500213623 13.0624170303345 12.8278331756592 12.6175003051758 12.4625005722046 12.5710000991821 12.8109998703003 13.0690832138062 13.2569999694824 13.3165836334229 13.3187503814697 13.2720003128052 13.19225025177 13.0991668701172 13.1291666030884 13.1394996643066 13.1219997406006 13.1330833435059 13.1776666641235 13.2490835189819 13.3434162139893 13.3609170913696 13.3882503509521 13.4023332595825 13.3587503433228 13.3920831680298 13.4925003051758 13.4897499084473 13.4466667175293 13.4264163970947 13.458083152771 13.6752500534058 13.7536668777466 13.8667497634888 14.0510835647583 14.2473335266113 14.6519165039062 15.244083404541 15.760666847229 16.1491661071777 16.3518333435059 -3.4e+38 -3.4e+38 -3.4e+38 -3.4e+38 -3.4e+38 -3.4e+38 -3.4e+38 -3.4e+38 -3.4e+38 -3.4e+38
13.6166667938232 13.5173330307007 13.3660001754761 13.2183332443237 12.9340829849243 12.6584997177124 12.5091667175293 12.6609163284302 12.9460000991821 13.2513332366943 13.3800001144409 13.4124994277954 13.4407501220703 13.3031663894653 13.2065830230713 13.1431665420532 13.1642503738403 13.1942501068115 13.1872501373291 13.2186670303345 13.2540836334229 13.2445001602173 13.2715835571289 13.3983335494995 13.4424161911011 13.4485006332397 13.3884162902832 13.4267501831055 13.4585828781128 13.4055833816528 13.3724164962769 13.3656663894653 13.3620004653931 13.6226663589478 13.7680835723877 13.9428329467773 14.1706666946411 14.3322496414185 14.7022504806519 15.2524995803833 15.8121662139893 16.1996669769287 16.4309997558594 -3.4e+38 -3.4e+38 -3.4e+38 -3.4e+38 -3.4e+38 -3.4e+38 -3.4e+38 -3.4e+38 -3.4e+38 -3.4e+38
13.6381664276123 13.5442504882812 13.4697504043579 13.356499671936 13.148416519165 12.8831663131714 12.8005838394165 12.8833332061768 13.1641664505005 13.4516668319702 13.581916809082 13.5627498626709 13.4941663742065 13.4392499923706 13.2690000534058 13.2762498855591 13.2321662902832 13.1800832748413 13.2475004196167 13.2694997787476 13.2638330459595 13.2317504882812 13.2639169692993 13.3463335037231 13.3485832214355 13.3607501983643 13.3256664276123 13.3489170074463 13.5187501907349 13.466667175293 13.4033336639404 13.3620834350586 13.4369163513184 13.6399164199829 13.8315000534058 14.0069999694824 14.2377500534058 14.5347499847412 14.8560829162598 15.34375 15.7878332138062 16.1515827178955 16.4550838470459 16.6240005493164 -3.4e+38 -3.4e+38 -3.4e+38 -3.4e+38 -3.4e+38 -3.4e+38 -3.4e+38 -3.4e+38 -3.4e+38
13.6753330230713 13.6443328857422 13.5749998092651 13.4445829391479 13.436333656311 13.418833732605 13.2937498092651 13.2635831832886 13.3594999313354 13.4790830612183 13.621000289917 13.6020832061768 13.5770835876465 13.5044994354248 13.3880004882812 13.3017501831055 13.2655000686646 13.2569999694824 13.2851667404175 13.2791662216187 13.2526664733887 13.1828336715698 13.2319164276123 13.235333442688 13.2298336029053 13.1730833053589 13.1888332366943 13.2429170608521 13.5419998168945 13.5036668777466 13.4908332824707 13.4745836257935 13.4554996490479 13.6718330383301 13.9223327636719 14.1076669692993 14.4177503585815 14.8030004501343 15.1308336257935 15.5120000839233 15.7561664581299 16.0700836181641 16.4500827789307 16.6901664733887 -3.4e+38 -3.4e+38 -3.4e+38 -3.4e+38 -3.4e+38 -3.4e+38 -3.4e+38 -3.4e+38 -3.4e+38
13.6742496490479 13.6614999771118 13.5834169387817 13.5347499847412 13.5706663131714 13.5783338546753 13.5781669616699 13.6184167861938 13.5400829315186 13.518666267395 13.5626668930054 13.5603332519531 13.5347499847412 13.4133329391479 13.4457502365112 13.4436664581299 13.3968334197998 13.3260831832886 13.3440828323364 13.2910833358765 13.2204999923706 13.1373329162598 13.1447496414185 13.0620832443237 13.0558338165283 13.1121664047241 13.2211666107178 13.3558330535889 13.5508337020874 13.5524168014526 13.5130834579468 13.4592504501343 13.444167137146 13.6599998474121 14.0259160995483 14.3673334121704 14.7502498626709 15.1334171295166 15.4855003356934 15.5530834197998 15.7668333053589 15.8975830078125 16.4074993133545 16.7135829925537 -3.4e+38 -3.4e+38 -3.4e+38 -3.4e+38 -3.4e+38 -3.4e+38 -3.4e+38 -3.4e+38 -3.4e+38
13.6739168167114 13.6017503738403 13.60325050354 13.6473331451416 13.7267503738403 13.7884998321533 13.7342500686646 13.7328329086304 13.6475830078125 13.6157503128052 13.5920829772949 13.5129995346069 13.4291667938232 13.4344997406006 13.4945001602173 13.4787502288818 13.4166669845581 13.3500003814697 13.4232501983643 13.2847499847412 13.1838331222534 13.0661668777466 13.0260000228882 12.9186668395996 12.964750289917 12.8921661376953 13.0231666564941 13.1308336257935 13.4565000534058 13.5109996795654 13.5164165496826 13.4913330078125 13.5460834503174 13.7350006103516 14.2082500457764 14.8095836639404 15.3366670608521 15.6732501983643 15.7429170608521 15.5158338546753 15.4650831222534 15.7211666107178 16.2864990234375 16.7744998931885 -3.4e+38 -3.4e+38 -3.4e+38 -3.4e+38 -3.4e+38 -3.4e+38 -3.4e+38 -3.4e+38 -3.4e+38
13.6319999694824 13.5980834960938 13.6280832290649 13.7093334197998 13.8196668624878 13.9254169464111 13.9028329849243 13.8097496032715 13.7454996109009 13.5548334121704 13.5117502212524 13.4162502288818 13.5161666870117 13.4887504577637 13.4604997634888 13.4779996871948 13.4399166107178 13.3990001678467 13.3834161758423 13.3211669921875 13.2037496566772 13.0792503356934 12.9650001525879 12.8485832214355 12.7504997253418 12.8225831985474 12.9400835037231 13.0216665267944 13.3275833129883 13.449333190918 13.4449996948242 13.4167499542236 13.5182504653931 13.8753328323364 14.5069999694824 15.2450828552246 15.8958330154419 16.244499206543 16.0502490997314 15.7861671447754 15.5246667861938 15.6966667175293 16.2106666564941 16.7847499847412 -3.4e+38 -3.4e+38 -3.4e+38 -3.4e+38 -3.4e+38 -3.4e+38 -3.4e+38 -3.4e+38 -3.4e+38
13.5695829391479 13.5707502365112 13.6109161376953 13.7012500762939 13.8060836791992 13.8719167709351 13.8965835571289 13.847749710083 13.8832502365112 13.7714166641235 13.7279996871948 13.5623331069946 13.5310831069946 13.4674997329712 13.4938335418701 13.545916557312 13.5363330841064 13.5560836791992 13.5554170608521 13.4703330993652 13.3549165725708 13.2394170761108 13.0401668548584 12.896333694458 12.8106670379639 12.9077501296997 12.925666809082 12.9976663589478 13.2714166641235 13.4113330841064 13.3918333053589 13.2950830459595 13.4409999847412 13.8973331451416 14.6193332672119 15.4233331680298 16.1268329620361 16.6126670837402 16.400749206543 16.0485000610352 15.6733331680298 15.7575836181641 16.1469173431396 16.6748332977295 16.9496669769287 -3.4e+38 -3.4e+38 -3.4e+38 -3.4e+38 -3.4e+38 -3.4e+38 -3.4e+38 -3.4e+38
13.5385828018188 13.5606670379639 13.5994167327881 13.6601667404175 13.7503337860107 13.8228330612183 13.8625001907349 13.9456663131714 13.9589166641235 13.8976669311523 13.8118333816528 13.5098333358765 13.6180830001831 13.7046670913696 13.6891670227051 13.6789169311523 13.6362504959106 13.6905002593994 13.6070833206177 13.5441665649414 13.5319995880127 13.3950834274292 13.287166595459 13.1799163818359 13.0753335952759 13.0509996414185 13.0887498855591 13.1867504119873 13.3120002746582 13.5055828094482 13.4579162597656 13.394416809082 13.5739164352417 14.0450000762939 14.7569999694824 15.5043334960938 16.1976661682129 16.7014999389648 16.5530834197998 16.1476669311523 15.8087501525879 15.7917499542236 16.1285839080811 16.609582901001 16.8994998931885 -3.4e+38 -3.4e+38 -3.4e+38 -3.4e+38 -3.4e+38 -3.4e+38 -3.4e+38 -3.4e+38
13.5155830383301 13.5441665649414 13.5736665725708 13.5860834121704 13.6770000457764 13.7137498855591 13.7251663208008 13.7975835800171 13.6634168624878 13.6679162979126 13.5548334121704 13.575249671936 13.5599164962769 13.6508331298828 13.4171667098999 13.7111663818359 13.7825832366943 13.7034168243408 13.6734161376953 13.6937503814697 13.6090831756592 13.4995002746582 13.4820833206177 13.3976669311523 13.3098335266113 13.2630004882812 13.3176670074463 13.3618335723877 13.351583480835 13.5772504806519 13.5762500762939 13.5235834121704 13.5809164047241 14.0172500610352 14.7066669464111 15.4710006713867 16.1810836791992 16.6186656951904 16.4233341217041 16.0978336334229 15.8207502365112 15.7369165420532 16.0010833740234 16.4223327636719 16.7805824279785 -3.4e+38 -3.4e+38 -3.4e+38 -3.4e+38 -3.4e+38 -3.4e+38 -3.4e+38 -3.4e+38
13.4958333969116 13.4806671142578 13.4615831375122 13.4738330841064 13.5540828704834 13.5920000076294 13.5769166946411 13.5745000839233 13.5386667251587 13.5287504196167 13.5635833740234 13.5639162063599 13.4926662445068 13.4020004272461 13.3369998931885 13.4948329925537 13.6457500457764 13.6842498779297 13.6932497024536 13.716833114624 13.7032499313354 13.630916595459 13.5984163284302 13.612250328064 13.5197496414185 13.4923334121704 13.4882497787476 13.4904165267944 13.3850831985474 13.5751667022705 13.5429162979126 13.6620836257935 13.6334171295166 13.9605836868286 14.5926666259766 15.3580837249756 15.9500827789307 16.3781661987305 16.2373332977295 15.9146661758423 15.6811666488647 15.6520004272461 15.890417098999 16.3095836639404 16.7056674957275 -3.4e+38 -3.4e+38 -3.4e+38 -3.4e+38 -3.4e+38 -3.4e+38 -3.4e+38 -3.4e+38
13.4497499465942 13.4405002593994 13.4119997024536 13.4127502441406 13.443416595459 13.5015830993652 13.5286664962769 13.5391664505005 13.5080833435059 13.5314998626709 13.5403327941895 13.5168333053589 13.4511661529541 13.3816661834717 13.4402503967285 13.4361667633057 13.545750617981 13.7204999923706 13.7388334274292 13.7637500762939 13.6960830688477 13.679666519165 13.6591663360596 13.6284999847412 13.6212501525879 13.6239995956421 13.6164169311523 13.6148328781128 13.465916633606 13.5998334884644 13.5269994735718 13.6322498321533 13.8601665496826 14.0531663894653 14.4837503433228 15.0538330078125 15.5979995727539 16.1062507629395 15.9232501983643 15.7285003662109 15.5611667633057 15.5294170379639 15.7499170303345 16.2259159088135 16.6614990234375 16.7970008850098 -3.4e+38 -3.4e+38 -3.4e+38 -3.4e+38 -3.4e+38 -3.4e+38 -3.4e+38
13.4892501831055 13.5085830688477 13.515417098999 13.4466667175293 13.4100828170776 13.3989171981812 13.4446668624878 13.4936666488647 13.5117502212524 13.4975833892822 13.4928331375122 13.4051666259766 13.4143333435059 13.4219169616699 13.5240831375122 13.5301666259766 13.5030002593994 13.6140832901001 13.6471662521362 13.7201671600342 13.7074165344238 13.699333190918 13.7040004730225 13.7479162216187 13.7626667022705 13.7296667098999 13.7552499771118 13.72825050354 13.6175003051758 13.7660837173462 13.7208337783813 13.8286666870117 13.936333656311 13.88450050354 14.2932500839233 14.8991670608521 15.4895830154419 15.869083404541 15.7941665649414 15.6806669235229 15.6075830459595 15.5659999847412 15.7082500457764 16.1172504425049 16.617000579834 16.7687492370605 -3.4e+38 -3.4e+38 -3.4e+38 -3.4e+38 -3.4e+38 -3.4e+38 -3.4e+38
13.5149164199829 13.5772495269775 13.6184167861938 13.565333366394 13.4185829162598 13.3700828552246 13.330249786377 13.3782501220703 13.484582901001 13.4295835494995 13.4650001525879 13.4360828399658 13.4861660003662 13.487416267395 13.5123338699341 13.5150833129883 13.6762504577637 13.7229166030884 13.7130832672119 13.751166343689 13.7296667098999 13.6541662216187 13.7764167785645 13.803750038147 13.7845830917358 13.7985830307007 13.8095836639404 13.7700004577637 13.6679162979126 13.8145837783813 13.8468332290649 13.8784999847412 13.8195829391479 13.9056663513184 14.1695833206177 14.7416667938232 15.232250213623 15.8028335571289 16.0053329467773 15.7554168701172 15.6057500839233 15.5321664810181 15.6752500534058 16.0824165344238 16.5558338165283 16.8145008087158 -3.4e+38 -3.4e+38 -3.4e+38 -3.4e+38 -3.4e+38 -3.4e+38 -3.4e+38
13.5386667251587 13.5329160690308 13.5911664962769 13.6259994506836 13.577917098999 13.4673337936401 13.3194999694824 13.36549949646 13.4484996795654 13.4378337860107 13.3934164047241 13.4694995880127 13.5481662750244 13.5560836791992 13.6835832595825 13.6960830688477 13.5798330307007 13.5900831222534 13.7049169540405 13.7990837097168 13.7038335800171 13.6414995193481 13.8090829849243 13.8335838317871 13.8438329696655 13.8571662902832 13.8582496643066 13.8336668014526 13.7501668930054 13.8550834655762 13.8789167404175 13.8819999694824 13.96875 14.0070829391479 14.1298332214355 14.5407495498657 14.9783334732056 15.403416633606 15.7243337631226 15.9246664047241 15.6339159011841 15.5791664123535 15.6950836181641 16.0890827178955 16.5287494659424 16.8695831298828 -3.4e+38 -3.4e+38 -3.4e+38 -3.4e+38 -3.4e+38 -3.4e+38 -3.4e+38
13.5559997558594 13.5762500762939 13.626916885376 13.6604995727539 13.5395002365112 13.4720001220703 13.395583152771 13.3660840988159 13.4117498397827 13.357250213623 13.358416557312 13.4602499008179 13.5642499923706 13.6206665039062 13.5729169845581 13.4461669921875 13.5766668319702 13.782416343689 13.6359996795654 13.6439161300659 13.7501668930054 13.9055004119873 13.9424171447754 13.90149974823 13.9131669998169 13.9148330688477 13.9123334884644 13.8900003433228 13.8085832595825 13.9150829315186 14.0230827331543 14.0884170532227 14.1339168548584 14.0608329772949 14.3058338165283 14.5024995803833 14.8909168243408 15.3061666488647 15.6444997787476 15.7445831298828 15.5251665115356 15.4857501983643 15.5422496795654 15.8824167251587 16.3490829467773 16.7266674041748 16.8547496795654 -3.4e+38 -3.4e+38 -3.4e+38 -3.4e+38 -3.4e+38 -3.4e+38
13.6085004806519 13.6553335189819 13.6455001831055 13.6175003051758 13.5180835723877 13.4914999008179 13.3925828933716 13.3287506103516 13.3334999084473 13.4364166259766 13.511833190918 13.4136667251587 13.5334997177124 13.5380001068115 13.5868339538574 13.53600025177 13.8347501754761 14.0450000762939 14.0394163131714 13.8610000610352 13.8155002593994 13.8672504425049 13.9575004577637 13.972749710083 13.9917497634888 13.9910831451416 13.9871664047241 14.0086669921875 14.0100831985474 14.0319995880127 14.1039171218872 14.1887502670288 14.2575836181641 14.1950836181641 14.3715000152588 14.5157499313354 14.8390836715698 15.2301664352417 15.5481662750244 15.7807502746582 15.4895000457764 15.4012498855591 15.4191665649414 15.6510000228882 16.0903339385986 16.4798336029053 16.7194995880127 -3.4e+38 -3.4e+38 -3.4e+38 -3.4e+38 -3.4e+38 -3.4e+38
13.6119995117188 13.6389169692993 13.5962495803833 13.5594997406006 13.5420837402344 13.4963331222534 13.4029998779297 13.3002500534058 13.3619995117188 13.467999458313 13.5054168701172 13.4532499313354 13.4374170303345 13.474666595459 13.5932502746582 13.7090835571289 13.7755002975464 13.9224996566772 14.0492506027222 14.0404996871948 13.9716663360596 13.9680833816528 13.9955005645752 14.0816669464111 14.0512504577637 14.0664167404175 14.0940837860107 14.1505832672119 14.1655836105347 14.1736669540405 14.2335004806519 14.315333366394 14.3386669158936 14.3503332138062 14.4694166183472 14.6079168319702 14.8227500915527 15.1547498703003 15.4341669082642 15.7238330841064 15.4255828857422 15.2024164199829 15.1158332824707 15.327166557312 15.7809162139893 16.2390003204346 16.5951671600342 -3.4e+38 -3.4e+38 -3.4e+38 -3.4e+38 -3.4e+38 -3.4e+38
13.5916662216187 13.5670003890991 13.5660829544067 13.5598335266113 13.5445833206177 13.4753332138062 13.3308334350586 13.3254165649414 13.418999671936 13.5527496337891 13.5514163970947 13.5508337020874 13.6075000762939 13.6579170227051 13.7051668167114 13.8061666488647 13.862416267395 13.8753337860107 13.9038333892822 14.1039171218872 14.1532497406006 14.189582824707 14.2383337020874 14.1910829544067 14.1388330459595 14.1449165344238 14.1715002059937 14.2572498321533 14.299750328064 14.2893333435059 14.4469165802002 14.5013332366943 14.3701667785645 14.4560832977295 14.5852499008179 14.698166847229 14.929666519165 15.1977500915527 15.4136667251587 15.4630832672119 15.4314165115356 15.0235004425049 14.8135004043579 15.0249166488647 15.4870834350586 16.0192489624023 16.4719161987305 -3.4e+38 -3.4e+38 -3.4e+38 -3.4e+38 -3.4e+38 -3.4e+38
13.5628337860107 13.5624160766602 13.5638332366943 13.5310831069946 13.4826669692993 13.4654169082642 13.3098335266113 13.3889999389648 13.4753332138062 13.5855836868286 13.6578330993652 13.6574993133545 13.6896667480469 13.7440004348755 13.7275838851929 13.8004169464111 13.82200050354 14.0676670074463 14.0659170150757 14.1315832138062 14.36549949646 14.3871669769287 14.3765830993652 14.2827501296997 14.2481670379639 14.2699165344238 14.2903337478638 14.3347501754761 14.3874168395996 14.4596672058105 14.522500038147 14.4799165725708 14.5252504348755 14.4723339080811 14.6059169769287 14.758749961853 15.0678329467773 15.2044172286987 15.3500833511353 15.4092502593994 15.4031667709351 14.9048328399658 14.5332498550415 14.7523336410522 15.2202501296997 15.8276662826538 16.2600841522217 16.4650001525879 -3.4e+38 -3.4e+38 -3.4e+38 -3.4e+38 -3.4e+38
13.5382499694824 13.5060834884644 13.5284996032715 13.5187501907349 13.5468330383301 13.4990835189819 13.3655834197998 13.4353332519531 13.5382499694824 13.6560831069946 13.7683334350586 13.7504167556763 13.7848339080811 13.8579998016357 13.8269996643066 13.8415002822876 13.8823337554932 14.0244998931885 14.3229169845581 14.408166885376 14.5170831680298 14.5485830307007 14.4958333969116 14.4175834655762 14.347749710083 14.433666229248 14.4409999847412 14.4192495346069 14.4309997558594 14.5195837020874 14.552583694458 14.498833656311 14.5475835800171 14.480583190918 14.7192497253418 15.0063333511353 15.1457500457764 15.2858333587646 15.4546670913696 15.4276666641235 15.2255830764771 14.8605833053589 14.626166343689 14.7295827865601 15.0806665420532 15.6282501220703 16.0301666259766 16.2112503051758 -3.4e+38 -3.4e+38 -3.4e+38 -3.4e+38 -3.4e+38
13.4923334121704 13.456166267395 13.5262498855591 13.5849170684814 13.6061668395996 13.5438327789307 13.458833694458 13.5418329238892 13.6260004043579 13.6786670684814 13.7565002441406 13.8112497329712 13.8463335037231 13.8974170684814 13.8824996948242 13.8846664428711 13.9575834274292 14.0004997253418 14.238166809082 14.295916557312 14.3704166412354 14.5740833282471 14.5806665420532 14.476749420166 14.4619169235229 14.4436664581299 14.4527502059937 14.4480838775635 14.4740839004517 14.5349998474121 14.5079164505005 14.3822498321533 14.4711666107178 14.5930004119873 14.8374166488647 15.1428337097168 15.1359996795654 15.2043333053589 15.3313331604004 15.2095003128052 15.0468330383301 14.8750829696655 14.7470836639404 14.7945833206177 15.083833694458 15.4670829772949 15.8361663818359 16.0445823669434 -3.4e+38 -3.4e+38 -3.4e+38 -3.4e+38 -3.4e+38
13.581000328064 13.5496664047241 13.6264162063599 13.6569995880127 13.655083656311 13.6024169921875 13.5600833892822 13.6584997177124 13.7121667861938 13.7410831451416 13.7692499160767 13.8029165267944 13.9408330917358 13.992166519165 13.9745836257935 13.9557504653931 13.9978332519531 14.0471668243408 14.1193332672119 14.1373329162598 14.2436666488647 14.3289165496826 14.5149164199829 14.5065002441406 14.4512500762939 14.4486665725708 14.4593334197998 14.4755830764771 14.5027503967285 14.4890832901001 14.4596662521362 14.4730005264282 14.5849170684814 14.7089996337891 14.8898334503174 15.1212501525879 15.0218334197998 15.135666847229 15.3130836486816 15.3174161911011 15.1317501068115 15.0273332595825 14.9379997253418 14.974666595459 15.1654167175293 15.460916519165 15.8116664886475 15.9871664047241 16.0239162445068 -3.4e+38 -3.4e+38 -3.4e+38 -3.4e+38
