layers/tmin11.asc
NCOLS 292 
NROWS 291 
XLLCORNER -87.6458333327872 
YLLCORNER 24.4791666666667 
CELLSIZE 0.0416666666669039 
NODATA_value -3.4e+38 
[rows 168 to 191 of 291, columns 106 to 158 of 292]
13.7644996643066 13.6944999694824 13.7237501144409 13.7369165420532 13.7049999237061 13.6704998016357 13.6386671066284 13.7268333435059 13.7813329696655 13.8161668777466 13.8380832672119 13.84850025177 13.9498338699341 14.0275831222534 13.9855003356934 13.9627494812012 14.0619163513184 14.0476665496826 14.1491661071777 14.227499961853 14.2733335494995 14.3489999771118 14.5747499465942 14.6170835494995 14.5388336181641 14.4427499771118 14.4280004501343 14.4399166107178 14.5058336257935 14.4753332138062 14.4757499694824 14.5378332138062 14.6420831680298 14.7910003662109 14.9664173126221 15.1177501678467 15.277250289917 15.4328336715698 15.4679164886475 15.3910837173462 15.3751668930054 15.3019161224365 15.2728338241577 15.2623329162598 15.2835836410522 15.5004167556763 15.805832862854 16.0116672515869 16.0824165344238 -3.4e+38 -3.4e+38 -3.4e+38 -3.4e+38
14.0426664352417 13.9101667404175 13.8527498245239 13.7934169769287 13.7532501220703 13.7503337860107 13.7350006103516 13.8129167556763 13.8587503433228 13.9040832519531 13.9106664657593 13.9508333206177 13.9601669311523 13.9990005493164 14.0685834884644 14.0885829925537 14.196249961853 14.2136669158936 14.21399974823 14.2465000152588 14.3448333740234 14.4744997024536 14.5913333892822 14.5494165420532 14.5631666183472 14.5375003814697 14.5242500305176 14.4884166717529 14.4200000762939 14.4069166183472 14.4224166870117 14.4896669387817 14.5946664810181 14.8155832290649 15.014666557312 15.1444997787476 15.3139162063599 15.2684164047241 15.4168329238892 15.5570831298828 15.5948333740234 15.5615835189819 15.5251665115356 15.5057497024536 15.5117502212524 15.6438331604004 15.8339996337891 16.0469169616699 16.1553325653076 16.1809177398682 -3.4e+38 -3.4e+38 -3.4e+38
14.3878335952759 14.1845836639404 14.0514163970947 13.9285831451416 13.8229169845581 13.7919998168945 13.8385000228882 13.899582862854 13.9415836334229 14.0008335113525 14.0396671295166 14.050666809082 14.0306663513184 14.0601673126221 14.1910829544067 14.2191667556763 14.2443332672119 14.2639169692993 14.2924165725708 14.3628330230713 14.3827505111694 14.4674167633057 14.6107501983643 14.5830001831055 14.5808334350586 14.6259164810181 14.6381664276123 14.5904169082642 14.4785833358765 14.3824167251587 14.3202495574951 14.4075002670288 14.5296669006348 14.8190832138062 15.0648336410522 15.268666267395 15.484582901001 15.5389995574951 15.6829996109009 15.8979167938232 15.8796663284302 15.8334169387817 15.8060827255249 15.7226667404175 15.6587495803833 15.6129999160767 15.7766666412354 16.0150833129883 16.1508331298828 16.298999786377 -3.4e+38 -3.4e+38 -3.4e+38
14.7680835723877 14.5264167785645 14.3281669616699 14.1675004959106 14.0231666564941 13.9564170837402 13.9731664657593 14.0211668014526 14.0685834884644 14.1098337173462 14.1274995803833 14.1314163208008 14.0855836868286 14.1357498168945 14.2124996185303 14.2516670227051 14.2881669998169 14.2975835800171 14.3567495346069 14.4141664505005 14.4617500305176 14.5489168167114 14.6366662979126 14.6097497940063 14.6545829772949 14.6554164886475 14.7036666870117 14.6312503814697 14.4515829086304 14.3091669082642 14.3125 14.3741664886475 14.5705833435059 14.7497501373291 15.0056667327881 15.3386669158936 15.5867500305176 15.8030004501343 16.0869159698486 16.2690010070801 16.3234996795654 16.1970825195312 16.0610008239746 15.9542503356934 15.8152503967285 15.7278327941895 15.7077503204346 15.8694171905518 16.1395835876465 16.3148326873779 16.4580841064453 -3.4e+38 -3.4e+38
15.067666053772 14.864333152771 14.6344995498657 14.4323329925537 14.2737503051758 14.1929168701172 14.1445837020874 14.1528329849243 14.1824998855591 14.1850833892822 14.2096662521362 14.1794996261597 14.1361665725708 14.18274974823 14.2181663513184 14.3644161224365 14.3759994506836 14.3249168395996 14.3905000686646 14.4400835037231 14.543833732605 14.5903329849243 14.6378335952759 14.6924171447754 14.7534999847412 14.7721662521362 14.7759160995483 14.6567497253418 14.514666557312 14.4145832061768 14.4052505493164 14.4802503585815 14.6994171142578 14.8051662445068 15.0519170761108 15.4033327102661 15.7323331832886 16.0670833587646 16.3554992675781 16.5764999389648 16.6687507629395 16.4855003356934 16.2866668701172 16.0370006561279 15.9673328399658 15.842583656311 15.6920003890991 15.8509168624878 16.0849170684814 16.2462501525879 16.5433330535889 -3.4e+38 -3.4e+38
-3.4e+38 15.1745834350586 14.970832824707 14.7817497253418 14.5948333740234 14.4684162139893 14.3357496261597 14.2560834884644 14.2317504882812 14.2327499389648 14.2015829086304 14.1564168930054 14.1857500076294 14.2066669464111 14.2331666946411 14.355583190918 14.4583330154419 14.40625 14.4551668167114 14.5893335342407 14.7014169692993 14.7238330841064 14.7152500152588 14.8315830230713 14.8441667556763 14.8441667556763 14.8726663589478 14.8063335418701 14.6361665725708 14.5874166488647 14.6345834732056 14.7017498016357 14.8317499160767 14.9294166564941 15.1947498321533 15.5318336486816 15.8912496566772 16.2917499542236 16.6070003509521 16.7297496795654 16.7629165649414 16.6853332519531 16.316499710083 16.1459999084473 15.9136667251587 15.7924165725708 15.7622499465942 15.8739995956421 15.918083190918 16.1874160766602 16.5341663360596 16.6486663818359 -3.4e+38
-3.4e+38 15.4488334655762 15.2926664352417 15.1086664199829 14.8865833282471 14.7586669921875 14.6304998397827 14.5089168548584 14.4145832061768 14.3733329772949 14.3054161071777 14.2079162597656 14.2274169921875 14.2238330841064 14.2450828552246 14.377833366394 14.5023336410522 14.5072498321533 14.5539169311523 14.6026668548584 14.6803331375122 14.8255834579468 14.8906669616699 15.039999961853 14.9416666030884 14.9209995269775 14.9595832824707 14.9314165115356 14.8649168014526 14.8543329238892 14.8770837783813 14.8965835571289 15.0328330993652 15.2536668777466 15.4515829086304 15.547082901001 15.9047498703003 16.4163341522217 16.8712501525879 17.0685005187988 16.8227500915527 16.6861667633057 16.4085006713867 16.1375007629395 15.8726663589478 15.9229164123535 15.8323335647583 15.8328332901001 15.8194999694824 16.0895004272461 16.4535007476807 16.7829990386963 -3.4e+38
-3.4e+38 15.8083333969116 15.6191663742065 15.4135837554932 15.1955003738403 15.0512504577637 14.9309167861938 14.8204164505005 14.7435836791992 14.6594171524048 14.5334167480469 14.3611669540405 14.2198333740234 14.2014169692993 14.2593336105347 14.4168329238892 14.5353336334229 14.6430835723877 14.5999164581299 14.639666557312 14.7980003356934 14.7875833511353 14.8942499160767 14.9835004806519 14.9720001220703 14.9732503890991 14.940333366394 14.9665832519531 14.9435834884644 14.9644994735718 15.0593328475952 15.171667098999 15.1577501296997 15.362416267395 15.4312496185303 15.4548330307007 15.8497495651245 16.2086658477783 16.7229156494141 16.939582824707 16.9082508087158 16.4935836791992 16.3467502593994 16.0538330078125 16.0262508392334 15.936333656311 15.8114166259766 15.8055000305176 15.850417137146 16.0195827484131 16.3799991607666 16.8584995269775 16.9809169769287
-3.4e+38 -3.4e+38 -3.4e+38 -3.4e+38 15.5063333511353 15.3695001602173 15.2444171905518 15.1521663665771 15.0285835266113 14.9586668014526 14.829083442688 14.6003332138062 14.4154996871948 14.2886667251587 14.3097496032715 14.46399974823 14.6282501220703 14.6603336334229 14.6650838851929 14.7561664581299 14.8087501525879 14.9549169540405 15.034083366394 14.9528331756592 14.9470834732056 14.9950838088989 15.0093336105347 14.9835834503174 14.9135837554932 15.0442504882812 15.1663331985474 15.2479162216187 15.2347497940063 15.4223337173462 15.4980001449585 15.4530000686646 15.4910831451416 15.8278331756592 16.3950824737549 16.7145824432373 16.7487506866455 16.341667175293 16.1714172363281 16.035083770752 16.0089168548584 15.9310836791992 15.8200006484985 15.8401670455933 15.8319997787476 15.9984169006348 16.2687492370605 16.7455005645752 17.1014995574951
-3.4e+38 -3.4e+38 -3.4e+38 -3.4e+38 15.831166267395 15.6850004196167 15.55774974823 15.4444169998169 15.2652502059937 15.1721668243408 15.0837497711182 14.873833656311 14.6984996795654 14.5150833129883 14.4637498855591 14.5966663360596 14.7454996109009 14.8249168395996 14.8992500305176 14.9295835494995 14.9344997406006 14.9554996490479 14.9955835342407 15.0072498321533 15.0231666564941 15.0363330841064 15.0896663665771 15.0782499313354 15.0421667098999 15.0158338546753 15.2133331298828 15.2690000534058 15.3048334121704 15.3800830841064 15.4960832595825 15.3625001907349 15.2534160614014 15.4208335876465 15.9494161605835 16.3421669006348 16.3350830078125 16.2466659545898 15.9863338470459 15.925666809082 16.0170841217041 15.9177503585815 15.8669996261597 15.854416847229 15.8469161987305 15.9805002212524 16.2683334350586 16.6429176330566 17.1366672515869
-3.4e+38 -3.4e+38 -3.4e+38 -3.4e+38 16.1546669006348 -3.4e+38 -3.4e+38 -3.4e+38 15.5953330993652 15.4704999923706 15.2443332672119 15.103666305542 14.9392499923706 14.7779998779297 14.5945835113525 14.6346664428711 14.8180828094482 14.966833114624 14.9919996261597 15.002833366394 15.0775833129883 15.0742502212524 15.0404996871948 15.081916809082 15.0794172286987 15.1254997253418 15.3359994888306 15.2262496948242 15.2203330993652 15.0974998474121 15.2073335647583 15.3119163513184 15.3834171295166 15.420166015625 15.6965827941895 15.5557498931885 15.3852500915527 15.2659997940063 15.5076665878296 15.7420835494995 15.8669166564941 15.9200000762939 15.9467496871948 15.9559164047241 15.8783330917358 15.8148336410522 15.8392496109009 15.8739166259766 15.9020004272461 15.9850835800171 16.2684993743896 16.5879173278809 17.0348339080811
-3.4e+38 -3.4e+38 -3.4e+38 -3.4e+38 -3.4e+38 -3.4e+38 -3.4e+38 -3.4e+38 -3.4e+38 -3.4e+38 15.5334167480469 15.205249786377 15.1599998474121 14.9898338317871 14.7963333129883 14.7264165878296 14.8130836486816 14.9923334121704 15.0211668014526 14.9590835571289 15.0781669616699 15.1750831604004 15.176833152771 15.1785831451416 15.2523336410522 15.4219999313354 15.3735837936401 15.278416633606 15.3317499160767 15.1616668701172 15.1753330230713 15.3341665267944 15.4999160766602 15.5247497558594 15.6830835342407 15.4514169692993 15.3427505493164 15.340916633606 15.4915828704834 15.5221662521362 15.59375 15.7416667938232 15.9013328552246 15.962833404541 15.9205837249756 15.8151664733887 15.8515005111694 15.8913335800171 15.9341669082642 16.035249710083 16.2040824890137 16.4720840454102 16.7807502746582
-3.4e+38 -3.4e+38 -3.4e+38 -3.4e+38 -3.4e+38 -3.4e+38 -3.4e+38 -3.4e+38 -3.4e+38 -3.4e+38 15.9304161071777 15.5113334655762 15.2567501068115 15.1649169921875 14.9771671295166 14.8507499694824 14.9455833435059 15.0065832138062 15.1074161529541 15.0450000762939 15.1675834655762 15.2277498245239 15.3254165649414 15.2318334579468 15.3175001144409 15.3651666641235 15.3395004272461 15.289999961853 15.3655834197998 15.4990835189819 15.4176664352417 15.4472503662109 15.5175828933716 15.558500289917 15.6672496795654 15.4652500152588 15.289999961853 15.3625831604004 15.5050001144409 15.6129999160767 15.6056661605835 15.7224168777466 15.81725025177 15.9351663589478 15.9141664505005 15.7122497558594 15.7326669692993 15.808666229248 15.9047498703003 15.9579162597656 16.0646667480469 16.3021659851074 16.545166015625
-3.4e+38 -3.4e+38 -3.4e+38 -3.4e+38 -3.4e+38 -3.4e+38 -3.4e+38 -3.4e+38 -3.4e+38 -3.4e+38 -3.4e+38 15.8734169006348 15.4496669769287 15.2980003356934 15.1285829544067 15.0119171142578 14.9159164428711 15.0286664962769 15.1380004882812 15.1567497253418 15.1832504272461 15.1748332977295 15.2296667098999 15.3561668395996 15.3468332290649 15.3377494812012 15.3923330307007 15.5225830078125 15.5290002822876 15.6520004272461 15.6392498016357 15.7006664276123 15.7454996109009 15.628999710083 15.6785831451416 15.5845003128052 15.4504165649414 15.3615827560425 15.4518337249756 15.5184164047241 15.6877498626709 15.7194166183472 15.6780834197998 15.8813333511353 15.8798332214355 15.6975002288818 15.6674165725708 15.7499160766602 15.8657503128052 15.9387502670288 16.0017509460449 16.1631660461426 16.3688335418701
-3.4e+38 -3.4e+38 -3.4e+38 -3.4e+38 -3.4e+38 -3.4e+38 -3.4e+38 -3.4e+38 -3.4e+38 -3.4e+38 -3.4e+38 16.2058334350586 15.7259998321533 15.4138336181641 15.3672504425049 15.1656665802002 15.1824169158936 15.4794998168945 15.4348335266113 15.1934995651245 15.0834169387817 15.1727504730225 15.2690830230713 15.2321662902832 15.3636665344238 15.3993330001831 15.4027500152588 15.4744167327881 15.7253332138062 15.8074998855591 15.7582502365112 15.8975830078125 15.8653335571289 15.6299171447754 15.7567501068115 15.703332901001 15.7653331756592 15.6905832290649 15.6326665878296 15.658166885376 15.7284164428711 15.7500829696655 15.7490835189819 15.8070001602173 15.8364171981812 15.7826662063599 15.8264999389648 15.9495000839233 15.9595003128052 16.0471668243408 16.1347503662109 16.3024158477783 16.4175834655762
-3.4e+38 -3.4e+38 -3.4e+38 -3.4e+38 -3.4e+38 -3.4e+38 -3.4e+38 -3.4e+38 -3.4e+38 -3.4e+38 -3.4e+38 -3.4e+38 16.0649166107178 15.5784997940063 15.4130830764771 15.2189168930054 15.238166809082 15.4179162979126 15.3764162063599 15.3034162521362 15.1717500686646 15.1679162979126 15.1899995803833 15.2264165878296 15.287166595459 15.420750617981 15.3695831298828 15.4669170379639 15.7376661300659 15.8479995727539 15.9671669006348 16.0461673736572 16.0869159698486 15.7589168548584 15.8435831069946 15.9265003204346 15.9988327026367 15.9421663284302 15.9545831680298 15.7445001602173 15.7220001220703 15.7711668014526 15.9184169769287 15.9558334350586 15.7188329696655 15.9306669235229 16.0903339385986 16.1798324584961 16.1192493438721 16.2399158477783 16.4006671905518 16.5161666870117 16.4874172210693
-3.4e+38 -3.4e+38 -3.4e+38 -3.4e+38 -3.4e+38 -3.4e+38 -3.4e+38 -3.4e+38 -3.4e+38 -3.4e+38 -3.4e+38 -3.4e+38 -3.4e+38 15.8476667404175 15.479416847229 15.301833152771 15.174750328064 15.3403329849243 15.3443336486816 15.3813333511353 15.3057498931885 15.2489166259766 15.2407503128052 15.2345838546753 15.265417098999 15.4496669769287 15.3887500762939 15.4743337631226 15.7420835494995 15.7690000534058 15.9036664962769 16.0930824279785 16.1630001068115 15.9202499389648 15.952166557312 16.0209159851074 16.1236667633057 16.1331672668457 16.1939163208008 15.887749671936 15.7500829696655 15.8516664505005 15.9993333816528 15.9717502593994 15.8313331604004 16.1235828399658 16.4424991607666 16.5410823822021 16.3299160003662 16.4852504730225 16.5676670074463 16.5230827331543 16.5048332214355
-3.4e+38 -3.4e+38 -3.4e+38 -3.4e+38 -3.4e+38 -3.4e+38 -3.4e+38 -3.4e+38 -3.4e+38 -3.4e+38 -3.4e+38 -3.4e+38 16.5739994049072 16.1425838470459 15.6748332977295 15.4217500686646 15.2346668243408 15.2289171218872 15.4654169082642 15.6049165725708 15.4143333435059 15.3016662597656 15.2209167480469 15.2062501907349 15.291166305542 15.3181667327881 15.3401670455933 15.4776668548584 15.6088333129883 15.7900829315186 15.9796667098999 16.2316665649414 16.1641674041748 16.1273326873779 16.1639175415039 16.1784992218018 16.1598339080811 16.1352500915527 16.2536659240723 16.1228332519531 15.9276666641235 15.8435001373291 15.9201669692993 15.9720830917358 15.9993333816528 16.4106674194336 16.5869159698486 16.7806663513184 16.6710834503174 16.6165828704834 16.4994163513184 16.4886665344238 16.5655002593994
-3.4e+38 -3.4e+38 -3.4e+38 -3.4e+38 -3.4e+38 -3.4e+38 -3.4e+38 -3.4e+38 -3.4e+38 -3.4e+38 -3.4e+38 -3.4e+38 16.8229999542236 16.3924160003662 15.9171667098999 15.6401662826538 15.4749994277954 15.3559169769287 15.4800834655762 15.6489162445068 15.6345834732056 15.4975833892822 15.206916809082 15.1791667938232 15.2455835342407 15.3486661911011 15.3034172058105 15.3636665344238 15.5218334197998 15.6559162139893 15.7856664657593 16.1100006103516 16.2167510986328 16.4740829467773 16.5298328399658 16.3869171142578 16.275333404541 16.2479991912842 16.3268337249756 15.7678337097168 15.6250829696655 15.5014171600342 15.7253332138062 15.9495830535889 16.1849994659424 16.4195003509521 16.5974998474121 16.7167491912842 16.7185001373291 16.7570838928223 16.6248340606689 16.5323333740234 16.6137504577637
-3.4e+38 -3.4e+38 -3.4e+38 -3.4e+38 -3.4e+38 -3.4e+38 -3.4e+38 -3.4e+38 -3.4e+38 -3.4e+38 -3.4e+38 -3.4e+38 16.9889163970947 16.5448341369629 16.0945835113525 15.8582496643066 15.731499671936 15.5469169616699 15.5226669311523 15.7032499313354 15.7050838470459 15.6086664199829 15.1840839385986 15.1730833053589 15.2279167175293 15.3085832595825 15.3602504730225 15.3855829238892 15.472749710083 15.6189165115356 15.7157497406006 15.9689998626709 16.2913341522217 16.5736656188965 16.6754169464111 16.4849166870117 16.2214164733887 15.9111671447754 15.7888336181641 15.5018329620361 15.2940835952759 15.2849998474121 15.6648330688477 16.0145835876465 16.5020008087158 16.7632503509521 16.8166675567627 16.9691677093506 16.818416595459 16.8091659545898 16.7632503509521 16.7003326416016 16.6806678771973
-3.4e+38 -3.4e+38 -3.4e+38 -3.4e+38 -3.4e+38 -3.4e+38 -3.4e+38 -3.4e+38 -3.4e+38 -3.4e+38 -3.4e+38 -3.4e+38 17.1268329620361 16.7318325042725 16.2959156036377 15.9945831298828 15.9208335876465 15.7409162521362 15.5961666107178 15.7364168167114 15.7422494888306 15.5978336334229 15.3287496566772 15.2638330459595 15.2663335800171 15.2770004272461 15.3597497940063 15.3769998550415 15.4919166564941 15.6372499465942 15.7849168777466 15.9869165420532 16.2444171905518 16.488166809082 16.4686660766602 16.3857498168945 16.0961666107178 15.7525005340576 15.5164995193481 15.1711664199829 15.0552501678467 15.2067499160767 15.5474996566772 15.9546661376953 16.5356674194336 16.7493343353271 16.8759174346924 16.8573341369629 16.7119159698486 16.7765827178955 16.9669170379639 16.6917495727539 16.6800003051758
-3.4e+38 -3.4e+38 -3.4e+38 -3.4e+38 -3.4e+38 -3.4e+38 -3.4e+38 -3.4e+38 -3.4e+38 -3.4e+38 -3.4e+38 -3.4e+38 -3.4e+38 16.8558330535889 16.4122505187988 16.1220836639404 16.019250869751 15.8219165802002 15.6676664352417 15.7666664123535 15.8394165039062 15.7006664276123 15.5025005340576 15.3717498779297 15.3483333587646 15.3295831680298 15.3301668167114 15.3498334884644 15.4592504501343 15.6490831375122 15.8942499160767 15.9689168930054 16.1867504119873 16.3965835571289 16.3343334197998 16.1838340759277 16.0114994049072 15.7047500610352 15.4300003051758 15.3400831222534 15.3838329315186 15.6817502975464 15.9925832748413 16.2556667327881 16.8661670684814 16.9324169158936 16.7789173126221 16.7612495422363 16.7610836029053 16.7902507781982 16.922082901001 16.7544174194336 16.699333190918
-3.4e+38 -3.4e+38 -3.4e+38 -3.4e+38 -3.4e+38 -3.4e+38 -3.4e+38 -3.4e+38 -3.4e+38 -3.4e+38 -3.4e+38 -3.4e+38 -3.4e+38 16.9320831298828 16.478084564209 16.2026672363281 16.0557498931885 15.8439168930054 15.8704166412354 15.9584999084473 16.0440826416016 15.877833366394 15.8194169998169 15.5826663970947 15.4235000610352 15.3478336334229 15.277416229248 15.2683334350586 15.4300832748413 15.6295003890991 15.8183336257935 15.9132499694824 16.082332611084 16.2019176483154 16.2607498168945 16.4869995117188 16.1516666412354 15.9387502670288 15.8004999160767 15.6627502441406 15.8348331451416 16.2317504882812 16.6115837097168 16.7377490997314 17.0025825500488 17.1175003051758 17.1073341369629 17.0401668548584 17.0913333892822 16.9271659851074 16.8575839996338 16.7714157104492 16.6485004425049
-3.4e+38 -3.4e+38 -3.4e+38 -3.4e+38 -3.4e+38 -3.4e+38 -3.4e+38 -3.4e+38 -3.4e+38 -3.4e+38 -3.4e+38 -3.4e+38 -3.4e+38 16.9286670684814 16.4690837860107 16.1685009002686 15.9904165267944 15.8526668548584 15.9587497711182 16.0092506408691 16.1610832214355 16.1757507324219 15.9538335800171 15.7259168624878 15.5614995956421 15.3655004501343 15.3248338699341 15.3520832061768 15.4533338546753 15.6175003051758 15.7743339538574 15.9128332138062 16.1882495880127 16.3603324890137 16.4540004730225 16.6713333129883 16.4741668701172 16.1574993133545 16.1453323364258 16.0660839080811 16.3886661529541 16.5754165649414 16.8870010375977 17.0869159698486 17.3200836181641 17.3431663513184 17.2800827026367 17.1677494049072 17.0729999542236 16.9484996795654 16.986499786377 16.9389171600342 16.9073333740234
