layers/vpdmax11.asc
NCOLS 292 
NROWS 291 
XLLCORNER -87.6458333327872 
YLLCORNER 24.4791666666667 
CELLSIZE 0.0416666666669039 
NODATA_value -3.4e+38 
[rows 120 to 143 of 291, columns 106 to 158 of 292]
21.552001953125 21.8160018920898 22.1140003204346 22.0250015258789 22.3250007629395 22.4040012359619 22.7560005187988 23.0100002288818 23.2060012817383 23.2790012359619 23.2850017547607 23.1860008239746 23.2000007629395 23.1590003967285 23.1330013275146 23.1200008392334 23.2270011901855 23.2800006866455 23.2590007781982 23.07200050354 22.9820003509521 22.9780006408691 22.9120006561279 22.8300018310547 22.7400016784668 22.6270008087158 22.5840015411377 22.5850009918213 22.4850006103516 22.2860012054443 22.0830001831055 22.0260009765625 21.9570007324219 22.0500011444092 22.1400012969971 22.1580009460449 22.0770015716553 21.9750003814697 21.8740005493164 21.6060009002686 21.6070003509521 21.4790000915527 21.3600006103516 21.1600017547607 21.0120010375977 20.568000793457 19.8500003814697 19.060001373291 18.0540008544922 16.9560012817383 -3.4e+38 -3.4e+38 -3.4e+38
21.6780014038086 21.9630012512207 22.1550006866455 22.5900001525879 22.6920013427734 23.0000019073486 23.3040008544922 23.5590019226074 23.6110019683838 23.613000869751 23.5290012359619 23.4670009613037 23.4570007324219 23.2800006866455 23.1450004577637 23.1870002746582 23.351001739502 23.4640007019043 23.3280010223389 23.1390018463135 23.0410003662109 22.943000793457 22.8570003509521 22.8200016021729 22.7820014953613 22.6430015563965 22.5920009613037 22.5290012359619 22.488000869751 22.3170013427734 22.1640014648438 22.0420017242432 21.9910011291504 22.0250015258789 22.0690002441406 22.0650005340576 21.9910011291504 21.8210010528564 21.621000289917 21.484001159668 21.4490013122559 21.3420009613037 21.2590007781982 21.0820007324219 20.7020015716553 20.117000579834 19.3250007629395 18.3770008087158 17.4520015716553 -3.4e+38 -3.4e+38 -3.4e+38 -3.4e+38
21.8350009918213 22.1880016326904 22.2540016174316 22.8470020294189 22.8950004577637 23.2880020141602 23.6540012359619 23.8940010070801 23.8840007781982 23.7280006408691 23.7680015563965 23.7370014190674 23.5660018920898 23.355001449585 23.2240009307861 23.1520004272461 23.2730007171631 23.3310012817383 23.2220020294189 23.1910018920898 23.105001449585 23.0080013275146 22.8790016174316 22.8340015411377 22.8000011444092 22.6870002746582 22.6250019073486 22.5380020141602 22.5300006866455 22.2840003967285 22.4160003662109 22.2900009155273 22.1550006866455 22.0700016021729 22.0050010681152 21.9460010528564 21.8450012207031 21.6710014343262 21.4480018615723 21.2310009002686 21.1790008544922 21.1940002441406 21.1450004577637 20.9580001831055 20.6510009765625 19.7940006256104 19.0069999694824 18.1030006408691 17.4560012817383 -3.4e+38 -3.4e+38 -3.4e+38 -3.4e+38
21.8480014801025 22.1530017852783 22.2930011749268 22.8300018310547 23.0570011138916 23.4320011138916 23.7680015563965 24.0110015869141 24.1440010070801 24.0570011138916 23.939001083374 23.8640003204346 23.5630016326904 23.3390007019043 23.2020015716553 23.1670017242432 23.1690006256104 23.1540012359619 23.113000869751 23.1500015258789 23.1700019836426 23.0440006256104 22.9180011749268 22.8320007324219 22.6860008239746 22.5830001831055 22.4540004730225 22.4870014190674 22.355001449585 22.1680011749268 22.3240013122559 22.2870006561279 22.1560001373291 21.9970016479492 21.9200019836426 21.7550010681152 21.6300010681152 21.4370002746582 21.2530002593994 21.0590019226074 20.9340019226074 20.8740005493164 20.8820018768311 20.7270011901855 20.2030010223389 19.5020008087158 18.7900009155273 18.0420017242432 -3.4e+38 -3.4e+38 -3.4e+38 -3.4e+38 -3.4e+38
21.9630012512207 22.1740016937256 22.3940010070801 22.5410003662109 22.9340019226074 23.2710018157959 23.5440006256104 23.7810020446777 23.9740009307861 23.9990005493164 23.9850006103516 23.7940006256104 23.5490016937256 23.3110008239746 23.1800003051758 23.1260013580322 23.0940017700195 23.0790004730225 23.1390018463135 23.2150001525879 23.2100009918213 23.1290016174316 23.0150012969971 22.806001663208 22.613000869751 22.4980010986328 22.4650001525879 22.4150009155273 22.2850017547607 22.0220012664795 22.1150016784668 22.0630016326904 21.9140014648438 21.7840003967285 21.6830005645752 21.5250015258789 21.3200016021729 21.0940017700195 20.9570007324219 20.7790012359619 20.6900005340576 20.5850009918213 20.6690006256104 20.4640007019043 19.7360000610352 19.2050018310547 18.4700012207031 17.5300006866455 -3.4e+38 -3.4e+38 -3.4e+38 -3.4e+38 -3.4e+38
22.2190017700195 22.3940010070801 22.5190010070801 22.6640014648438 22.8880004882812 23.2110004425049 23.4080009460449 23.5430011749268 23.6660003662109 23.7820014953613 23.7720012664795 23.6160011291504 23.480001449585 23.2920017242432 23.1580009460449 23.0940017700195 23.0670013427734 23.0710010528564 23.1370010375977 23.2590007781982 23.3450012207031 23.3950004577637 23.3050003051758 23.0360012054443 22.6900005340576 22.5300006866455 22.5090007781982 22.4190006256104 22.1370010375977 21.988000869751 21.7800006866455 21.5990009307861 21.496000289917 21.3870010375977 21.3370018005371 21.1990013122559 21.0310001373291 20.8020000457764 20.6500015258789 20.5540008544922 20.4240016937256 20.363000869751 20.2860012054443 20.0290012359619 19.3790016174316 18.8420009613037 17.9080009460449 -3.4e+38 -3.4e+38 -3.4e+38 -3.4e+38 -3.4e+38 -3.4e+38
22.3780002593994 22.5530014038086 22.6180019378662 22.8880004882812 22.9500007629395 23.1350002288818 23.2760009765625 23.3300018310547 23.3340015411377 23.3880004882812 23.5000019073486 23.4050006866455 23.318000793457 23.2670001983643 23.1710014343262 23.113000869751 23.1140003204346 23.1140003204346 23.1630020141602 23.2770004272461 23.4600009918213 23.6680011749268 23.6520004272461 23.3810005187988 22.8960018157959 22.6370010375977 22.5160007476807 22.1900005340576 21.9680004119873 21.6610012054443 21.2880001068115 21.0690002441406 21.0300006866455 20.9590015411377 20.976001739502 20.8490009307861 20.7620010375977 20.605001449585 20.5030002593994 20.3790016174316 20.2350006103516 20.0840015411377 19.8680000305176 19.4420013427734 18.867000579834 18.3110008239746 17.4490013122559 -3.4e+38 -3.4e+38 -3.4e+38 -3.4e+38 -3.4e+38 -3.4e+38
22.5060005187988 22.6260013580322 22.6480007171631 22.7400016784668 23.0540008544922 23.0050010681152 23.0040016174316 23.1260013580322 23.1220016479492 23.1450004577637 23.1800003051758 23.2570018768311 23.1860008239746 23.1700019836426 23.1060009002686 23.0950012207031 23.109001159668 23.117000579834 23.1290016174316 23.3240013122559 23.6640014648438 23.9250011444092 23.988000869751 23.726001739502 23.2730007171631 22.7960014343262 22.5230007171631 22.177001953125 21.8210010528564 21.359001159668 20.8280010223389 20.5430011749268 20.613000869751 20.726001739502 20.7870006561279 20.7720012664795 20.5860004425049 20.3800010681152 20.0840015411377 19.8930015563965 19.9600009918213 20.0300006866455 19.7840003967285 19.0540008544922 18.3070011138916 17.6530017852783 16.7400016784668 -3.4e+38 -3.4e+38 -3.4e+38 -3.4e+38 -3.4e+38 -3.4e+38
22.6190013885498 22.8000011444092 22.8000011444092 22.734001159668 22.9200019836426 22.8370018005371 22.9280014038086 22.9460010528564 22.9170017242432 22.94700050354 23.056001663208 23.07200050354 23.0570011138916 23.0200004577637 22.984001159668 22.9730014801025 23.0320014953613 23.0670013427734 23.1250019073486 23.3690013885498 23.6600017547607 24.0750007629395 24.1410007476807 23.935001373291 23.4850006103516 22.9560012817383 22.609001159668 22.201000213623 21.7080001831055 21.2400016784668 20.7450008392334 20.4290008544922 20.4830017089844 20.6920013427734 20.5940017700195 20.5930004119873 20.4460010528564 20.185001373291 19.7760009765625 19.6700000762939 19.9050006866455 19.8910007476807 19.2960014343262 18.4830017089844 17.6530017852783 16.7290000915527 16.2810001373291 -3.4e+38 -3.4e+38 -3.4e+38 -3.4e+38 -3.4e+38 -3.4e+38
22.7480010986328 22.7750015258789 22.7390003204346 22.6500015258789 22.7430019378662 22.746000289917 22.7830009460449 22.8070011138916 22.7670001983643 22.7800006866455 22.818000793457 22.8390007019043 22.9740009307861 22.9260005950928 22.9750003814697 22.984001159668 22.9590015411377 23.0280017852783 23.1350002288818 23.3360004425049 23.556001663208 23.7950019836426 23.9790019989014 23.8400020599365 23.4940013885498 23.0480003356934 22.5430011749268 22.2160015106201 21.8230018615723 21.4420013427734 21.0650005340576 20.8070011138916 20.7270011901855 20.826000213623 20.6700000762939 20.5300006866455 20.476001739502 20.2540016174316 19.9720001220703 19.7830009460449 19.7880001068115 19.6370010375977 18.6990013122559 17.6740016937256 16.7390003204346 16.1500015258789 -3.4e+38 -3.4e+38 -3.4e+38 -3.4e+38 -3.4e+38 -3.4e+38 -3.4e+38
22.5430011749268 22.57200050354 22.5620002746582 22.5150012969971 22.5540008544922 22.6040019989014 22.6290016174316 22.6160011291504 22.5330009460449 22.5270004272461 22.4990005493164 22.5590019226074 22.7500019073486 22.8250007629395 22.8650016784668 22.8450012207031 22.9230003356934 23.0490016937256 23.1120014190674 23.2320003509521 23.3750019073486 23.6340007781982 23.693000793457 23.5200004577637 23.1360015869141 22.9130020141602 22.5690002441406 22.2720012664795 21.9320011138916 21.6020011901855 21.2900009155273 21.1230010986328 20.9280014038086 20.8930015563965 20.7160015106201 20.5650005340576 20.5800018310547 20.4440002441406 20.2690010070801 20.0810012817383 19.6710014343262 19.2290000915527 18.0490016937256 16.8610000610352 16.1389999389648 -3.4e+38 -3.4e+38 -3.4e+38 -3.4e+38 -3.4e+38 -3.4e+38 -3.4e+38 -3.4e+38
22.2470016479492 22.2800006866455 22.3490009307861 22.3240013122559 22.3360004425049 22.4320011138916 22.4280014038086 22.4010009765625 22.3240013122559 22.3520011901855 22.326000213623 22.3500003814697 22.4610004425049 22.6900005340576 22.7450008392334 22.8340015411377 22.8910007476807 22.9940013885498 23.0790004730225 23.1600017547607 23.3010005950928 23.371000289917 23.2740001678467 23.1710014343262 23.0210018157959 22.7870006561279 22.5780010223389 22.3400001525879 22.0840015411377 21.7580013275146 21.4740009307861 21.2660007476807 21.121000289917 20.9830017089844 20.7490005493164 20.6670017242432 20.617000579834 20.4580001831055 20.2510013580322 19.9890003204346 19.2750015258789 18.3150005340576 17.1840000152588 16.2350006103516 -3.4e+38 -3.4e+38 -3.4e+38 -3.4e+38 -3.4e+38 -3.4e+38 -3.4e+38 -3.4e+38 -3.4e+38
22.0360012054443 21.9970016479492 22.0490016937256 22.1220016479492 22.1540012359619 22.3380012512207 22.355001449585 22.2590007781982 22.2090015411377 22.2230014801025 22.2160015106201 22.2490005493164 22.3490009307861 22.6400012969971 22.7190017700195 22.8910007476807 22.9220008850098 22.9940013885498 23.0380020141602 23.0500011444092 23.0830001831055 23.1200008392334 23.0630016326904 22.9730014801025 22.8660011291504 22.7640018463135 22.5330009460449 22.3170013427734 22.1460018157959 21.9190006256104 21.7500019073486 21.4290008544922 21.3110008239746 21.0070018768311 20.7400016784668 20.681001663208 20.5670013427734 20.4930000305176 20.3030014038086 19.8520011901855 18.9830017089844 17.8920001983643 16.7110004425049 16.1560001373291 -3.4e+38 -3.4e+38 -3.4e+38 -3.4e+38 -3.4e+38 -3.4e+38 -3.4e+38 -3.4e+38 -3.4e+38
21.7800006866455 21.7000007629395 21.7880001068115 21.9240016937256 22.064001083374 22.2910003662109 22.2750015258789 22.2390003204346 22.2040004730225 22.189001083374 22.185001373291 22.2360019683838 22.4150009155273 22.5850009918213 22.7520008087158 22.8700008392334 22.9110012054443 22.9460010528564 22.9550018310547 22.988000869751 22.9520015716553 22.939001083374 22.931001663208 22.8830013275146 22.7960014343262 22.6800003051758 22.5400009155273 22.3300018310547 22.1500015258789 22.0940017700195 21.9410018920898 21.5550003051758 21.3880004882812 21.0320014953613 20.8010005950928 20.6500015258789 20.5290012359619 20.4020004272461 20.2490005493164 19.7560005187988 18.9150009155273 17.5830001831055 16.4810009002686 16.1650009155273 -3.4e+38 -3.4e+38 -3.4e+38 -3.4e+38 -3.4e+38 -3.4e+38 -3.4e+38 -3.4e+38 -3.4e+38
21.6490001678467 21.7240009307861 21.7920017242432 21.9050006866455 22.1420001983643 22.2690010070801 22.3400001525879 22.3150005340576 22.3740005493164 22.3690013885498 22.3350009918213 22.4300003051758 22.5660018920898 22.7830009460449 22.9060001373291 22.8330001831055 22.9080009460449 22.9580001831055 22.9910011291504 22.9490013122559 22.9290008544922 22.9050006866455 22.871000289917 22.7910003662109 22.7280006408691 22.6950016021729 22.5740013122559 22.3700008392334 22.2290019989014 22.1120014190674 21.935001373291 21.5730018615723 21.355001449585 20.9740009307861 20.8150005340576 20.6330013275146 20.4740009307861 20.371000289917 20.0590000152588 19.4590015411377 18.6310005187988 17.4450016021729 16.4630012512207 16.1770000457764 -3.4e+38 -3.4e+38 -3.4e+38 -3.4e+38 -3.4e+38 -3.4e+38 -3.4e+38 -3.4e+38 -3.4e+38
21.8890018463135 21.9050006866455 21.8780002593994 21.9870014190674 22.2690010070801 22.3750019073486 22.4040012359619 22.4530010223389 22.6250019073486 22.564001083374 22.4940013885498 22.5570011138916 22.7230014801025 22.8930015563965 23.0170001983643 23.0500011444092 22.9230003356934 23.0020008087158 23.0710010528564 23.0000019073486 22.9990005493164 22.9750003814697 22.9120006561279 22.8200016021729 22.8200016021729 22.7900009155273 22.6590003967285 22.4330005645752 22.2500019073486 22.0580005645752 21.7950019836426 21.443000793457 21.1570014953613 20.9190006256104 20.7060012817383 20.5870018005371 20.4900016784668 20.367000579834 20.0490016937256 19.4360008239746 18.7350006103516 17.4060001373291 16.4600009918213 16.2690010070801 -3.4e+38 -3.4e+38 -3.4e+38 -3.4e+38 -3.4e+38 -3.4e+38 -3.4e+38 -3.4e+38 -3.4e+38
22.3640003204346 22.2750015258789 22.1390018463135 22.2610015869141 22.4680004119873 22.5190010070801 22.6030006408691 22.6570014953613 22.7290019989014 22.6640014648438 22.5820007324219 22.6310005187988 22.7550010681152 22.9370002746582 22.9750003814697 23.0620002746582 23.0450019836426 23.0630016326904 23.1120014190674 23.0790004730225 23.0290012359619 22.9790019989014 22.943000793457 22.9090003967285 22.8920001983643 22.8460006713867 22.7510013580322 22.5020008087158 22.2930011749268 22.101001739502 21.8520011901855 21.5000019073486 21.2430019378662 20.9630012512207 20.7320003509521 20.6290016174316 20.4300003051758 20.2770004272461 20.0460014343262 19.6570014953613 18.8470001220703 17.4040012359619 16.3450012207031 16.2170009613037 -3.4e+38 -3.4e+38 -3.4e+38 -3.4e+38 -3.4e+38 -3.4e+38 -3.4e+38 -3.4e+38 -3.4e+38
22.8490009307861 22.7560005187988 22.681001663208 22.6150016784668 22.6480007171631 22.6910018920898 22.7390003204346 22.7390003204346 22.7250003814697 22.6960010528564 22.5890007019043 22.6200008392334 22.7610015869141 22.9140014648438 23.0090007781982 23.1140003204346 23.060001373291 23.0400009155273 23.0390014648438 23.0670013427734 23.0870018005371 23.0750007629395 23.0060005187988 22.9550018310547 22.9140014648438 22.8730010986328 22.8930015563965 22.681001663208 22.4450016021729 22.2550010681152 21.9120006561279 21.5420017242432 21.2430019378662 20.94700050354 20.7100009918213 20.5840015411377 20.3700008392334 20.2150001525879 19.9790000915527 19.4200000762939 18.5610008239746 17.056001663208 16.2390003204346 -3.4e+38 -3.4e+38 -3.4e+38 -3.4e+38 -3.4e+38 -3.4e+38 -3.4e+38 -3.4e+38 -3.4e+38 -3.4e+38
23.5440006256104 23.4110012054443 23.1860008239746 22.9460010528564 22.863000869751 22.7940006256104 22.7620010375977 22.6920013427734 22.7630004882812 22.6940002441406 22.5840015411377 22.6270008087158 22.7180004119873 22.8390007019043 22.9290008544922 22.992000579834 22.984001159668 22.9400005340576 22.976001739502 22.976001739502 23.1000003814697 23.0840015411377 22.9290008544922 22.8820018768311 22.9700012207031 23.0390014648438 23.1100006103516 22.8930015563965 22.6520004272461 22.4200019836426 21.9590015411377 21.6000003814697 21.246000289917 20.9000015258789 20.6140003204346 20.3870010375977 20.2020015716553 20.1280002593994 19.826000213623 19.2100009918213 18.1530017852783 16.7709999084473 16.2440013885498 -3.4e+38 -3.4e+38 -3.4e+38 -3.4e+38 -3.4e+38 -3.4e+38 -3.4e+38 -3.4e+38 -3.4e+38 -3.4e+38
24.3760013580322 23.9480018615723 23.5440006256104 23.1540012359619 23.1160011291504 22.8690013885498 22.7110004425049 22.6600017547607 22.6990013122559 22.6860008239746 22.6690006256104 22.7200012207031 22.6940002441406 22.7540016174316 22.8970012664795 22.9740009307861 22.9710006713867 23.0240001678467 22.996000289917 22.9190006256104 22.9750003814697 22.9460010528564 22.9020004272461 22.9410018920898 23.1020011901855 23.1620006561279 23.2060012817383 23.0540008544922 22.8790016174316 22.4950008392334 22.1640014648438 21.6000003814697 21.0800018310547 20.7650012969971 20.5390014648438 20.3030014038086 20.1220016479492 19.9690017700195 19.6790008544922 19.109001159668 17.9970016479492 16.5390014648438 16.1560001373291 -3.4e+38 -3.4e+38 -3.4e+38 -3.4e+38 -3.4e+38 -3.4e+38 -3.4e+38 -3.4e+38 -3.4e+38 -3.4e+38
24.5140018463135 23.9690017700195 23.5140018463135 23.0990009307861 23.0980014801025 22.7480010986328 22.6750011444092 22.6550006866455 22.6040019989014 22.5730018615723 22.6580009460449 22.7000007629395 22.7280006408691 22.7960014343262 22.8450012207031 22.9380016326904 22.9610004425049 23.0880012512207 23.0280017852783 22.8660011291504 22.8070011138916 22.8110008239746 22.8740005493164 22.984001159668 23.1640014648438 23.2150001525879 23.2850017547607 23.0780010223389 22.8350009918213 22.6450004577637 22.2120018005371 21.6640014648438 21.234001159668 20.863000869751 20.5860004425049 20.3990001678467 20.2230014801025 19.9250011444092 19.5570011138916 18.9500007629395 17.7720012664795 16.3310012817383 16.1389999389648 -3.4e+38 -3.4e+38 -3.4e+38 -3.4e+38 -3.4e+38 -3.4e+38 -3.4e+38 -3.4e+38 -3.4e+38 -3.4e+38
23.9290008544922 23.693000793457 23.3900012969971 22.9530010223389 22.9200019836426 22.6070003509521 22.5850009918213 22.480001449585 22.4260005950928 22.3620014190674 22.4530010223389 22.5260009765625 22.5960006713867 22.69700050354 22.7720012664795 22.8380012512207 22.951000213623 22.9690017700195 22.8540019989014 22.7240009307861 22.6650009155273 22.6900005340576 22.7880020141602 22.9540004730225 23.0970020294189 23.1790008544922 23.2690010070801 23.0190010070801 22.7750015258789 22.6140003204346 22.2920017242432 21.6710014343262 21.226001739502 20.9860000610352 20.6800003051758 20.5100002288818 20.4150009155273 20.1100006103516 19.6330013275146 18.8229999542236 17.4619998931885 16.4280014038086 16.1370010375977 -3.4e+38 -3.4e+38 -3.4e+38 -3.4e+38 -3.4e+38 -3.4e+38 -3.4e+38 -3.4e+38 -3.4e+38 -3.4e+38
23.5110015869141 23.2800006866455 23.0310020446777 22.8240013122559 22.7030010223389 22.4100017547607 22.3650016784668 22.2940006256104 22.2640018463135 22.2160015106201 22.302001953125 22.4150009155273 22.4590015411377 22.5200004577637 22.609001159668 22.7530002593994 22.7940006256104 22.8200016021729 22.7920017242432 22.6570014953613 22.5570011138916 22.5690002441406 22.5670013427734 22.6860008239746 22.867000579834 22.9690017700195 23.1190013885498 22.9650001525879 22.5240001678467 22.3430004119873 22.0840015411377 21.601001739502 21.201000213623 20.943000793457 20.6690006256104 20.4860000610352 20.3150005340576 20.1920013427734 19.7650012969971 19.1340007781982 17.9680004119873 16.57200050354 16.2540016174316 -3.4e+38 -3.4e+38 -3.4e+38 -3.4e+38 -3.4e+38 -3.4e+38 -3.4e+38 -3.4e+38 -3.4e+38 -3.4e+38
23.0490016937256 22.7600002288818 22.6500015258789 22.6340007781982 22.3270015716553 22.1150016784668 22.0370006561279 21.9740009307861 22.0370006561279 22.056001663208 22.1410007476807 22.2610015869141 22.3420009613037 22.4620018005371 22.6000003814697 22.6300010681152 22.7030010223389 22.7680015563965 22.6350002288818 22.4910011291504 22.4120006561279 22.3570003509521 22.3610019683838 22.4290008544922 22.6110019683838 22.6670017242432 22.6420001983643 22.4230003356934 22.1110019683838 21.943000793457 21.7280006408691 21.435001373291 21.0980014801025 20.859001159668 20.560001373291 20.3490009307861 20.2230014801025 20.1200008392334 19.7730007171631 19.2230014801025 18.1319999694824 16.8460006713867 16.3299999237061 -3.4e+38 -3.4e+38 -3.4e+38 -3.4e+38 -3.4e+38 -3.4e+38 -3.4e+38 -3.4e+38 -3.4e+38 -3.4e+38
