layers/vpdmax9.asc
NCOLS 292 
NROWS 291 
XLLCORNER -87.6458333327872 
YLLCORNER 24.4791666666667 
CELLSIZE 0.0416666666669039 
NODATA_value -3.4e+38 
[rows 24 to 47 of 291, columns 106 to 158 of 292]
8.57800006866455 7.62900018692017 9.30500030517578 8.35100078582764 10.4370002746582 11.9410009384155 12.2850008010864 11.3680009841919 10.3050003051758 10.7160005569458 10.0140008926392 10.6320009231567 11.0960006713867 10.8340005874634 11.1040000915527 11.0250005722046 10.4890003204346 10.6190004348755 10.5990009307861 10.2440004348755 9.0600004196167 9.19900035858154 9.57400035858154 11.0530004501343 12.5850009918213 13.0900001525879 12.3600006103516 12.206000328064 13.7100009918213 13.5430002212524 13.2940006256104 13.5060005187988 13.7160005569458 13.3340005874634 11.8010005950928 12.1540002822876 11.7510004043579 11.8080005645752 12.4860010147095 13.4500007629395 13.5650005340576 13.5370006561279 13.3290004730225 13.4860010147095 13.5500001907349 14.2630004882812 14.6450004577637 14.6060009002686 14.4950008392334 14.1390008926392 13.8050003051758 13.6740007400513 14.2970008850098
10.16100025177 8.14400005340576 7.90200042724609 8.32600021362305 10.9860000610352 11.6740007400513 12.4350004196167 12.278000831604 12.0960006713867 11.7190008163452 11.0050001144409 11.4500007629395 11.5050001144409 11.4400005340576 11.3050003051758 11.1830005645752 10.6990003585815 10.3380002975464 9.85400009155273 10.3690004348755 10.0800008773804 9.47000026702881 9.45300006866455 10.2240009307861 11.077000617981 11.5030002593994 12.0540008544922 13.7790002822876 12.6590003967285 13.1460008621216 13.7350006103516 13.1400003433228 13.3210010528564 13.4890003204346 13.4820003509521 13.5040006637573 13.5560007095337 12.9320001602173 13.568000793457 13.5470008850098 13.8490009307861 13.6050004959106 13.7690010070801 13.903000831604 13.8600006103516 14.3150005340576 14.6650009155273 14.6600008010864 14.3910007476807 14.1500005722046 14.0700006484985 14.2190008163452 14.3350009918213
8.95100021362305 8.42800045013428 8.88500022888184 9.64200019836426 9.5290002822876 12.0190010070801 12.5250005722046 11.4270009994507 11.9950008392334 11.4400005340576 10.4790000915527 11.3540000915527 11.3690004348755 10.7690000534058 10.951000213623 11.2880001068115 10.8200006484985 10.2270002365112 10.496000289917 11.0210008621216 10.4340009689331 8.39000034332275 10.2940006256104 9.98400020599365 10.6150007247925 13.0340003967285 14.0370006561279 14.0190010070801 13.5450010299683 14.2560005187988 14.2880010604858 14.149001121521 14.238000869751 13.2490005493164 13.5490007400513 13.6700010299683 13.8420009613037 14.0530004501343 14.0030002593994 14.0710010528564 14.189001083374 14.0340003967285 13.907000541687 14.0200004577637 14.1320009231567 14.4540004730225 14.6400003433228 14.6580009460449 14.2550010681152 14.6100006103516 14.5710010528564 14.6790008544922 14.5870008468628
9.99400043487549 8.30400085449219 7.72600030899048 9.15000057220459 11.3190002441406 11.8330001831055 9.85400009155273 11.7160005569458 11.613000869751 10.8480005264282 9.71200084686279 10.7880001068115 10.0100002288818 10.1410007476807 10.613000869751 11.2040004730225 11.2320003509521 11.0350008010864 10.9990005493164 10.568000793457 8.9060001373291 9.5890007019043 11.4840002059937 10.0420007705688 12.8770008087158 13.7050008773804 14.1990003585815 14.3700008392334 14.3690004348755 14.3110008239746 14.4260005950928 14.5490007400513 14.5330009460449 14.0290002822876 13.8330001831055 13.621000289917 14.0440006256104 14.1900005340576 14.2520008087158 14.3130006790161 14.2200002670288 14.1730003356934 14.0250005722046 14.0450010299683 14.1580009460449 14.3020009994507 14.4060010910034 14.5900011062622 14.4160003662109 14.528000831604 14.6730003356934 14.3150005340576 14.5660009384155
10.443000793457 11.3240003585815 11.0110006332397 9.84500026702881 8.34500026702881 9.85300064086914 8.57200050354004 10.8300008773804 8.37400054931641 8.97800064086914 9.39700031280518 7.72700023651123 9.79900074005127 10.657000541687 10.7620000839233 11.3990001678467 11.7540006637573 11.5020008087158 10.9690008163452 10.5540008544922 10.7850008010864 11.1050004959106 10.6010007858276 11.4440002441406 13.8690004348755 14.4550008773804 14.7960004806519 14.7520008087158 14.6120004653931 14.5440006256104 14.4490003585815 14.4950008392334 14.6520004272461 14.5540008544922 13.8230009078979 13.7830009460449 14.1740007400513 14.2090005874634 13.9300003051758 14.1840009689331 14.2230005264282 13.9810009002686 14.113000869751 13.9280004501343 14.3320007324219 14.2760009765625 14.3810005187988 14.5600004196167 14.5760011672974 14.4590005874634 14.189001083374 14.4990005493164 14.5490007400513
13.1490001678467 11.6960000991821 9.68400001525879 8.3390007019043 7.8870005607605 7.55900049209595 8.79700088500977 8.58700084686279 7.78500032424927 8.05300045013428 8.25699996948242 9.69700050354004 9.73100090026855 10.5270004272461 11.1080007553101 11.5860004425049 11.9610004425049 11.9940004348755 11.8050003051758 11.7390003204346 11.6300001144409 11.4630002975464 10.2240009307861 11.9180002212524 14.2190008163452 14.4740009307861 14.6680002212524 14.8750009536743 14.7700004577637 14.6340007781982 14.3950004577637 14.4650011062622 14.702000617981 14.6750011444092 14.4590005874634 14.4820003509521 14.5630006790161 14.3820009231567 14.3400011062622 14.3660011291504 14.4140005111694 14.1680002212524 14.0500001907349 14.0780010223389 13.9820003509521 14.0580005645752 14.1240005493164 14.0490007400513 14.4270009994507 14.5090007781982 14.3090009689331 14.2930002212524 14.4550008773804
13.2910003662109 12.2330007553101 10.2760000228882 9.4660005569458 9.49400043487549 8.0580005645752 7.36400032043457 7.33200025558472 6.92200040817261 7.49900054931641 9.72400093078613 9.89800071716309 10.2680006027222 10.8500003814697 11.4680004119873 11.7590007781982 11.7340002059937 11.9870004653931 12.4990005493164 12.0930004119873 11.907000541687 11.9320001602173 12.0790004730225 14.5570011138916 14.7680006027222 14.8680009841919 14.943000793457 15.0250005722046 14.9040002822876 14.7950010299683 14.57200050354 14.1960010528564 14.4100008010864 14.782000541687 14.6440010070801 14.4350004196167 14.7280006408691 14.4600009918213 14.3650007247925 14.41100025177 14.4310007095337 14.2970008850098 14.4190006256104 14.314001083374 14.1840009689331 14.0990009307861 14.1550006866455 14.0990009307861 14.274001121521 14.3850002288818 14.5200004577637 14.318000793457 14.5010004043579
11.6990003585815 12.8110008239746 12.3580007553101 11.2100009918213 8.54900074005127 7.49300050735474 7.33900022506714 7.16900014877319 7.55200052261353 9.92800045013428 10.6540002822876 10.8620004653931 10.9770002365112 11.2450008392334 11.6580009460449 11.7220001220703 11.7750005722046 11.9220008850098 12.4200010299683 12.2300004959106 12.2580003738403 12.3240003585815 13.6330003738403 13.1900005340576 12.9040002822876 14.5110006332397 14.9250011444092 14.8770008087158 14.8800010681152 14.818000793457 14.4580011367798 14.3410005569458 14.6400003433228 14.6000003814697 14.7490005493164 14.4970006942749 14.5170011520386 14.4640007019043 14.3810005187988 14.4090003967285 14.3490009307861 14.3550004959106 14.4770002365112 14.3900003433228 14.2840003967285 14.1950006484985 14.1580009460449 14.242000579834 14.4650011062622 14.4870004653931 14.4040002822876 14.4180002212524 14.4930009841919
10.2670001983643 10.1390008926392 12.1450004577637 11.5500001907349 10.028000831604 8.62900066375732 8.05900001525879 7.92400026321411 9.45500087738037 9.85100078582764 9.53299999237061 10.9570007324219 11.7370004653931 11.5250005722046 11.5830001831055 11.1760005950928 11.3660001754761 11.693000793457 11.5790004730225 12.0150003433228 12.3970003128052 12.6040010452271 12.6070003509521 13.371000289917 14.3000011444092 14.5850009918213 14.3850002288818 14.5440006256104 14.8010005950928 14.7610006332397 14.8810005187988 14.6240005493164 14.8870010375977 14.7140007019043 15.0530004501343 14.7970008850098 14.7400007247925 14.4830007553101 14.5120010375977 14.4940004348755 14.4340009689331 14.4060010910034 14.5940008163452 14.4690008163452 14.3790006637573 14.2130002975464 14.2620010375977 14.3950004577637 14.4210004806519 14.4540004730225 14.4780006408691 14.6200008392334 14.4770002365112
8.48500061035156 9.778000831604 9.58000087738037 8.53500080108643 9.42400074005127 9.22000026702881 8.66000080108643 9.80100059509277 10.4200000762939 9.94700050354004 11.0190000534058 11.5100002288818 11.3320007324219 10.6880006790161 11.2610006332397 10.5550003051758 9.78500080108643 11.3600006103516 12.0150003433228 12.0180006027222 12.153000831604 12.2900009155273 12.2100009918213 14.2190008163452 14.6590003967285 14.8960008621216 14.6770009994507 14.8150005340576 14.5050010681152 14.3250007629395 14.4400005340576 14.8860006332397 15.1010007858276 14.9950008392334 15.0880002975464 14.9570007324219 14.7600002288818 14.6160011291504 14.5780010223389 14.4580011367798 14.3880004882812 14.5920009613037 14.6560010910034 14.496000289917 14.4230003356934 14.4250011444092 14.3200006484985 14.3860006332397 14.5100002288818 14.3940010070801 14.5390005111694 14.5100002288818 14.4760007858276
8.17199993133545 8.53000068664551 8.67600059509277 7.52200031280518 7.6370005607605 7.67400026321411 8.66499996185303 9.77500057220459 10.3240003585815 11.1050004959106 11.6450004577637 11.0610008239746 10.0270004272461 9.77000045776367 10.4210004806519 10.0590000152588 9.9970006942749 11.242000579834 11.867000579834 12.451000213623 12.9650001525879 11.7220001220703 11.7450008392334 13.9850006103516 14.4180002212524 14.5490007400513 14.4800004959106 14.5190010070801 14.7880010604858 14.5300006866455 14.4780006408691 14.3820009231567 14.4650011062622 14.5490007400513 14.6110010147095 14.5410003662109 14.5040006637573 14.5400009155273 14.6580009460449 14.5540008544922 14.6010007858276 14.7350006103516 14.5520009994507 14.4400005340576 14.3940010070801 14.4480009078979 14.4760007858276 14.4150009155273 14.524001121521 14.5120010375977 14.4830007553101 14.5430002212524 14.5790004730225
8.32700061798096 8.17800045013428 8.26100063323975 8.48400020599365 8.7480001449585 8.45900058746338 9.02400016784668 10.0380001068115 10.8060007095337 11.2430009841919 11.1160001754761 10.5930004119873 9.57700061798096 9.20400047302246 9.71500015258789 11.1620006561279 13.3590002059937 13.1550006866455 13.5520009994507 13.452000617981 13.1400003433228 13.1390008926392 13.8050003051758 14.1950006484985 14.3150005340576 14.4630002975464 14.5180006027222 14.4810009002686 14.6350002288818 14.6760005950928 14.5450010299683 14.6350002288818 14.7000007629395 14.3840007781982 14.2510004043579 14.3620004653931 14.5340003967285 14.5630006790161 14.657000541687 14.8060007095337 14.7290010452271 14.6060009002686 14.5100002288818 14.456000328064 14.3950004577637 14.5140008926392 14.5170011520386 14.3450002670288 14.4100008010864 14.5440006256104 14.6660003662109 14.7140007019043 14.6750011444092
8.23099994659424 7.84000015258789 8.86100006103516 8.54500007629395 7.98600053787231 8.92600059509277 10.2490005493164 11.9910001754761 12.1850004196167 10.3400001525879 10.0950002670288 9.94000053405762 10.4200000762939 12.0940008163452 12.6730003356934 12.9940004348755 13.456000328064 13.5050010681152 13.653000831604 13.5340003967285 13.8450002670288 13.9210004806519 13.8400011062622 13.9400005340576 13.9570007324219 14.0820007324219 14.2880010604858 14.1370010375977 14.2690010070801 14.3440008163452 14.28600025177 14.4610004425049 14.7690010070801 14.451000213623 14.403000831604 14.657000541687 14.6790008544922 14.6730003356934 14.6730003356934 14.7000007629395 14.6830005645752 14.5990009307861 14.6360006332397 14.6000003814697 14.5310010910034 14.5300006866455 14.5100002288818 14.5230007171631 14.5480003356934 14.609001159668 14.5900011062622 14.7630004882812 14.782000541687
8.92300033569336 9.375 9.53200054168701 8.54400062561035 8.53800010681152 9.98600006103516 12.278000831604 13.6770009994507 12.66100025177 12.1880006790161 11.3920001983643 10.4340009689331 12.282000541687 13.5460004806519 13.6620006561279 13.6840009689331 13.5740003585815 13.7520008087158 13.7520008087158 13.6250009536743 13.7670001983643 13.9530010223389 13.8640003204346 13.7710008621216 13.9130010604858 13.9120006561279 13.8690004348755 14.1090002059937 14.3680009841919 14.3450002670288 14.3050003051758 14.2770004272461 14.6060009002686 14.5870008468628 14.4180002212524 14.6810007095337 14.8920011520386 14.6840009689331 14.5070009231567 14.443000793457 14.6590003967285 14.7990007400513 14.693000793457 14.5340003967285 14.6000003814697 14.6220006942749 14.5120010375977 14.4830007553101 14.5440006256104 14.5920009613037 14.7700004577637 14.9800004959106 14.9770002365112
11.2290000915527 10.4970006942749 9.65100002288818 9.42000007629395 10.0350008010864 12.4190006256104 12.9680004119873 13.8730010986328 13.238000869751 13.8650007247925 13.3790006637573 13.9180002212524 14.0040006637573 13.8870010375977 13.8650007247925 13.8380002975464 13.8350009918213 13.8720006942749 13.7720003128052 13.8130006790161 13.8970003128052 14.0000009536743 13.952000617981 13.8970003128052 14.0310010910034 14.1250009536743 14.1740007400513 14.1390008926392 14.1020002365112 14.2210006713867 14.484001159668 14.451000213623 14.6720008850098 14.9830007553101 14.8130006790161 14.984001159668 15.1700010299683 14.7990007400513 14.7210006713867 14.7600002288818 14.6950006484985 14.7660007476807 14.6860008239746 14.5990009307861 14.7280006408691 14.613000869751 14.5140008926392 14.5350008010864 14.6840009689331 14.6870002746582 14.8070011138916 14.9700002670288 15.1400003433228
12.2800006866455 11.1920003890991 10.835000038147 10.4140005111694 12.44700050354 13.0550003051758 13.9000005722046 14.7390003204346 14.9210004806519 14.4750003814697 13.8390007019043 14.2630004882812 14.0550003051758 13.8780002593994 13.7830009460449 13.9850006103516 14.0500001907349 13.9290008544922 13.907000541687 13.6110010147095 13.8530006408691 14.0150003433228 13.9150009155273 14.0000009536743 14.3100004196167 14.2770004272461 14.1600008010864 14.3890008926392 14.2580003738403 14.3050003051758 14.4080009460449 14.746000289917 14.939001083374 14.9980010986328 15.3790006637573 15.077000617981 15.0570011138916 15.2130002975464 15.1060009002686 14.9670009613037 14.9760007858276 15.0150003433228 14.8260011672974 14.7850008010864 14.9450006484985 14.7790002822876 14.746000289917 14.6270008087158 14.8350009918213 14.9990005493164 15.0690002441406 15.1590003967285 15.2400007247925
12.3060007095337 12.4550008773804 11.5350008010864 13.3100004196167 14.2770004272461 14.4700002670288 14.3170003890991 15.0100011825562 14.8820009231567 14.8390007019043 14.439001083374 14.5990009307861 14.1920003890991 14.0080003738403 14.0100002288818 14.0350008010864 14.2130002975464 14.2170009613037 14.1080007553101 13.6960010528564 13.6350002288818 14.0950002670288 14.3380002975464 14.1600008010864 14.1440010070801 14.2260007858276 14.4600009918213 14.5500011444092 14.6540002822876 14.3300008773804 14.5540008544922 15.1050004959106 14.8090009689331 14.8830003738403 15.0600004196167 15.1870002746582 15.5260009765625 15.2770004272461 15.0670003890991 15.1680011749268 15.1440010070801 15.2530002593994 15.1850004196167 15.1110010147095 14.984001159668 15.0710010528564 15.0780010223389 15.0220003128052 14.8490009307861 15.1040010452271 15.2400007247925 15.4040002822876 15.3840007781982
12.746000289917 12.6150007247925 12.5310001373291 13.6450004577637 14.649001121521 14.7940006256104 14.78600025177 15.0520009994507 15.234001159668 14.9170007705688 14.5740003585815 14.827000617981 14.4940004348755 14.2650003433228 14.0650005340576 14.1150007247925 14.2280006408691 14.2360010147095 13.956000328064 14.0520009994507 14.0590009689331 14.0600004196167 14.2240009307861 14.4620008468628 14.3400011062622 14.3570003509521 14.4410009384155 14.8840007781982 14.9020004272461 15.2950010299683 14.8020009994507 15.1100006103516 15.1370010375977 15.1390008926392 14.9930009841919 14.9440002441406 15.1700010299683 15.3820009231567 15.4600009918213 15.3150005340576 15.4010009765625 15.318000793457 15.4200010299683 15.1410007476807 14.9670009613037 15.456000328064 15.3360004425049 14.8840007781982 14.8790006637573 15.1690006256104 15.3520011901855 15.5170011520386 15.4010009765625
12.7990007400513 13.064001083374 12.6050004959106 14.0750007629395 14.6460008621216 14.9050006866455 15.1270008087158 15.2050008773804 15.2250003814697 14.8790006637573 14.7700004577637 15.0800008773804 14.738000869751 14.5190010070801 14.2350006103516 14.1020002365112 14.1050004959106 14.3850002288818 14.1510009765625 14.149001121521 14.2300004959106 14.1070003509521 14.1100006103516 14.3150005340576 14.7300004959106 14.7390003204346 14.6640005111694 14.9550008773804 15.3050003051758 15.0760011672974 15.0030002593994 14.4200010299683 14.5080003738403 15.0850009918213 15.5500011444092 15.4760007858276 15.2610006332397 15.0200004577637 14.9260005950928 14.8500003814697 14.9000005722046 15.2700004577637 15.5430011749268 15.2530002593994 15.5200004577637 15.5470008850098 15.1950006484985 14.7280006408691 14.9480009078979 15.2370004653931 15.4580011367798 15.4090003967285 15.2800006866455
13.3280010223389 12.8810005187988 13.8850002288818 14.6030006408691 14.8190002441406 14.8760004043579 15.068000793457 15.331000328064 15.4380006790161 15.032000541687 15.0670003890991 15.1050004959106 14.8400011062622 14.617000579834 14.5220003128052 14.4190006256104 14.4010009765625 14.3280010223389 14.4280004501343 14.2520008087158 14.4230003356934 14.2470006942749 14.278000831604 14.5670003890991 14.8470010757446 14.9850006103516 14.7550010681152 14.7260007858276 15.1390008926392 15.32200050354 15.2890005111694 14.6380004882812 14.9750003814697 14.9690008163452 15.1580009460449 15.3650007247925 15.5730009078979 15.0570011138916 15.0070009231567 15.024001121521 14.9310007095337 15.2680006027222 15.6900005340576 15.7810010910034 15.6760005950928 15.2350006103516 14.6850004196167 14.6540002822876 14.6640005111694 15.0080003738403 15.2800006866455 15.2720003128052 15.4240007400513
14.1780004501343 14.0700006484985 14.6760005950928 14.8460006713867 14.8620004653931 15.0040006637573 15.2560005187988 15.3650007247925 15.2300004959106 15.0290002822876 15.2770004272461 15.0470008850098 14.9320011138916 14.7230005264282 14.8060007095337 14.5570011138916 14.5780010223389 14.7800006866455 14.7670011520386 14.5850009918213 14.2840003967285 14.5450010299683 14.2030010223389 14.4320011138916 14.4490003585815 14.5860004425049 14.9990005493164 15.3280010223389 15.0160007476807 15.0740003585815 15.2910003662109 15.484001159668 15.4790010452271 15.3250007629395 15.1030006408691 15.2350006103516 15.5730009078979 15.0400009155273 15.0970010757446 15.5060005187988 15.6790008544922 15.9300003051758 15.8370008468628 15.5390005111694 15.2940006256104 15.0400009155273 14.9440002441406 15.0290002822876 14.9810009002686 15.0590009689331 15.0310010910034 14.9010009765625 14.8890008926392
14.7810010910034 15.1280002593994 14.9930009841919 15.0340003967285 15.03600025177 14.9900007247925 15.1680011749268 15.0840005874634 15.371000289917 15.4630002975464 15.2030010223389 15.1500005722046 14.8790006637573 14.734001159668 14.9130010604858 14.5330009460449 14.7370004653931 14.8440008163452 15.0840005874634 14.9450006484985 14.7120008468628 14.9490003585815 14.7990007400513 14.3800010681152 14.4940004348755 14.9090003967285 15.4290008544922 15.6510009765625 15.4850006103516 15.1740007400513 15.1140003204346 15.2980003356934 15.6770009994507 15.6290006637573 15.3960008621216 15.4450006484985 15.609001159668 15.3900003433228 15.1000003814697 15.1830005645752 15.5340003967285 15.7120008468628 15.8850011825562 15.4510011672974 15.3680009841919 15.3810005187988 15.617000579834 15.5790004730225 15.2440004348755 15.3290004730225 15.3790006637573 15.3360004425049 15.3000011444092
15.19700050354 15.3530006408691 15.1000003814697 14.9510011672974 15.0930004119873 15.0490007400513 14.9690008163452 15.0700006484985 15.2370004653931 15.2830009460449 15.2940006256104 15.0900011062622 15.0310010910034 14.9220008850098 15.0170011520386 14.867000579834 14.7430009841919 14.9990005493164 15.4180011749268 15.1720008850098 15.0750007629395 15.3880004882812 15.2040004730225 14.7390003204346 14.5900011062622 14.7500009536743 15.1940011978149 15.153000831604 15.5950002670288 15.7250003814697 15.5210008621216 15.024001121521 14.9890003204346 15.3100004196167 15.5450010299683 15.5630006790161 15.4860010147095 15.6860008239746 15.2290010452271 15.5090007781982 15.4950008392334 15.8170003890991 16.0690002441406 15.5230007171631 15.8260011672974 15.9580011367798 15.8980007171631 15.6400003433228 15.206000328064 15.064001083374 15.1740007400513 15.3300008773804 15.3840007781982
15.1750011444092 15.1370010375977 14.9990005493164 15.0910005569458 15.0220003128052 15.1020011901855 15.2700004577637 15.2090005874634 15.3430004119873 15.2990007400513 15.1670007705688 15.0490007400513 14.9100008010864 14.9190006256104 15.1730003356934 15.1440010070801 15.0110006332397 15.0210008621216 15.6120004653931 15.5560007095337 15.2690010070801 15.3650007247925 15.4820003509521 15.028000831604 14.7980003356934 15.0110006332397 14.6810007095337 15.1710004806519 15.3210010528564 15.496000289917 15.5840005874634 15.6020011901855 15.4380006790161 15.3070011138916 15.1560010910034 15.1510009765625 15.3870010375977 15.6470003128052 15.7950010299683 15.782000541687 15.5750007629395 15.5090007781982 15.7090005874634 16.2980003356934 16.1290016174316 16.1550006866455 15.8830003738403 15.6020011901855 15.1950006484985 14.9300003051758 14.9940004348755 15.0850009918213 15.2660007476807
