layers/vpdmin11.asc
NCOLS 292 
NROWS 291 
XLLCORNER -87.6458333327872 
YLLCORNER 24.4791666666667 
CELLSIZE 0.0416666666669039 
NODATA_value -3.4e+38 
[rows 0 to 22 of 291, columns 212 to 264 of 292]
-3.4e+38 -3.4e+38 -3.4e+38 -3.4e+38 -3.4e+38 -3.4e+38 -3.4e+38 -3.4e+38 -3.4e+38 -3.4e+38 -3.4e+38 -3.4e+38 -3.4e+38 -3.4e+38 -3.4e+38 -3.4e+38 -3.4e+38 -3.4e+38 -3.4e+38 -3.4e+38 -3.4e+38 -3.4e+38 -3.4e+38 -3.4e+38 -3.4e+38 -3.4e+38 -3.4e+38 -3.4e+38 -3.4e+38 -3.4e+38 -3.4e+38 -3.4e+38 -3.4e+38 -3.4e+38 -3.4e+38 -3.4e+38 -3.4e+38 -3.4e+38 -3.4e+38 -3.4e+38 -3.4e+38 -3.4e+38 -3.4e+38 -3.4e+38 -3.4e+38 -3.4e+38 -3.4e+38 -3.4e+38 -3.4e+38 -3.4e+38 -3.4e+38 -3.4e+38 -3.4e+38
0.758000016212463 -3.4e+38 -3.4e+38 -3.4e+38 -3.4e+38 -3.4e+38 -3.4e+38 -3.4e+38 -3.4e+38 1.03200006484985 1.07800006866455 1.13300001621246 1.14800000190735 1.08700001239777 1.03000009059906 0.965000033378601 0.892000019550323 0.817000031471252 0.798000037670135 0.784000039100647 0.755000054836273 0.743000030517578 0.753000020980835 0.77400004863739 0.795000016689301 0.824000060558319 0.848000049591064 0.819000065326691 0.766000032424927 0.717000007629395 0.689000010490417 0.673000037670135 0.691000044345856 0.689000010490417 0.709000051021576 0.721000015735626 0.719000041484833 0.712000012397766 0.699000060558319 0.696000039577484 0.691000044345856 0.680000007152557 0.626000046730042 0.614000022411346 0.624000012874603 0.63400000333786 0.609000027179718 0.605000019073486 0.563000023365021 0.543000042438507 0.50900000333786 0.47900003194809 0.443000018596649
0.753000020980835 0.775000035762787 0.850000023841858 0.89000004529953 0.935000061988831 0.976000070571899 0.994000017642975 0.990000069141388 0.983000040054321 0.992000043392181 0.999000072479248 1.0220000743866 1.02300000190735 1.00999999046326 0.974000036716461 0.901000022888184 0.864000022411346 0.844000041484833 0.79200005531311 0.790000021457672 0.77400004863739 0.769000053405762 0.782000064849854 0.819000065326691 0.840000033378601 0.879000067710876 0.921000063419342 0.900000035762787 0.815000057220459 0.746000051498413 0.700000047683716 0.679000020027161 0.677000045776367 0.690000057220459 0.711000025272369 0.706000030040741 0.724000036716461 0.711000025272369 0.705000042915344 0.698000013828278 0.708000004291534 0.697000026702881 0.64300000667572 0.614000022411346 0.605000019073486 0.594000041484833 0.573000013828278 0.554000020027161 0.554000020027161 0.534000039100647 0.499000012874603 0.463000029325485 0.435000032186508
0.73800003528595 0.803000032901764 0.86300003528595 0.92600005865097 0.996000051498413 1.04000008106232 1.05000007152557 1.02799999713898 0.994000017642975 0.940000057220459 0.903000056743622 0.92600005865097 0.938000023365021 0.924000024795532 0.894000053405762 0.867000043392181 0.832000017166138 0.814000010490417 0.796000063419342 0.77700001001358 0.76500004529953 0.749000012874603 0.775000035762787 0.814000010490417 0.845000028610229 0.892000019550323 0.945000052452087 0.936000049114227 0.819000065326691 0.75600004196167 0.702000021934509 0.666000008583069 0.646000027656555 0.651000022888184 0.681000053882599 0.710000038146973 0.734000027179718 0.742000043392181 0.733000040054321 0.732000052928925 0.737000048160553 0.739000022411346 0.677000045776367 0.645000040531158 0.610000014305115 0.583000004291534 0.557000041007996 0.52400004863739 0.531000018119812 0.526000022888184 0.485000014305115 0.454000025987625 0.434000015258789
0.705000042915344 0.787000060081482 0.905000030994415 1.01300001144409 1.08100008964539 1.1450001001358 1.15600001811981 1.11900007724762 0.99700003862381 0.870000064373016 0.804000020027161 0.833000063896179 0.841000020503998 0.874000012874603 0.88100004196167 0.857000052928925 0.829000055789948 0.815000057220459 0.814000010490417 0.78600001335144 0.764000058174133 0.734000027179718 0.751000046730042 0.787000060081482 0.798000037670135 0.823000013828278 0.827000021934509 0.795000016689301 0.735000014305115 0.692000031471252 0.662000060081482 0.636000037193298 0.636000037193298 0.651000022888184 0.686000049114227 0.742000043392181 0.763000011444092 0.790000021457672 0.805000066757202 0.804000020027161 0.803000032901764 0.750000059604645 0.712000012397766 0.669000029563904 0.605000019073486 0.566000044345856 0.539000034332275 0.5 0.507000029087067 0.492000013589859 0.472000032663345 0.448000013828278 0.436000019311905
0.648000001907349 0.791000008583069 0.953000068664551 1.10800004005432 1.22200000286102 1.30400002002716 1.35700011253357 1.23200011253357 0.993000030517578 0.770000040531158 0.688000023365021 0.714000046253204 0.770000040531158 0.825000047683716 0.846000015735626 0.826000034809113 0.826000034809113 0.824000060558319 0.808000028133392 0.804000020027161 0.781000018119812 0.748000025749207 0.755000054836273 0.758000016212463 0.746000051498413 0.731000006198883 0.695000052452087 0.648000001907349 0.616000056266785 0.607000052928925 0.624000012874603 0.636000037193298 0.64900004863739 0.664000034332275 0.715000033378601 0.761000037193298 0.809000015258789 0.862000048160553 0.912000060081482 0.910000026226044 0.85400003194809 0.802000045776367 0.758000016212463 0.703000009059906 0.64000004529953 0.573000013828278 0.545000016689301 0.519000053405762 0.508000016212463 0.483000010251999 0.480000019073486 0.457000017166138 0.427000015974045
0.592000007629395 0.775000035762787 0.960000038146973 1.1450001001358 1.30900001525879 1.32600009441376 1.33800005912781 1.22400009632111 0.949000060558319 0.709000051021576 0.632000029087067 0.674000024795532 0.745000064373016 0.803000032901764 0.818000018596649 0.821000039577484 0.832000017166138 0.818000018596649 0.828000068664551 0.814000010490417 0.825000047683716 0.795000016689301 0.763000011444092 0.733000040054321 0.699000060558319 0.659000039100647 0.605000019073486 0.537000000476837 0.531000018119812 0.560000002384186 0.60400003194809 0.633000016212463 0.660000026226044 0.688000023365021 0.722000062465668 0.782000064849854 0.85400003194809 0.934000015258789 1.00200009346008 1.01300001144409 0.972000062465668 0.896000027656555 0.799000024795532 0.727000057697296 0.696000039577484 0.595000028610229 0.544000029563904 0.513999998569489 0.537000000476837 0.550999999046326 0.51800000667572 0.507000029087067 0.484000027179718
0.651000022888184 0.794000029563904 0.954000055789948 1.14000010490417 1.29300010204315 1.29000008106232 1.21600008010864 1.10900008678436 0.934000015258789 0.798000037670135 0.735000014305115 0.73800003528595 0.769000053405762 0.810000061988831 0.846000015735626 0.835000038146973 0.834000051021576 0.822000026702881 0.864000022411346 0.865000069141388 0.841000020503998 0.830000042915344 0.78300005197525 0.725000023841858 0.687000036239624 0.654000043869019 0.601000010967255 0.560000002384186 0.559000015258789 0.585000038146973 0.617000043392181 0.646000027656555 0.670000016689301 0.703000009059906 0.744000017642975 0.788000047206879 0.851000010967255 0.931000053882599 1.04100000858307 1.08800005912781 1.01900005340576 0.930000066757202 0.830000042915344 0.731000006198883 0.695000052452087 0.646000027656555 0.582000017166138 0.571000039577484 0.564000010490417 0.559000015258789 0.629000008106232 0.61300003528595 0.534000039100647
0.749000012874603 0.866000056266785 0.948000073432922 1.03900003433228 1.14300000667572 1.12999999523163 1.09100008010864 0.998000025749207 0.91700005531311 0.841000020503998 0.784000039100647 0.749000012874603 0.751000046730042 0.799000024795532 0.817000031471252 0.839000046253204 0.835000038146973 0.827000021934509 0.849000036716461 0.851000010967255 0.842000067234039 0.836000025272369 0.793000042438507 0.717000007629395 0.688000023365021 0.665000021457672 0.63400000333786 0.618000030517578 0.620000004768372 0.630000054836273 0.641000032424927 0.65800005197525 0.675000011920929 0.711000025272369 0.745000064373016 0.78300005197525 0.832000017166138 0.883000016212463 0.952000021934509 0.989000022411346 0.950000047683716 0.868000030517578 0.799000024795532 0.694000005722046 0.670000016689301 0.639000058174133 0.612000048160553 0.609000027179718 0.63100004196167 0.685000061988831 0.775000035762787 0.664000034332275 0.584000051021576
0.775000035762787 0.878000020980835 0.950000047683716 0.987000048160553 1.01500010490417 1.05000007152557 1.02500009536743 0.953000068664551 0.879000067710876 0.821000039577484 0.775000035762787 0.749000012874603 0.746000051498413 0.766000032424927 0.80100005865097 0.824000060558319 0.828000068664551 0.830000042915344 0.838000059127808 0.829000055789948 0.817000031471252 0.816000044345856 0.798000037670135 0.732000052928925 0.702000021934509 0.690000057220459 0.665000021457672 0.651000022888184 0.654000043869019 0.66100001335144 0.674000024795532 0.678000032901764 0.687000036239624 0.710000038146973 0.726000010967255 0.755000054836273 0.794000029563904 0.829000055789948 0.846000015735626 0.860000014305115 0.839000046253204 0.788000047206879 0.745000064373016 0.664000034332275 0.621000051498413 0.589000046253204 0.575000047683716 0.590000033378601 0.65200001001358 0.809000015258789 0.844000041484833 0.744000017642975 0.681000053882599
0.818000018596649 0.835000038146973 0.884000062942505 0.943000018596649 0.969000041484833 0.981000065803528 0.973000049591064 0.914000034332275 0.836000025272369 0.78600001335144 0.744000017642975 0.714000046253204 0.717000007629395 0.731000006198883 0.78600001335144 0.804000020027161 0.823000013828278 0.816000044345856 0.778000056743622 0.790000021457672 0.788000047206879 0.804000020027161 0.788000047206879 0.725000023841858 0.709000051021576 0.699000060558319 0.694000005722046 0.683000028133392 0.686000049114227 0.689000010490417 0.699000060558319 0.695000052452087 0.703000009059906 0.730000019073486 0.732000052928925 0.733000040054321 0.745000064373016 0.759000062942505 0.766000032424927 0.75600004196167 0.740000009536743 0.727000057697296 0.684000015258789 0.64000004529953 0.582000017166138 0.546000003814697 0.538000047206879 0.570000052452087 0.678000032901764 0.873000025749207 0.925000071525574 0.882000029087067 0.834000051021576
0.815000057220459 0.892000019550323 0.913000047206879 0.936000049114227 0.947000026702881 0.929000020027161 0.896000027656555 0.847000062465668 0.785000026226044 0.72900003194809 0.651000022888184 0.594000041484833 0.662000060081482 0.699000060558319 0.728000044822693 0.759000062942505 0.799000024795532 0.795000016689301 0.788000047206879 0.779000043869019 0.784000039100647 0.782000064849854 0.759000062942505 0.734000027179718 0.710000038146973 0.706000030040741 0.711000025272369 0.700000047683716 0.699000060558319 0.723000049591064 0.727000057697296 0.720000028610229 0.725000023841858 0.72900003194809 0.727000057697296 0.730000019073486 0.731000006198883 0.728000044822693 0.719000041484833 0.712000012397766 0.705000042915344 0.679000020027161 0.645000040531158 0.591000020503998 0.559000015258789 0.494000017642975 0.464000016450882 0.544000029563904 0.680000007152557 0.857000052928925 1.03299999237061 1.00499999523163 1.01300001144409
0.911000072956085 0.973000049591064 1.00100004673004 0.999000072479248 0.998000025749207 0.945000052452087 0.902000069618225 0.834000051021576 0.779000043869019 0.695000052452087 0.635000050067902 0.591000020503998 0.632000029087067 0.704000055789948 0.721000015735626 0.735000014305115 0.744000017642975 0.74700003862381 0.742000043392181 0.739000022411346 0.750000059604645 0.748000025749207 0.707000017166138 0.705000042915344 0.704000055789948 0.711000025272369 0.723000049591064 0.706000030040741 0.709000051021576 0.725000023841858 0.741000056266785 0.745000064373016 0.73800003528595 0.740000009536743 0.743000030517578 0.736000061035156 0.721000015735626 0.720000028610229 0.717000007629395 0.695000052452087 0.677000045776367 0.655000030994415 0.617000043392181 0.563000023365021 0.502000033855438 0.453000009059906 0.467000007629395 0.513999998569489 0.626000046730042 0.857000052928925 1.15000009536743 1.13100004196167 1.15200006961823
1.04000008106232 1.09200000762939 1.13200008869171 1.1120001077652 1.08900010585785 1.00499999523163 0.972000062465668 0.88100004196167 0.817000031471252 0.776000022888184 0.699000060558319 0.678000032901764 0.711000025272369 0.728000044822693 0.735000014305115 0.722000062465668 0.725000023841858 0.732000052928925 0.720000028610229 0.727000057697296 0.714000046253204 0.683000028133392 0.653000056743622 0.646000027656555 0.638000011444092 0.65800005197525 0.687000036239624 0.704000055789948 0.730000019073486 0.762000024318695 0.770000040531158 0.767000019550323 0.758000016212463 0.754000008106232 0.750000059604645 0.734000027179718 0.713000059127808 0.715000033378601 0.720000028610229 0.705000042915344 0.684000015258789 0.65200001001358 0.597000002861023 0.52400004863739 0.464000016450882 0.396000027656555 0.391000032424927 0.496000021696091 0.642000019550323 0.865000069141388 1.17000007629395 1.29800009727478 1.30800008773804
1.12900006771088 1.19900000095367 1.21300005912781 1.15600001811981 1.10400009155273 1.07500004768372 0.971000075340271 0.867000043392181 0.850000023841858 0.829000055789948 0.789000034332275 0.775000035762787 0.770000040531158 0.772000014781952 0.770000040531158 0.732000052928925 0.711000025272369 0.686000049114227 0.697000026702881 0.704000055789948 0.690000057220459 0.669000029563904 0.611000001430511 0.573000013828278 0.559000015258789 0.608000040054321 0.683000028133392 0.717000007629395 0.755000054836273 0.787000060081482 0.805000066757202 0.79200005531311 0.779000043869019 0.766000032424927 0.751000046730042 0.736000061035156 0.72900003194809 0.718000054359436 0.717000007629395 0.709000051021576 0.696000039577484 0.673000037670135 0.628000020980835 0.561000049114227 0.473000019788742 0.41100001335144 0.394000023603439 0.51500004529953 0.673000037670135 0.873000025749207 1.10800004005432 1.33700001239777 1.32700002193451
1.33300006389618 1.3970000743866 1.37600004673004 1.21000003814697 1.12800002098083 1.03000009059906 0.924000024795532 0.833000063896179 0.862000048160553 0.850000023841858 0.826000034809113 0.80100005865097 0.791000008583069 0.769000053405762 0.759000062942505 0.708000004291534 0.691000044345856 0.665000021457672 0.67600005865097 0.705000042915344 0.710000038146973 0.702000021934509 0.645000040531158 0.564000010490417 0.548000037670135 0.614000022411346 0.685000061988831 0.734000027179718 0.778000056743622 0.830000042915344 0.852000057697296 0.814000010490417 0.780000030994415 0.771000027656555 0.760000050067902 0.746000051498413 0.743000030517578 0.724000036716461 0.716000020503998 0.730000019073486 0.716000020503998 0.695000052452087 0.665000021457672 0.625 0.562000036239624 0.510000050067902 0.513999998569489 0.574000000953674 0.668000042438507 0.809000015258789 1.125 1.31200003623962 1.31100010871887
1.58600008487701 1.62900006771088 1.49800002574921 1.37300002574921 1.21300005912781 1.0550000667572 0.873000025749207 0.867000043392181 0.904000043869019 0.869000017642975 0.825000047683716 0.825000047683716 0.809000015258789 0.767000019550323 0.731000006198883 0.705000042915344 0.709000051021576 0.700000047683716 0.727000057697296 0.755000054836273 0.784000039100647 0.795000016689301 0.760000050067902 0.691000044345856 0.657000005245209 0.654000043869019 0.690000057220459 0.720000028610229 0.770000040531158 0.823000013828278 0.841000020503998 0.823000013828278 0.796000063419342 0.771000027656555 0.766000032424927 0.755000054836273 0.74700003862381 0.742000043392181 0.732000052928925 0.718000054359436 0.726000010967255 0.733000040054321 0.702000021934509 0.660000026226044 0.628000020980835 0.620000004768372 0.626000046730042 0.65800005197525 0.698000013828278 0.782000064849854 0.894000053405762 1.00200009346008 1.04200005531311
1.83600008487701 1.79100012779236 1.56100010871887 1.38100004196167 1.24400007724762 1.03000009059906 0.883000016212463 0.860000014305115 0.887000024318695 0.867000043392181 0.819000065326691 0.829000055789948 0.804000020027161 0.806000053882599 0.770000040531158 0.725000023841858 0.710000038146973 0.740000009536743 0.780000030994415 0.820000052452087 0.866000056266785 0.943000018596649 0.928000032901764 0.838000059127808 0.785000026226044 0.737000048160553 0.723000049591064 0.735000014305115 0.76500004529953 0.795000016689301 0.822000026702881 0.834000051021576 0.804000020027161 0.78600001335144 0.771000027656555 0.76800000667572 0.76500004529953 0.766000032424927 0.757000029087067 0.736000061035156 0.739000022411346 0.727000057697296 0.724000036716461 0.706000030040741 0.701000034809113 0.700000047683716 0.709000051021576 0.733000040054321 0.755000054836273 0.794000029563904 0.833000063896179 0.865000069141388 0.907000064849854
1.70600008964539 1.75700008869171 1.57800006866455 1.38000011444092 1.21200001239777 1.02799999713898 0.868000030517578 0.849000036716461 0.86300003528595 0.830000042915344 0.791000008583069 0.794000029563904 0.784000039100647 0.78600001335144 0.789000034332275 0.776000022888184 0.727000057697296 0.769000053405762 0.816000044345856 0.855000019073486 0.929000020027161 1.0110000371933 1.03700006008148 0.945000052452087 0.862000048160553 0.807000041007996 0.78600001335144 0.77400004863739 0.773000061511993 0.779000043869019 0.800000011920929 0.808000028133392 0.800000011920929 0.791000008583069 0.78300005197525 0.78300005197525 0.789000034332275 0.78600001335144 0.779000043869019 0.76500004529953 0.757000029087067 0.748000025749207 0.746000051498413 0.745000064373016 0.74700003862381 0.742000043392181 0.742000043392181 0.766000032424927 0.787000060081482 0.804000020027161 0.830000042915344 0.848000049591064 0.862000048160553
1.36900007724762 1.43800008296967 1.50300002098083 1.41700005531311 1.18700003623962 0.944000065326691 0.847000062465668 0.823000013828278 0.809000015258789 0.781000018119812 0.76500004529953 0.754000008106232 0.778000056743622 0.764000058174133 0.779000043869019 0.803000032901764 0.762000024318695 0.767000019550323 0.807000041007996 0.851000010967255 0.907000064849854 0.963000059127808 0.974000036716461 0.947000026702881 0.907000064849854 0.862000048160553 0.825000047683716 0.798000037670135 0.793000042438507 0.794000029563904 0.810000061988831 0.808000028133392 0.790000021457672 0.78600001335144 0.779000043869019 0.787000060081482 0.79200005531311 0.802000045776367 0.804000020027161 0.795000016689301 0.779000043869019 0.785000026226044 0.779000043869019 0.77400004863739 0.76500004529953 0.750000059604645 0.749000012874603 0.759000062942505 0.790000021457672 0.803000032901764 0.818000018596649 0.831000030040741 0.844000041484833
1.11400008201599 1.1690000295639 1.10699999332428 0.990000069141388 0.941000044345856 0.867000043392181 0.807000041007996 0.77400004863739 0.744000017642975 0.724000036716461 0.720000028610229 0.722000062465668 0.721000015735626 0.73800003528595 0.751000046730042 0.76800000667572 0.740000009536743 0.779000043869019 0.814000010490417 0.882000029087067 0.911000072956085 0.918000042438507 0.923000037670135 0.892000019550323 0.867000043392181 0.838000059127808 0.821000039577484 0.818000018596649 0.819000065326691 0.820000052452087 0.821000039577484 0.815000057220459 0.789000034332275 0.77400004863739 0.773000061511993 0.781000018119812 0.796000063419342 0.803000032901764 0.823000013828278 0.834000051021576 0.828000068664551 0.828000068664551 0.830000042915344 0.830000042915344 0.807000041007996 0.782000064849854 0.755000054836273 0.760000050067902 0.769000053405762 0.781000018119812 0.800000011920929 0.813000023365021 0.813000023365021
1.00700008869171 0.904000043869019 0.76800000667572 0.638000011444092 0.663000047206879 0.736000061035156 0.745000064373016 0.663000047206879 0.672000050544739 0.681000053882599 0.680000007152557 0.693000018596649 0.685000061988831 0.707000017166138 0.723000049591064 0.753000020980835 0.773000061511993 0.806000053882599 0.849000036716461 0.884000062942505 0.912000060081482 0.911000072956085 0.904000043869019 0.874000012874603 0.839000046253204 0.827000021934509 0.818000018596649 0.818000018596649 0.826000034809113 0.823000013828278 0.804000020027161 0.799000024795532 0.79200005531311 0.784000039100647 0.78600001335144 0.784000039100647 0.794000029563904 0.820000052452087 0.859000027179718 0.884000062942505 0.891000032424927 0.915000021457672 0.904000043869019 0.884000062942505 0.853000044822693 0.820000052452087 0.779000043869019 0.75600004196167 0.764000058174133 0.77400004863739 0.78300005197525 0.782000064849854 0.781000018119812
0.821000039577484 0.712000012397766 0.498000025749207 0.308000028133392 0.385000020265579 0.576000034809113 0.626000046730042 0.632000029087067 0.614000022411346 0.619000017642975 0.654000043869019 0.637000024318695 0.664000034332275 0.670000016689301 0.684000015258789 0.717000007629395 0.743000030517578 0.778000056743622 0.848000049591064 0.867000043392181 0.89000004529953 0.895000040531158 0.875000059604645 0.850000023841858 0.844000041484833 0.838000059127808 0.830000042915344 0.833000063896179 0.821000039577484 0.806000053882599 0.799000024795532 0.77400004863739 0.769000053405762 0.775000035762787 0.770000040531158 0.779000043869019 0.799000024795532 0.839000046253204 0.892000019550323 0.940000057220459 0.97900003194809 1.00999999046326 1.0090000629425 0.974000036716461 0.922000050544739 0.880000054836273 0.789000034332275 0.75600004196167 0.748000025749207 0.752000033855438 0.762000024318695 0.754000008106232 0.748000025749207
