layers/vpdmax9.asc
NCOLS 292 
NROWS 291 
XLLCORNER -87.6458333327872 
YLLCORNER 24.4791666666667 
CELLSIZE 0.0416666666669039 
NODATA_value -3.4e+38 
[rows 120 to 143 of 291, columns 53 to 105 of 292]
-3.4e+38 -3.4e+38 -3.4e+38 -3.4e+38 -3.4e+38 -3.4e+38 -3.4e+38 -3.4e+38 -3.4e+38 17.2400016784668 17.1740016937256 17.1750011444092 17.3690013885498 17.5450000762939 17.5440006256104 17.5500011444092 17.488000869751 17.3840007781982 17.2760009765625 17.2170009613037 17.2690010070801 17.2510013580322 17.5540008544922 17.7780017852783 17.8420009613037 17.9620018005371 18.0160007476807 18.0890007019043 18.1650009155273 18.1990013122559 18.230001449585 18.2410011291504 18.1240005493164 17.8350009918213 17.5700016021729 17.3650016784668 17.2130012512207 16.8400001525879 16.5150012969971 16.3690013885498 16.2940006256104 16.310001373291 16.492000579834 16.3410015106201 16.1160011291504 16.1550006866455 16.359001159668 16.5450000762939 16.871000289917 16.6599998474121 16.7470016479492 16.7230014801025 16.8450012207031
-3.4e+38 -3.4e+38 -3.4e+38 -3.4e+38 -3.4e+38 -3.4e+38 -3.4e+38 -3.4e+38 -3.4e+38 17.3270015716553 17.1690006256104 17.2049999237061 17.443000793457 17.6290016174316 17.7040004730225 17.5830001831055 17.4180011749268 17.3500003814697 17.3050003051758 17.2740001678467 17.314001083374 17.3570003509521 17.5650005340576 17.8290004730225 17.996000289917 18.0710010528564 18.1800003051758 18.2700004577637 18.3050003051758 18.3070011138916 18.3610000610352 18.3159999847412 18.1459999084473 17.6800003051758 17.5670013427734 17.3959999084473 17.0710010528564 16.5939998626709 16.5180015563965 16.4530010223389 16.3030014038086 16.363000869751 16.2849998474121 16.3159999847412 15.9290008544922 15.7680006027222 15.9990005493164 16.4230003356934 16.6140003204346 16.6750011444092 16.6640014648438 16.810001373291 16.8880004882812
-3.4e+38 -3.4e+38 -3.4e+38 -3.4e+38 -3.4e+38 -3.4e+38 -3.4e+38 -3.4e+38 -3.4e+38 17.4020004272461 17.3740005493164 17.5420017242432 17.6290016174316 17.746000289917 17.7870006561279 17.6710014343262 17.4990005493164 17.3700008392334 17.2720012664795 17.363000869751 17.435001373291 17.476001739502 17.7150001525879 17.9450016021729 18.1060009002686 18.1520004272461 18.2210006713867 18.3620014190674 18.3290004730225 18.3970012664795 18.3980007171631 18.2780017852783 18.0270004272461 17.7090015411377 17.314001083374 17.1590003967285 16.9730014801025 16.5799999237061 16.5890007019043 16.5700016021729 16.2569999694824 16.3480014801025 16.2119998931885 16.0209999084473 15.9950008392334 15.657000541687 15.609001159668 15.9000005722046 16.3420009613037 16.6370010375977 16.7210006713867 16.8610000610352 16.8780002593994
-3.4e+38 -3.4e+38 -3.4e+38 -3.4e+38 -3.4e+38 -3.4e+38 -3.4e+38 -3.4e+38 -3.4e+38 17.5170001983643 17.5740013122559 17.746000289917 17.8450012207031 17.8720016479492 17.8790016174316 17.863000869751 17.6690006256104 17.5069999694824 17.3620014190674 17.3800010681152 17.5250015258789 17.685001373291 17.8850002288818 18.1120014190674 18.1909999847412 18.1770000457764 18.2040004730225 18.2700004577637 18.3070011138916 18.3690013885498 18.4240016937256 18.2910003662109 18.0080013275146 17.4860000610352 17.3980007171631 17.0230007171631 16.4380016326904 16.6290016174316 16.7560005187988 16.6780014038086 16.4420013427734 16.1960010528564 16.3010005950928 16.0869998931885 16.0380001068115 15.8860006332397 15.7940006256104 16.0320014953613 16.1599998474121 16.371000289917 16.5810012817383 16.7480010986328 16.8290004730225
-3.4e+38 -3.4e+38 -3.4e+38 -3.4e+38 -3.4e+38 -3.4e+38 -3.4e+38 -3.4e+38 -3.4e+38 17.7230014801025 17.7150001525879 17.8640003204346 17.8910007476807 18.0670013427734 18.0150012969971 18.0190010070801 17.9000015258789 17.6909999847412 17.6120014190674 17.6600017547607 17.826000213623 17.9890003204346 18.1590003967285 18.314001083374 18.3250007629395 18.3170013427734 18.2770004272461 18.3210010528564 18.2400016784668 18.3159999847412 18.4250011444092 18.1540012359619 17.6620006561279 17.4660015106201 16.9190006256104 16.4630012512207 16.5390014648438 16.5710010528564 16.9130001068115 16.8070011138916 16.6880016326904 16.4380016326904 16.4590015411377 16.2779998779297 16.113000869751 16.1590003967285 16.0020008087158 16.1610012054443 16.2790012359619 16.3770008087158 16.4700012207031 16.4500007629395 16.6900005340576
-3.4e+38 -3.4e+38 -3.4e+38 -3.4e+38 -3.4e+38 -3.4e+38 -3.4e+38 -3.4e+38 17.8900012969971 17.7620010375977 17.7560005187988 17.7740001678467 18.0950012207031 18.125 18.0840015411377 18.0750007629395 18.0020008087158 17.8159999847412 17.7470016479492 17.8800010681152 18.0380001068115 18.1590003967285 18.3360004425049 18.3950004577637 18.4030017852783 18.3990001678467 18.431001663208 18.4070014953613 18.2540016174316 18.2910003662109 18.2620010375977 18.0430011749268 17.7450008392334 17.4870014190674 17.0350017547607 16.6080017089844 16.7130012512207 16.7880001068115 16.8700008392334 17.1190013885498 17.0190010070801 16.806001663208 16.7250003814697 16.6180000305176 16.2990016937256 16.4590015411377 16.3520011901855 16.4010009765625 16.5020008087158 16.5380001068115 16.6770000457764 16.6490001678467 16.6120014190674
-3.4e+38 -3.4e+38 -3.4e+38 -3.4e+38 -3.4e+38 -3.4e+38 -3.4e+38 -3.4e+38 17.8010005950928 17.8110008239746 17.8830013275146 17.8970012664795 18.0450000762939 18.1690006256104 18.193000793457 18.1100006103516 18.0080013275146 17.8440017700195 17.8320007324219 17.9420013427734 18.0710010528564 18.2240009307861 18.3990001678467 18.3680000305176 18.3889999389648 18.4340000152588 18.5590000152588 18.4380016326904 18.2940006256104 18.1370010375977 18.0659999847412 17.8050003051758 17.5390014648438 17.625 17.3570003509521 16.9640007019043 16.9570007324219 17.1440010070801 17.0180015563965 17.105001449585 17.2760009765625 17.2670001983643 17.1070003509521 16.9290008544922 16.6690006256104 16.7600002288818 16.7550010681152 16.7090015411377 16.7690010070801 16.8740005493164 16.9689998626709 17.0250015258789 16.8930015563965
-3.4e+38 -3.4e+38 -3.4e+38 -3.4e+38 -3.4e+38 -3.4e+38 -3.4e+38 -3.4e+38 17.7650012969971 17.7610015869141 17.8150005340576 17.8500003814697 17.9820003509521 18.1300010681152 18.1860008239746 18.1310005187988 18.0610008239746 17.9100017547607 17.9130001068115 18.0420017242432 18.0410003662109 18.113000869751 18.306001663208 18.2580013275146 18.201000213623 18.3370018005371 18.4950008392334 18.2650012969971 18.0370006561279 17.9290008544922 17.9150009155273 17.7860012054443 17.4140014648438 17.3010005950928 17.3090000152588 17.2140007019043 17.2240009307861 17.3600006103516 17.3840007781982 17.4070014953613 17.367000579834 17.3680000305176 17.3990001678467 17.2450008392334 17.1520004272461 17.1060009002686 17.0850009918213 16.9549999237061 17.0960006713867 17.1580009460449 17.2600002288818 17.2840003967285 17.1700000762939
-3.4e+38 -3.4e+38 -3.4e+38 -3.4e+38 -3.4e+38 -3.4e+38 -3.4e+38 -3.4e+38 17.742000579834 17.7790012359619 17.8540000915527 17.8080005645752 18.0150012969971 18.1080017089844 18.1200008392334 18.0860004425049 18.0250015258789 17.9140014648438 17.8620014190674 17.9750003814697 18.0530014038086 18.0069999694824 18.1650009155273 18.2890014648438 18.1690006256104 18.2540016174316 18.3020000457764 18.1220016479492 17.9440002441406 17.8290004730225 17.7150001525879 17.6600017547607 17.3250007629395 17.2230014801025 17.3819999694824 17.4330005645752 17.4950008392334 17.5790004730225 17.7470016479492 17.7320003509521 17.6650009155273 17.5740013122559 17.4340000152588 17.4070014953613 17.4300003051758 17.3040008544922 17.2709999084473 17.2240009307861 17.2320003509521 17.3110008239746 17.3950004577637 17.4690017700195 17.4540004730225
-3.4e+38 -3.4e+38 -3.4e+38 -3.4e+38 -3.4e+38 -3.4e+38 -3.4e+38 -3.4e+38 17.7150001525879 17.8350009918213 17.8390007019043 17.9050006866455 18.0190010070801 18.0940017700195 18.0630016326904 18.0120010375977 18.0230007171631 17.9100017547607 17.9010009765625 17.9080009460449 17.8490009307861 17.8700008392334 18.101001739502 18.2240009307861 18.2690010070801 18.1340007781982 18.0950012207031 17.9680004119873 17.8940010070801 17.6960010528564 17.617000579834 17.4400005340576 17.1790008544922 17.318000793457 17.4740009307861 17.6270008087158 17.6900005340576 17.7980003356934 18.076000213623 18.1420001983643 18.0190010070801 17.7450008392334 17.6340007781982 17.5130004882812 17.4780006408691 17.435001373291 17.3000011444092 17.306001663208 17.3030014038086 17.2569999694824 17.3840007781982 17.5370006561279 17.6280002593994
-3.4e+38 -3.4e+38 -3.4e+38 -3.4e+38 -3.4e+38 -3.4e+38 -3.4e+38 -3.4e+38 17.8460006713867 17.863000869751 17.935001373291 18.0400009155273 18.1490001678467 18.1350002288818 18.0810012817383 18.064001083374 17.980001449585 17.9300003051758 17.8970012664795 17.8350009918213 17.8700008392334 17.8240013122559 17.8900012969971 18.0490016937256 17.996000289917 17.9400005340576 17.9750003814697 17.9040012359619 17.7950000762939 17.617000579834 17.3290004730225 17.0970001220703 17.060001373291 17.3840007781982 17.5799999237061 17.6700000762939 17.9010009765625 18.0050010681152 18.226001739502 18.3090000152588 18.1740016937256 17.9640007019043 17.7660007476807 17.6040000915527 17.5230007171631 17.4200000762939 17.3410015106201 17.2840003967285 17.2800006866455 17.2920017242432 17.3500003814697 17.5220012664795 17.625
-3.4e+38 -3.4e+38 -3.4e+38 -3.4e+38 -3.4e+38 -3.4e+38 -3.4e+38 -3.4e+38 -3.4e+38 18.1000003814697 18.1800003051758 18.2350006103516 18.2880001068115 18.3050003051758 18.1290016174316 18.0650005340576 17.9690017700195 17.9270000457764 17.855001449585 17.8150005340576 17.8370018005371 17.7880001068115 17.8330001831055 17.7790012359619 17.8490009307861 17.8860015869141 17.9520015716553 17.9160003662109 17.605001449585 17.2860012054443 16.8810005187988 16.9820003509521 17.1510009765625 17.3790016174316 17.556001663208 17.746000289917 17.9740009307861 18.1459999084473 18.3020000457764 18.2850017547607 18.201000213623 18.0340003967285 17.8470001220703 17.6660003662109 17.5510005950928 17.3700008392334 17.2960014343262 17.2720012664795 17.3030014038086 17.3190002441406 17.3570003509521 17.5180015563965 17.5590000152588
-3.4e+38 -3.4e+38 -3.4e+38 -3.4e+38 -3.4e+38 -3.4e+38 -3.4e+38 -3.4e+38 -3.4e+38 -3.4e+38 18.3830013275146 18.3950004577637 18.3780002593994 18.3810005187988 18.314001083374 18.1260013580322 17.9770011901855 17.9130001068115 17.8530006408691 17.8010005950928 17.7550010681152 17.7320003509521 17.7490005493164 17.7410011291504 17.8190002441406 17.8950004577637 17.9110012054443 17.6389999389648 17.4810009002686 16.7849998474121 16.7740001678467 16.9180011749268 17.0840015411377 17.435001373291 17.6000003814697 17.7530002593994 17.943000793457 18.1280002593994 18.2950000762939 18.2170009613037 18.2190017700195 18.125 17.9200000762939 17.6940002441406 17.5470008850098 17.3720016479492 17.3229999542236 17.2520008087158 17.2290000915527 17.3310012817383 17.3490009307861 17.5030002593994 17.5770015716553
-3.4e+38 -3.4e+38 -3.4e+38 -3.4e+38 -3.4e+38 -3.4e+38 -3.4e+38 -3.4e+38 -3.4e+38 -3.4e+38 18.5320014953613 18.3790016174316 18.3600006103516 18.3040008544922 18.2690010070801 18.2130012512207 18.0820007324219 17.9730014801025 17.8880004882812 17.7610015869141 17.7090015411377 17.6580009460449 17.6750011444092 17.7540016174316 17.8700008392334 17.8450012207031 17.7700004577637 17.5380001068115 16.9400005340576 16.625 16.8390007019043 17.0170001983643 17.0430011749268 17.3790016174316 17.5310001373291 17.6040000915527 17.7800006866455 17.8810005187988 17.9620018005371 17.9670009613037 17.9260005950928 17.9090003967285 17.818000793457 17.7020015716553 17.5960006713867 17.484001159668 17.3970012664795 17.3120002746582 17.2639999389648 17.2920017242432 17.3390007019043 17.4260005950928 17.3790016174316
-3.4e+38 -3.4e+38 -3.4e+38 -3.4e+38 17.7850017547607 17.7750015258789 17.7840003967285 17.7990016937256 18.0170001983643 18.2250003814697 18.4690017700195 18.3490009307861 18.3010005950928 18.3229999542236 18.2070007324219 18.1630001068115 18.076000213623 17.8800010681152 17.7360000610352 17.613000869751 17.5540008544922 17.609001159668 17.5840015411377 17.7310009002686 17.7620010375977 17.6700000762939 17.4180011749268 16.8010005950928 16.6599998474121 16.7280006408691 16.935001373291 17.109001159668 17.0480003356934 17.2400016784668 17.2890014648438 17.4409999847412 17.5300006866455 17.621000289917 17.7230014801025 17.7560005187988 17.7490005493164 17.7250003814697 17.8150005340576 17.75 17.6630001068115 17.5850009918213 17.5799999237061 17.4610004425049 17.4490013122559 17.4130001068115 17.3640003204346 17.3250007629395 17.4250011444092
17.6459999084473 17.7860012054443 17.8280010223389 17.7580013275146 17.814001083374 17.7790012359619 17.7130012512207 17.7950000762939 17.9560012817383 18.1020011901855 18.3250007629395 18.3040008544922 18.230001449585 18.2660007476807 18.1820011138916 18.0040016174316 17.8940010070801 17.742000579834 17.5420017242432 17.3900012969971 17.3780002593994 17.4540004730225 17.5110015869141 17.6630001068115 17.6570014953613 17.5010013580322 16.9670009613037 16.8910007476807 16.9460010528564 16.8819999694824 16.9750003814697 17.0570011138916 17.1470012664795 17.0740013122559 17.181001663208 17.3000011444092 17.3000011444092 17.3299999237061 17.3889999389648 17.4690017700195 17.5550003051758 17.6920013427734 17.8010005950928 17.7750015258789 17.7780017852783 17.7370014190674 17.6920013427734 17.5890007019043 17.6140003204346 17.5770015716553 17.5370006561279 17.4320011138916 17.5160007476807
17.5920009613037 17.7890014648438 17.8400001525879 17.8860015869141 17.9210014343262 17.82200050354 17.8150005340576 17.8860015869141 17.9320011138916 17.9900016784668 18.0940017700195 18.2280006408691 18.0700016021729 18.0430011749268 18.0320014953613 17.8940010070801 17.8680000305176 17.6680011749268 17.5540008544922 17.4020004272461 17.3500003814697 17.3690013885498 17.4780006408691 17.4910011291504 17.1960010528564 16.8390007019043 16.9490013122559 17.0230007171631 17.0480003356934 16.951000213623 16.8600006103516 16.8660011291504 17.1140003204346 17.0310001373291 17.1240005493164 16.8490009307861 16.931001663208 17.0410003662109 17.1620006561279 17.2960014343262 17.439001083374 17.6389999389648 17.6900005340576 17.9080009460449 17.9330005645752 17.9440002441406 17.9370002746582 17.8830013275146 17.8520011901855 17.8299999237061 17.7830009460449 17.6630001068115 17.7090015411377
17.7670001983643 17.8390007019043 17.935001373291 17.9940013885498 18.0780010223389 18.0390014648438 18.0220012664795 17.9450016021729 17.9590015411377 17.9640007019043 18.0060005187988 17.9980010986328 17.8700008392334 17.8370018005371 17.8410015106201 17.8270015716553 17.7940006256104 17.7250003814697 17.5950012207031 17.6080017089844 17.3600006103516 17.4050006866455 17.230001449585 16.9170017242432 16.7910003662109 16.7709999084473 16.7520008087158 17.109001159668 17.1240005493164 16.9860000610352 16.9040012359619 16.8790016174316 16.9280014038086 16.980001449585 16.5830001831055 16.5650005340576 16.4940013885498 16.8200016021729 16.996000289917 17.1990013122559 17.4170017242432 17.6420001983643 17.7810001373291 17.9770011901855 18.1870002746582 18.1000003814697 18.0990009307861 18.0810012817383 17.9990005493164 17.9830017089844 17.9530010223389 17.8450012207031 17.8040008544922
17.8500003814697 17.8450012207031 17.9100017547607 18.0050010681152 18.1440010070801 18.1180000305176 18.0729999542236 18.0310001373291 17.9790000915527 17.9490013122559 17.935001373291 17.8310012817383 17.7140007019043 17.6660003662109 17.6960010528564 17.7190017700195 17.7890014648438 17.8400001525879 17.7880001068115 17.6270008087158 17.431001663208 17.1770000457764 16.8390007019043 16.8780002593994 16.9270000457764 16.7240009307861 16.8080005645752 17.0420017242432 17.2070007324219 17.1640014648438 16.9200000762939 17.1300010681152 17.0030002593994 16.6060009002686 16.1120014190674 16.0500011444092 16.5180015563965 16.8400001525879 17.0080013275146 17.2490005493164 17.4400005340576 17.6880016326904 17.8850002288818 18.1670017242432 18.5280017852783 18.4940013885498 18.3000011444092 18.2310009002686 18.1740016937256 18.060001373291 17.9450016021729 17.8889999389648 17.8340015411377
17.8190002441406 17.8120002746582 17.75 17.7920017242432 17.9690017700195 18.0940017700195 17.9690017700195 18.0530014038086 17.9660015106201 17.8810005187988 17.8490009307861 17.7049999237061 17.5550003051758 17.5060005187988 17.5430011749268 17.6490001678467 17.8130016326904 17.8830013275146 17.7580013275146 17.2900009155273 17.0700016021729 17.068000793457 17.0880012512207 17.1070003509521 16.8340015411377 16.8880004882812 16.9060001373291 17.1120014190674 17.1480007171631 17.1260013580322 17.2370014190674 16.9530010223389 16.5820007324219 16.181001663208 16.0490016937256 16.0830001831055 16.5010013580322 16.9479999542236 17.0670013427734 17.1820011138916 17.4180011749268 17.8299999237061 18.1700000762939 18.3950004577637 18.6700000762939 18.7880001068115 18.5590000152588 18.3700008392334 18.1640014648438 18.0069999694824 17.9190006256104 17.9190006256104 17.988000869751
17.8080005645752 17.8090000152588 17.9050006866455 17.8840007781982 17.9660015106201 18.1450004577637 17.9660015106201 17.9549999237061 17.9200000762939 17.7770004272461 17.6730003356934 17.5320014953613 17.5350017547607 17.5420017242432 17.4540004730225 17.4300003051758 17.3690013885498 17.371000289917 17.355001449585 17.2160015106201 17.2960014343262 17.1780014038086 17.201000213623 17.2090015411377 16.9940013885498 17.1190013885498 17.0740013122559 17.0110015869141 17.2530002593994 17.4270000457764 17.0110015869141 16.7550010681152 16.4000015258789 16.621000289917 16.4820003509521 16.5180015563965 16.6200008392334 16.8010005950928 17.0830001831055 17.3000011444092 17.4740009307861 17.6680011749268 18.060001373291 18.4450016021729 18.6900005340576 18.6550006866455 18.5460014343262 18.4530010223389 18.0980014801025 17.9460010528564 17.8860015869141 17.992000579834 18.0500011444092
17.75 17.8560009002686 17.9010009765625 17.984001159668 18.0420017242432 18.1290016174316 18.0540008544922 17.9540004730225 17.9140014648438 17.7350006103516 17.5980014801025 17.32200050354 17.5040016174316 17.5390014648438 17.4100017547607 17.2660007476807 17.2940006256104 17.4050006866455 17.2600002288818 17.0790004730225 17.1770000457764 17.1660003662109 17.0630016326904 17.2320003509521 17.1750011444092 17.0220012664795 17.0840015411377 17.4250011444092 17.4850006103516 17.0900001525879 16.94700050354 16.8640003204346 16.6720008850098 16.6290016174316 16.6730003356934 16.8800010681152 17.0279998779297 16.9680004119873 17.2370014190674 17.2470016479492 17.476001739502 17.6670017242432 17.9130001068115 18.2440013885498 18.3340015411377 18.3500003814697 18.2030010223389 18.3000011444092 18.1880016326904 17.9600009918213 17.9100017547607 17.935001373291 18.0320014953613
17.814001083374 17.8870010375977 17.8370018005371 17.8800010681152 17.9450016021729 18.0940017700195 18.0960006713867 18.0180015563965 17.8090000152588 17.6940002441406 17.5810012817383 17.44700050354 17.4850006103516 17.5750007629395 17.351001739502 17.3450012207031 17.3580017089844 17.2860012054443 17.2400016784668 16.9980010986328 17.1370010375977 17.32200050354 17.0670013427734 17.4100017547607 17.0300006866455 17.105001449585 17.3650016784668 17.4830017089844 17.1290016174316 17.2510013580322 17.3299999237061 17.1330013275146 17.1080017089844 17.1720008850098 16.8970012664795 16.8380012512207 16.931001663208 17.1350002288818 17.0710010528564 17.3950004577637 17.5460014343262 17.6480007171631 17.746000289917 17.9910011291504 18.1990013122559 18.1750011444092 18.0540008544922 18.0270004272461 18.0990009307861 18.1520004272461 18.0200004577637 17.9780006408691 18.07200050354
18.064001083374 17.9070014953613 17.7470016479492 17.7900009155273 17.5250015258789 17.7790012359619 18.1140003204346 17.8690013885498 17.6710014343262 17.6510009765625 17.605001449585 17.5920009613037 17.6070003509521 17.4600009918213 17.3680000305176 17.2450008392334 17.2100009918213 17.2320003509521 17.1319999694824 17.1400012969971 17.1490001678467 17.0950012207031 17.4380016326904 17.3200016021729 17.101001739502 17.3320007324219 17.5300006866455 17.6290016174316 17.6140003204346 17.480001449585 17.4140014648438 17.2390003204346 17.0799999237061 17.189001083374 17.1370010375977 16.9280014038086 17.0710010528564 17.0799999237061 17.0550003051758 17.2820014953613 17.5090007781982 17.6690006256104 17.7090015411377 17.9380016326904 18.0960006713867 18.0180015563965 18.0120010375977 17.8270015716553 17.8650016784668 17.9690017700195 18.0670013427734 18.1190013885498 18.0520000457764
