layers/vpdmin11.asc
NCOLS 292 
NROWS 291 
XLLCORNER -87.6458333327872 
YLLCORNER 24.4791666666667 
CELLSIZE 0.0416666666669039 
NODATA_value -3.4e+38 
[rows 161 to 183 of 291, columns 106 to 158 of 292]
0.680000007152557 0.664000034332275 0.642000019550323 0.580000042915344 0.537000000476837 0.510000050067902 0.483000010251999 0.450000017881393 0.430000007152557 0.443000018596649 0.491000026464462 0.492000013589859 0.557000041007996 0.53600001335144 0.541000008583069 0.516000032424927 0.596000015735626 0.591000020503998 0.553000032901764 0.464000016450882 0.454000025987625 0.456000030040741 0.471000015735626 0.448000013828278 0.431000024080276 0.397000014781952 0.349000006914139 0.325000017881393 0.291000008583069 0.308000028133392 0.358000010251999 0.417000025510788 0.439000010490417 0.386000007390976 0.467000007629395 0.525000035762787 0.641000032424927 0.788000047206879 0.893000066280365 0.980000019073486 0.780000030994415 0.709000051021576 0.720000028610229 0.857000052928925 1.13700008392334 1.307000041008 1.14900004863739 -3.4e+38 -3.4e+38 -3.4e+38 -3.4e+38 -3.4e+38 -3.4e+38
0.630000054836273 0.590000033378601 0.550000011920929 0.498000025749207 0.5 0.467000007629395 0.41200003027916 0.365000009536743 0.389000028371811 0.429000020027161 0.475000023841858 0.489000022411346 0.485000014305115 0.52400004863739 0.570000052452087 0.594000041484833 0.549000024795532 0.545000016689301 0.52400004863739 0.475000023841858 0.452000021934509 0.489000022411346 0.539000034332275 0.568000018596649 0.493000030517578 0.463000029325485 0.432000011205673 0.407000005245209 0.368000030517578 0.385000020265579 0.423000007867813 0.477000027894974 0.487000018358231 0.466000020503998 0.507000029087067 0.539000034332275 0.592000007629395 0.684000015258789 0.755000054836273 0.840000033378601 0.672000050544739 0.549000024795532 0.526000022888184 0.624000012874603 0.871000051498413 1.11900007724762 1.12700009346008 -3.4e+38 -3.4e+38 -3.4e+38 -3.4e+38 -3.4e+38 -3.4e+38
0.603000044822693 0.549000024795532 0.523000001907349 0.485000014305115 0.456000030040741 0.410000026226044 0.340000003576279 0.324000000953674 0.373000025749207 0.462000012397766 0.467000007629395 0.484000027179718 0.53300005197525 0.567000031471252 0.587999999523163 0.584000051021576 0.564000010490417 0.511000037193298 0.461000025272369 0.417000025510788 0.503000020980835 0.605000019073486 0.674000024795532 0.66100001335144 0.583000004291534 0.54200005531311 0.492000013589859 0.499000012874603 0.483000010251999 0.480000019073486 0.550000011920929 0.577000021934509 0.501000046730042 0.513999998569489 0.522000014781952 0.540000021457672 0.610000014305115 0.666000008583069 0.687000036239624 0.665000021457672 0.609000027179718 0.453000009059906 0.401000022888184 0.481000036001205 0.672000050544739 0.931000053882599 1.12400007247925 -3.4e+38 -3.4e+38 -3.4e+38 -3.4e+38 -3.4e+38 -3.4e+38
0.544000029563904 0.50600004196167 0.485000014305115 0.454000025987625 0.419000029563904 0.403000026941299 0.336000025272369 0.357000023126602 0.40200001001358 0.461000025272369 0.492000013589859 0.51500004529953 0.54200005531311 0.559000015258789 0.537000000476837 0.554000020027161 0.532000005245209 0.563000023365021 0.50600004196167 0.513999998569489 0.665000021457672 0.780000030994415 0.860000014305115 0.835000038146973 0.734000027179718 0.653000056743622 0.571000039577484 0.569000005722046 0.582000017166138 0.612000048160553 0.636000037193298 0.601000010967255 0.587999999523163 0.508000016212463 0.537000000476837 0.564000010490417 0.648000001907349 0.65200001001358 0.63400000333786 0.600000023841858 0.595000028610229 0.410000026226044 0.347000002861023 0.431000024080276 0.553000032901764 0.820000052452087 1.06300008296967 1.03800010681152 -3.4e+38 -3.4e+38 -3.4e+38 -3.4e+38 -3.4e+38
0.46900001168251 0.425000011920929 0.425000011920929 0.420000016689301 0.419000029563904 0.409000009298325 0.368000030517578 0.379000008106232 0.422000020742416 0.490000009536743 0.526000022888184 0.534000039100647 0.547000050544739 0.564000010490417 0.531000018119812 0.512000024318695 0.51500004529953 0.548000037670135 0.654000043869019 0.699000060558319 0.836000025272369 1.00300002098083 1.15600001811981 1.06200003623962 0.859000027179718 0.751000046730042 0.673000037670135 0.632000029087067 0.654000043869019 0.702000021934509 0.694000005722046 0.636000037193298 0.618000030517578 0.544000029563904 0.591000020503998 0.66100001335144 0.66700005531311 0.664000034332275 0.654000043869019 0.615000009536743 0.530000030994415 0.451000034809113 0.417000025510788 0.449000030755997 0.517000019550323 0.712000012397766 0.916000068187714 0.977000057697296 -3.4e+38 -3.4e+38 -3.4e+38 -3.4e+38 -3.4e+38
0.380000025033951 0.345000028610229 0.383000016212463 0.424000024795532 0.458000034093857 0.442000031471252 0.395000010728836 0.427000015974045 0.46000000834465 0.489000022411346 0.513999998569489 0.52700001001358 0.504000008106232 0.504999995231628 0.5 0.484000027179718 0.504000008106232 0.51800000667572 0.616000056266785 0.687000036239624 0.80100005865097 1.06800007820129 1.24500000476837 1.09900009632111 0.89900004863739 0.769000053405762 0.678000032901764 0.64900004863739 0.664000034332275 0.698000013828278 0.670000016689301 0.583000004291534 0.587999999523163 0.599000036716461 0.654000043869019 0.724000036716461 0.65800005197525 0.63400000333786 0.609000027179718 0.570000052452087 0.544000029563904 0.5 0.461000025272369 0.47900003194809 0.539000034332275 0.636000037193298 0.828000068664551 0.939000070095062 -3.4e+38 -3.4e+38 -3.4e+38 -3.4e+38 -3.4e+38
0.405000030994415 0.401000022888184 0.430000007152557 0.445000022649765 0.467000007629395 0.425000011920929 0.429000020027161 0.443000018596649 0.480000019073486 0.498000025749207 0.507000029087067 0.504000008106232 0.520000040531158 0.525000035762787 0.513000011444092 0.504000008106232 0.522000014781952 0.532000005245209 0.545000016689301 0.569000005722046 0.687000036239624 0.824000060558319 0.960000038146973 0.929000020027161 0.821000039577484 0.726000010967255 0.669000029563904 0.651000022888184 0.671000003814697 0.671000003814697 0.654000043869019 0.632000029087067 0.645000040531158 0.669000029563904 0.705000042915344 0.714000046253204 0.627000033855438 0.623000025749207 0.654000043869019 0.657000005245209 0.596000015735626 0.560000002384186 0.522000014781952 0.527999997138977 0.574000000953674 0.627000033855438 0.789000034332275 0.902000069618225 0.840000033378601 -3.4e+38 -3.4e+38 -3.4e+38 -3.4e+38
0.494000017642975 0.466000020503998 0.487000018358231 0.492000013589859 0.473000019788742 0.455000013113022 0.423000007867813 0.462000012397766 0.461000025272369 0.485000014305115 0.491000026464462 0.497000008821487 0.519000053405762 0.52400004863739 0.497000008821487 0.492000013589859 0.516000032424927 0.499000012874603 0.549000024795532 0.590000033378601 0.64000004529953 0.681000053882599 0.775000035762787 0.809000015258789 0.744000017642975 0.66100001335144 0.605000019073486 0.60400003194809 0.64000004529953 0.625 0.607000052928925 0.625 0.645000040531158 0.67600005865097 0.722000062465668 0.754000008106232 0.740000009536743 0.74700003862381 0.754000008106232 0.707000017166138 0.686000049114227 0.645000040531158 0.641000032424927 0.628000020980835 0.633000016212463 0.679000020027161 0.784000039100647 0.879000067710876 0.900000035762787 -3.4e+38 -3.4e+38 -3.4e+38 -3.4e+38
0.578000009059906 0.546000003814697 0.572000026702881 0.540000021457672 0.495000034570694 0.473000019788742 0.447000026702881 0.420000016689301 0.416000008583069 0.438000023365021 0.452000021934509 0.474000036716461 0.467000007629395 0.491000026464462 0.526000022888184 0.543000042438507 0.563000023365021 0.544000029563904 0.554000020027161 0.579000055789948 0.638000011444092 0.670000016689301 0.720000028610229 0.710000038146973 0.684000015258789 0.63400000333786 0.606000006198883 0.576000034809113 0.548000037670135 0.54200005531311 0.550999999046326 0.569000005722046 0.586000025272369 0.668000042438507 0.740000009536743 0.771000027656555 0.782000064849854 0.714000046253204 0.750000059604645 0.74700003862381 0.759000062942505 0.752000033855438 0.740000009536743 0.727000057697296 0.717000007629395 0.750000059604645 0.810000061988831 0.877000033855438 0.941000044345856 0.835000038146973 -3.4e+38 -3.4e+38 -3.4e+38
0.696000039577484 0.64000004529953 0.595000028610229 0.547000050544739 0.472000032663345 0.429000020027161 0.416000008583069 0.401000022888184 0.395000010728836 0.382000029087067 0.415000021457672 0.440000027418137 0.457000017166138 0.475000023841858 0.539000034332275 0.537000000476837 0.548000037670135 0.569000005722046 0.575000047683716 0.623000025749207 0.651000022888184 0.697000026702881 0.715000033378601 0.696000039577484 0.692000031471252 0.690000057220459 0.673000037670135 0.62200003862381 0.560000002384186 0.50900000333786 0.474000036716461 0.496000021696091 0.562000036239624 0.650000035762787 0.722000062465668 0.797000050544739 0.862000048160553 0.796000063419342 0.839000046253204 0.927000045776367 0.901000022888184 0.900000035762787 0.873000025749207 0.805000066757202 0.757000029087067 0.734000027179718 0.794000029563904 0.849000036716461 0.893000066280365 0.910000026226044 -3.4e+38 -3.4e+38 -3.4e+38
0.954000055789948 0.741000056266785 0.656000018119812 0.541000008583069 0.463000029325485 0.422000020742416 0.398000031709671 0.406000018119812 0.389000028371811 0.403000026941299 0.420000016689301 0.450000017881393 0.467000007629395 0.48800003528595 0.5 0.538000047206879 0.561000049114227 0.576000034809113 0.608000040054321 0.641000032424927 0.665000021457672 0.714000046253204 0.739000022411346 0.698000013828278 0.692000031471252 0.665000021457672 0.656000018119812 0.618000030517578 0.545000016689301 0.47900003194809 0.451000034809113 0.46900001168251 0.571000039577484 0.628000020980835 0.686000049114227 0.779000043869019 0.858000040054321 0.887000024318695 0.961000025272369 1.0660001039505 1.11600005626678 1.07000005245209 0.971000075340271 0.884000062942505 0.800000011920929 0.751000046730042 0.743000030517578 0.780000030994415 0.869000017642975 0.960000038146973 0.900000035762787 -3.4e+38 -3.4e+38
1.30000007152557 1.01300001144409 0.695000052452087 0.567000031471252 0.474000036716461 0.420000016689301 0.405000030994415 0.401000022888184 0.424000024795532 0.429000020027161 0.453000009059906 0.468000024557114 0.464000016450882 0.496000021696091 0.527999997138977 0.567000031471252 0.589000046253204 0.596000015735626 0.639000058174133 0.679000020027161 0.700000047683716 0.720000028610229 0.741000056266785 0.742000043392181 0.706000030040741 0.666000008583069 0.664000034332275 0.624000012874603 0.575000047683716 0.526000022888184 0.494000017642975 0.499000012874603 0.584000051021576 0.624000012874603 0.675000011920929 0.766000032424927 0.869000017642975 0.962000072002411 1.04300010204315 1.12000000476837 1.18900001049042 1.11000001430511 1.0090000629425 0.86300003528595 0.802000045776367 0.743000030517578 0.697000026702881 0.773000061511993 0.838000059127808 0.918000042438507 0.965000033378601 -3.4e+38 -3.4e+38
-3.4e+38 1.36500000953674 0.996000051498413 0.697000026702881 0.555000007152557 0.473000019788742 0.428000032901764 0.423000007867813 0.442000031471252 0.457000017166138 0.451000034809113 0.441000014543533 0.491000026464462 0.513999998569489 0.543000042438507 0.577000021934509 0.62200003862381 0.636000037193298 0.67600005865097 0.719000041484833 0.78300005197525 0.820000052452087 0.816000044345856 0.833000063896179 0.779000043869019 0.734000027179718 0.72900003194809 0.703000009059906 0.638000011444092 0.589000046253204 0.576000034809113 0.579000055789948 0.61300003528595 0.636000037193298 0.691000044345856 0.772000014781952 0.884000062942505 0.965000033378601 1.04100000858307 1.10000002384186 1.13800001144409 1.10699999332428 0.942000031471252 0.864000022411346 0.741000056266785 0.707000017166138 0.695000052452087 0.760000050067902 0.780000030994415 0.874000012874603 1.01600003242493 0.929000020027161 -3.4e+38
-3.4e+38 1.807000041008 1.43400001525879 1.05599999427795 0.697000026702881 0.629000008106232 0.550999999046326 0.47900003194809 0.473000019788742 0.450000017881393 0.437000006437302 0.461000025272369 0.513000011444092 0.543000042438507 0.564000010490417 0.608000040054321 0.659000039100647 0.681000053882599 0.702000021934509 0.745000064373016 0.813000023365021 0.888000071048737 0.920000016689301 0.954000055789948 0.89000004529953 0.844000041484833 0.824000060558319 0.78300005197525 0.72900003194809 0.683000028133392 0.665000021457672 0.635000050067902 0.668000042438507 0.732000052928925 0.769000053405762 0.733000040054321 0.804000020027161 0.895000040531158 0.949000060558319 0.992000043392181 1.03900003433228 1.03299999237061 0.925000071525574 0.778000056743622 0.671000003814697 0.728000044822693 0.703000009059906 0.737000048160553 0.75600004196167 0.826000034809113 1.00300002098083 1.00400006771088 -3.4e+38
-3.4e+38 2.125 1.932000041008 1.51500010490417 1.09100008010864 0.817000031471252 0.720000028610229 0.630000054836273 0.596000015735626 0.54200005531311 0.5 0.493000030517578 0.51500004529953 0.540000021457672 0.585000038146973 0.627000033855438 0.671000003814697 0.720000028610229 0.740000009536743 0.784000039100647 0.889000058174133 0.936000049114227 0.972000062465668 1.01400005817413 0.99700003862381 0.950000047683716 0.89000004529953 0.851000010967255 0.78300005197525 0.746000051498413 0.734000027179718 0.725000023841858 0.684000015258789 0.73800003528595 0.734000027179718 0.688000023365021 0.741000056266785 0.758000016212463 0.769000053405762 0.775000035762787 0.827000021934509 0.785000026226044 0.779000043869019 0.664000034332275 0.656000018119812 0.704000055789948 0.684000015258789 0.708000004291534 0.752000033855438 0.804000020027161 0.930000066757202 1.08100008964539 1.03900003433228
-3.4e+38 -3.4e+38 -3.4e+38 -3.4e+38 1.66700005531311 1.31300008296967 1.07700002193451 0.896000027656555 0.758000016212463 0.685000061988831 0.642000019550323 0.600000023841858 0.569000005722046 0.568000018596649 0.611000001430511 0.657000005245209 0.709000051021576 0.725000023841858 0.762000024318695 0.857000052928925 0.929000020027161 1.03400003910065 1.11300003528595 1.12999999523163 1.10800004005432 1.05200004577637 0.969000041484833 0.884000062942505 0.78300005197525 0.769000053405762 0.754000008106232 0.748000025749207 0.713000059127808 0.724000036716461 0.711000025272369 0.669000029563904 0.573000013828278 0.641000032424927 0.657000005245209 0.630000054836273 0.626000046730042 0.606000006198883 0.554000020027161 0.558000028133392 0.599000036716461 0.651000022888184 0.669000029563904 0.728000044822693 0.739000022411346 0.823000013828278 0.884000062942505 1.06100010871887 1.10600006580353
-3.4e+38 -3.4e+38 -3.4e+38 -3.4e+38 2.10600018501282 1.93600010871887 1.72000002861023 1.45800006389618 1.17300009727478 0.927000045776367 0.796000063419342 0.721000015735626 0.673000037670135 0.614000022411346 0.628000020980835 0.67600005865097 0.716000020503998 0.755000054836273 0.839000046253204 0.910000026226044 0.981000065803528 1.09300005435944 1.22900009155273 1.33300006389618 1.31500005722046 1.19000005722046 1.05099999904633 0.930000066757202 0.828000068664551 0.746000051498413 0.754000008106232 0.734000027179718 0.714000046253204 0.699000060558319 0.724000036716461 0.636000037193298 0.535000026226044 0.485000014305115 0.63400000333786 0.660000026226044 0.618000030517578 0.530000030994415 0.396000027656555 0.468000024557114 0.608000040054321 0.636000037193298 0.673000037670135 0.712000012397766 0.745000064373016 0.808000028133392 0.912000060081482 1.01400005817413 1.11600005626678
-3.4e+38 -3.4e+38 -3.4e+38 -3.4e+38 2.28800010681152 -3.4e+38 -3.4e+38 -3.4e+38 1.63800013065338 1.35900008678436 1.0200001001358 0.815000057220459 0.775000035762787 0.703000009059906 0.646000027656555 0.671000003814697 0.720000028610229 0.78300005197525 0.85400003194809 0.915000021457672 1.00999999046326 1.12400007247925 1.27900004386902 1.44800007343292 1.42800009250641 1.25200009346008 1.09900009632111 0.939000070095062 0.829000055789948 0.731000006198883 0.714000046253204 0.724000036716461 0.723000049591064 0.698000013828278 0.778000056743622 0.684000015258789 0.584000051021576 0.493000030517578 0.521000027656555 0.535000026226044 0.535000026226044 0.503000020980835 0.475000023841858 0.532000005245209 0.575000047683716 0.619000017642975 0.674000024795532 0.723000049591064 0.772000014781952 0.835000038146973 0.940000057220459 1.00999999046326 1.10400009155273
-3.4e+38 -3.4e+38 -3.4e+38 -3.4e+38 -3.4e+38 -3.4e+38 -3.4e+38 -3.4e+38 -3.4e+38 -3.4e+38 1.33800005912781 0.925000071525574 0.799000024795532 0.761000037193298 0.703000009059906 0.685000061988831 0.708000004291534 0.776000022888184 0.838000059127808 0.891000032424927 0.974000036716461 1.08800005912781 1.19800007343292 1.29300010204315 1.29900002479553 1.20000004768372 1.03500008583069 0.885000050067902 0.812000036239624 0.707000017166138 0.675000011920929 0.701000034809113 0.744000017642975 0.710000038146973 0.749000012874603 0.617000043392181 0.552000045776367 0.503000020980835 0.510000050067902 0.51500004529953 0.527999997138977 0.556000053882599 0.606000006198883 0.636000037193298 0.660000026226044 0.651000022888184 0.701000034809113 0.757000029087067 0.798000037670135 0.858000040054321 0.913000047206879 0.959000051021576 1.02500009536743
-3.4e+38 -3.4e+38 -3.4e+38 -3.4e+38 -3.4e+38 -3.4e+38 -3.4e+38 -3.4e+38 -3.4e+38 -3.4e+38 1.68500006198883 1.21600008010864 0.880000054836273 0.781000018119812 0.720000028610229 0.702000021934509 0.726000010967255 0.784000039100647 0.827000021934509 0.85400003194809 0.932000041007996 1.00300002098083 1.07600009441376 1.09400010108948 1.08900010585785 1.02400004863739 0.909000039100647 0.799000024795532 0.744000017642975 0.739000022411346 0.694000005722046 0.705000042915344 0.72900003194809 0.732000052928925 0.744000017642975 0.623000025749207 0.52400004863739 0.52400004863739 0.485000014305115 0.553000032901764 0.567000031471252 0.624000012874603 0.659000039100647 0.700000047683716 0.689000010490417 0.650000035762787 0.679000020027161 0.734000027179718 0.79200005531311 0.828000068664551 0.860000014305115 0.911000072956085 0.939000070095062
-3.4e+38 -3.4e+38 -3.4e+38 -3.4e+38 -3.4e+38 -3.4e+38 -3.4e+38 -3.4e+38 -3.4e+38 -3.4e+38 -3.4e+38 1.49000012874603 1.03400003910065 0.826000034809113 0.767000019550323 0.723000049591064 0.716000020503998 0.760000050067902 0.813000023365021 0.848000049591064 0.874000012874603 0.903000056743622 0.949000060558319 0.986000061035156 0.963000059127808 0.894000053405762 0.834000051021576 0.784000039100647 0.718000054359436 0.698000013828278 0.684000015258789 0.745000064373016 0.791000008583069 0.749000012874603 0.749000012874603 0.662000060081482 0.575000047683716 0.504000008106232 0.517000019550323 0.556000053882599 0.620000004768372 0.646000027656555 0.64900004863739 0.722000062465668 0.722000062465668 0.659000039100647 0.659000039100647 0.712000012397766 0.764000058174133 0.810000061988831 0.830000042915344 0.847000062465668 0.885000050067902
-3.4e+38 -3.4e+38 -3.4e+38 -3.4e+38 -3.4e+38 -3.4e+38 -3.4e+38 -3.4e+38 -3.4e+38 -3.4e+38 -3.4e+38 1.69900012016296 1.18400001525879 0.820000052452087 0.796000063419342 0.726000010967255 0.733000040054321 0.829000055789948 0.844000041484833 0.814000010490417 0.811000049114227 0.840000033378601 0.877000033855438 0.861000061035156 0.862000048160553 0.829000055789948 0.780000030994415 0.737000048160553 0.74700003862381 0.730000019073486 0.713000059127808 0.788000047206879 0.813000023365021 0.755000054836273 0.775000035762787 0.691000044345856 0.646000027656555 0.619000017642975 0.578000009059906 0.603000044822693 0.629000008106232 0.660000026226044 0.682000041007996 0.719000041484833 0.727000057697296 0.700000047683716 0.710000038146973 0.757000029087067 0.79200005531311 0.80100005865097 0.833000063896179 0.88100004196167 0.895000040531158
-3.4e+38 -3.4e+38 -3.4e+38 -3.4e+38 -3.4e+38 -3.4e+38 -3.4e+38 -3.4e+38 -3.4e+38 -3.4e+38 -3.4e+38 -3.4e+38 1.39400005340576 0.904000043869019 0.748000025749207 0.67600005865097 0.699000060558319 0.76500004529953 0.784000039100647 0.788000047206879 0.770000040531158 0.775000035762787 0.784000039100647 0.780000030994415 0.767000019550323 0.771000027656555 0.736000061035156 0.720000028610229 0.753000020980835 0.752000033855438 0.779000043869019 0.844000041484833 0.912000060081482 0.809000015258789 0.837000012397766 0.76800000667572 0.677000045776367 0.571000039577484 0.587000012397766 0.584000051021576 0.616000056266785 0.67600005865097 0.746000051498413 0.764000058174133 0.674000024795532 0.737000048160553 0.800000011920929 0.842000067234039 0.825000047683716 0.859000027179718 0.909000039100647 0.920000016689301 0.89000004529953
