layers/vpdmin11.asc
NCOLS 292 
NROWS 291 
XLLCORNER -87.6458333327872 
YLLCORNER 24.4791666666667 
CELLSIZE 0.0416666666669039 
NODATA_value -3.4e+38 
[rows 23 to 45 of 291, columns 212 to 264 of 292]
0.739000022411346 0.639000058174133 0.475000023841858 0.403000026941299 0.456000030040741 0.517000019550323 0.572000026702881 0.574000000953674 0.561000049114227 0.576000034809113 0.569000005722046 0.589000046253204 0.611000001430511 0.629000008106232 0.650000035762787 0.665000021457672 0.715000033378601 0.75600004196167 0.820000052452087 0.844000041484833 0.842000067234039 0.842000067234039 0.85400003194809 0.846000015735626 0.853000044822693 0.848000049591064 0.841000020503998 0.850000023841858 0.833000063896179 0.814000010490417 0.795000016689301 0.766000032424927 0.748000025749207 0.75600004196167 0.733000040054321 0.775000035762787 0.799000024795532 0.855000019073486 0.91700005531311 1.00600004196167 1.07400000095367 1.12100005149841 1.13300001621246 1.08300006389618 0.978000044822693 0.89000004529953 0.809000015258789 0.742000043392181 0.723000049591064 0.718000054359436 0.735000014305115 0.730000019073486 0.724000036716461
0.695000052452087 0.646000027656555 0.586000025272369 0.548000037670135 0.546000003814697 0.576000034809113 0.567000031471252 0.546000003814697 0.548000037670135 0.527999997138977 0.51500004529953 0.520000040531158 0.555000007152557 0.610000014305115 0.63400000333786 0.668000042438507 0.677000045776367 0.713000059127808 0.769000053405762 0.798000037670135 0.809000015258789 0.811000049114227 0.830000042915344 0.840000033378601 0.844000041484833 0.845000028610229 0.847000062465668 0.85400003194809 0.846000015735626 0.825000047683716 0.80100005865097 0.767000019550323 0.746000051498413 0.724000036716461 0.726000010967255 0.779000043869019 0.827000021934509 0.889000058174133 0.960000038146973 1.07100009918213 1.16600000858307 1.1910001039505 1.08900010585785 0.99700003862381 0.89900004863739 0.775000035762787 0.721000015735626 0.668000042438507 0.66100001335144 0.662000060081482 0.664000034332275 0.669000029563904 0.680000007152557
0.698000013828278 0.671000003814697 0.660000026226044 0.633000016212463 0.623000025749207 0.606000006198883 0.568000018596649 0.556000053882599 0.539000034332275 0.484000027179718 0.440000027418137 0.487000018358231 0.549000024795532 0.607000052928925 0.645000040531158 0.664000034332275 0.669000029563904 0.671000003814697 0.709000051021576 0.714000046253204 0.721000015735626 0.750000059604645 0.790000021457672 0.826000034809113 0.840000033378601 0.850000023841858 0.86300003528595 0.862000048160553 0.859000027179718 0.834000051021576 0.821000039577484 0.805000066757202 0.790000021457672 0.77400004863739 0.780000030994415 0.79200005531311 0.841000020503998 0.904000043869019 0.97900003194809 1.07800006866455 1.18500006198883 1.22700011730194 1.17599999904633 1.06800007820129 0.806000053882599 0.608000040054321 0.63100004196167 0.637000024318695 0.626000046730042 0.63100004196167 0.628000020980835 0.648000001907349 0.668000042438507
0.705000042915344 0.702000021934509 0.697000026702881 0.670000016689301 0.641000032424927 0.616000056266785 0.585000038146973 0.589000046253204 0.581000030040741 0.543000042438507 0.5 0.519000053405762 0.559000015258789 0.620000004768372 0.63100004196167 0.647000014781952 0.668000042438507 0.668000042438507 0.64000004529953 0.624000012874603 0.62200003862381 0.671000003814697 0.737000048160553 0.789000034332275 0.828000068664551 0.85400003194809 0.87200003862381 0.864000022411346 0.867000043392181 0.860000014305115 0.850000023841858 0.845000028610229 0.819000065326691 0.804000020027161 0.803000032901764 0.820000052452087 0.857000052928925 0.900000035762787 0.955000042915344 1.02799999713898 1.11300003528595 1.14800000190735 1.1360000371933 0.955000042915344 0.692000031471252 0.567000031471252 0.614000022411346 0.678000032901764 0.725000023841858 0.76800000667572 0.739000022411346 0.699000060558319 0.686000049114227
0.739000022411346 0.737000048160553 0.735000014305115 0.711000025272369 0.692000031471252 0.65800005197525 0.638000011444092 0.64000004529953 0.616000056266785 0.584000051021576 0.567000031471252 0.584000051021576 0.619000017642975 0.638000011444092 0.635000050067902 0.670000016689301 0.704000055789948 0.691000044345856 0.653000056743622 0.574000000953674 0.52400004863739 0.605000019073486 0.694000005722046 0.770000040531158 0.794000029563904 0.823000013828278 0.851000010967255 0.87200003862381 0.870000064373016 0.886000037193298 0.89900004863739 0.889000058174133 0.86300003528595 0.847000062465668 0.835000038146973 0.843000054359436 0.862000048160553 0.885000050067902 0.907000064849854 0.969000041484833 1.00300002098083 1 0.969000041484833 0.832000017166138 0.700000047683716 0.684000015258789 0.771000027656555 0.87200003862381 0.968000054359436 0.980000019073486 0.955000042915344 0.912000060081482 0.875000059604645
0.764000058174133 0.767000019550323 0.755000054836273 0.736000061035156 0.725000023841858 0.697000026702881 0.679000020027161 0.716000020503998 0.690000057220459 0.669000029563904 0.660000026226044 0.655000030994415 0.663000047206879 0.686000049114227 0.681000053882599 0.710000038146973 0.742000043392181 0.735000014305115 0.692000031471252 0.637000024318695 0.636000037193298 0.680000007152557 0.731000006198883 0.76800000667572 0.803000032901764 0.820000052452087 0.841000020503998 0.849000036716461 0.884000062942505 0.946000039577484 0.975000023841858 0.934000015258789 0.912000060081482 0.885000050067902 0.866000056266785 0.864000022411346 0.868000030517578 0.875000059604645 0.901000022888184 0.918000042438507 0.939000070095062 0.935000061988831 0.915000021457672 0.852000057697296 0.812000036239624 0.785000026226044 0.897000014781952 1.11100006103516 1.33300006389618 1.31000006198883 1.26800000667572 1.23100006580353 1.17000007629395
0.78300005197525 0.767000019550323 0.748000025749207 0.732000052928925 0.744000017642975 0.741000056266785 0.73800003528595 0.737000048160553 0.710000038146973 0.715000033378601 0.679000020027161 0.675000011920929 0.709000051021576 0.707000017166138 0.726000010967255 0.725000023841858 0.769000053405762 0.794000029563904 0.771000027656555 0.759000062942505 0.798000037670135 0.809000015258789 0.782000064849854 0.791000008583069 0.799000024795532 0.794000029563904 0.819000065326691 0.833000063896179 0.876000046730042 0.953000068664551 0.998000025749207 0.960000038146973 0.924000024795532 0.887000024318695 0.876000046730042 0.871000051498413 0.845000028610229 0.864000022411346 0.877000033855438 0.894000053405762 0.907000064849854 0.905000030994415 0.882000029087067 0.875000059604645 0.86300003528595 0.875000059604645 0.969000041484833 1.16600000858307 1.36100006103516 1.40700006484985 1.48100006580353 1.44900012016296 1.34200000762939
0.820000052452087 0.791000008583069 0.769000053405762 0.784000039100647 0.802000045776367 0.809000015258789 0.795000016689301 0.821000039577484 0.781000018119812 0.735000014305115 0.712000012397766 0.709000051021576 0.688000023365021 0.675000011920929 0.689000010490417 0.722000062465668 0.744000017642975 0.760000050067902 0.828000068664551 0.869000017642975 0.902000069618225 0.880000054836273 0.829000055789948 0.793000042438507 0.794000029563904 0.795000016689301 0.797000050544739 0.796000063419342 0.810000061988831 0.868000030517578 0.90800005197525 0.906000018119812 0.894000053405762 0.874000012874603 0.859000027179718 0.855000019073486 0.849000036716461 0.859000027179718 0.861000061035156 0.880000054836273 0.880000054836273 0.884000062942505 0.880000054836273 0.883000016212463 0.896000027656555 0.914000034332275 0.950000047683716 1.05000007152557 1.16200006008148 1.2610000371933 1.31500005722046 1.3950001001358 1.37400007247925
0.839000046253204 0.832000017166138 0.841000020503998 0.835000038146973 0.844000041484833 0.831000030040741 0.857000052928925 0.860000014305115 0.790000021457672 0.767000019550323 0.730000019073486 0.696000039577484 0.672000050544739 0.688000023365021 0.700000047683716 0.711000025272369 0.749000012874603 0.773000061511993 0.77400004863739 0.795000016689301 0.842000067234039 0.848000049591064 0.794000029563904 0.770000040531158 0.784000039100647 0.810000061988831 0.79200005531311 0.78300005197525 0.78300005197525 0.791000008583069 0.816000044345856 0.834000051021576 0.840000033378601 0.831000030040741 0.824000060558319 0.829000055789948 0.834000051021576 0.841000020503998 0.849000036716461 0.875000059604645 0.864000022411346 0.868000030517578 0.876000046730042 0.894000053405762 0.914000034332275 0.90800005197525 0.920000016689301 0.946000039577484 0.977000057697296 0.999000072479248 1.01900005340576 1.13500010967255 1.22100007534027
0.944000065326691 0.955000042915344 0.912000060081482 0.855000019073486 0.851000010967255 0.859000027179718 0.88100004196167 0.87200003862381 0.839000046253204 0.771000027656555 0.720000028610229 0.707000017166138 0.673000037670135 0.674000024795532 0.694000005722046 0.711000025272369 0.724000036716461 0.731000006198883 0.724000036716461 0.728000044822693 0.754000008106232 0.771000027656555 0.745000064373016 0.732000052928925 0.735000014305115 0.749000012874603 0.750000059604645 0.739000022411346 0.734000027179718 0.725000023841858 0.734000027179718 0.748000025749207 0.771000027656555 0.78600001335144 0.80100005865097 0.808000028133392 0.812000036239624 0.822000026702881 0.836000025272369 0.864000022411346 0.866000056266785 0.870000064373016 0.878000020980835 0.88100004196167 0.884000062942505 0.89000004529953 0.879000067710876 0.861000061035156 0.830000042915344 0.807000041007996 0.838000059127808 0.905000030994415 0.939000070095062
1.04800009727478 1.05000007152557 0.935000061988831 0.879000067710876 0.865000069141388 0.867000043392181 0.894000053405762 0.886000037193298 0.864000022411346 0.779000043869019 0.73800003528595 0.723000049591064 0.685000061988831 0.677000045776367 0.677000045776367 0.682000041007996 0.680000007152557 0.683000028133392 0.683000028133392 0.67600005865097 0.687000036239624 0.710000038146973 0.713000059127808 0.706000030040741 0.691000044345856 0.671000003814697 0.674000024795532 0.690000057220459 0.691000044345856 0.646000027656555 0.642000019550323 0.665000021457672 0.695000052452087 0.732000052928925 0.760000050067902 0.767000019550323 0.782000064849854 0.787000060081482 0.800000011920929 0.838000059127808 0.865000069141388 0.874000012874603 0.862000048160553 0.869000017642975 0.889000058174133 0.895000040531158 0.862000048160553 0.784000039100647 0.709000051021576 0.654000043869019 0.620000004768372 0.707000017166138 0.795000016689301
1.14400005340576 1.09300005435944 0.999000072479248 0.951000034809113 0.891000032424927 0.905000030994415 0.905000030994415 0.880000054836273 0.850000023841858 0.805000066757202 0.742000043392181 0.717000007629395 0.684000015258789 0.654000043869019 0.641000032424927 0.64000004529953 0.64300000667572 0.642000019550323 0.607000052928925 0.609000027179718 0.611000001430511 0.619000017642975 0.638000011444092 0.663000047206879 0.645000040531158 0.636000037193298 0.632000029087067 0.656000018119812 0.654000043869019 0.623000025749207 0.618000030517578 0.644000053405762 0.669000029563904 0.697000026702881 0.728000044822693 0.75600004196167 0.766000032424927 0.781000018119812 0.803000032901764 0.823000013828278 0.831000030040741 0.855000019073486 0.874000012874603 0.884000062942505 0.89900004863739 0.907000064849854 0.875000059604645 0.787000060081482 0.659000039100647 0.549000024795532 0.553000032901764 0.594000041484833 0.832000017166138
1.22400009632111 1.13900005817413 1.05900001525879 0.995000064373016 0.948000073432922 0.939000070095062 0.909000039100647 0.882000029087067 0.855000019073486 0.804000020027161 0.750000059604645 0.709000051021576 0.664000034332275 0.618000030517578 0.584000051021576 0.579000055789948 0.557000041007996 0.540000021457672 0.558000028133392 0.575000047683716 0.580000042915344 0.584000051021576 0.584000051021576 0.603000044822693 0.624000012874603 0.619000017642975 0.619000017642975 0.624000012874603 0.633000016212463 0.630000054836273 0.64000004529953 0.639000058174133 0.659000039100647 0.685000061988831 0.710000038146973 0.734000027179718 0.750000059604645 0.781000018119812 0.808000028133392 0.814000010490417 0.815000057220459 0.850000023841858 0.880000054836273 0.89000004529953 0.89000004529953 0.900000035762787 0.880000054836273 0.799000024795532 0.682000041007996 0.567000031471252 0.619000017642975 0.689000010490417 0.790000021457672
1.27900004386902 1.23600006103516 1.13200008869171 1.01700007915497 0.954000055789948 0.947000026702881 0.92600005865097 0.885000050067902 0.831000030040741 0.800000011920929 0.748000025749207 0.701000034809113 0.633000016212463 0.607000052928925 0.567000031471252 0.541000008583069 0.521000027656555 0.494000017642975 0.480000019073486 0.467000007629395 0.520000040531158 0.519000053405762 0.559000015258789 0.560000002384186 0.600000023841858 0.607000052928925 0.60400003194809 0.599000036716461 0.610000014305115 0.619000017642975 0.618000030517578 0.633000016212463 0.644000053405762 0.666000008583069 0.675000011920929 0.698000013828278 0.722000062465668 0.761000037193298 0.782000064849854 0.79200005531311 0.813000023365021 0.840000033378601 0.906000018119812 0.900000035762787 0.891000032424927 0.896000027656555 0.893000066280365 0.848000049591064 0.773000061511993 0.690000057220459 0.761000037193298 0.834000051021576 0.904000043869019
1.40100002288818 1.29500007629395 1.16500008106232 1.03500008583069 0.952000021934509 0.875000059604645 0.845000028610229 0.829000055789948 0.775000035762787 0.73800003528595 0.671000003814697 0.656000018119812 0.636000037193298 0.621000051498413 0.568000018596649 0.530000030994415 0.477000027894974 0.442000031471252 0.426000028848648 0.417000025510788 0.405000030994415 0.445000022649765 0.47800001502037 0.522000014781952 0.574000000953674 0.572000026702881 0.566000044345856 0.564000010490417 0.570000052452087 0.572000026702881 0.584000051021576 0.599000036716461 0.624000012874603 0.63400000333786 0.650000035762787 0.678000032901764 0.716000020503998 0.742000043392181 0.754000008106232 0.767000019550323 0.76800000667572 0.76500004529953 0.857000052928925 0.892000019550323 0.915000021457672 0.930000066757202 0.934000015258789 0.898000061511993 0.839000046253204 0.787000060081482 0.859000027179718 0.954000055789948 1.09300005435944
1.43600010871887 1.2940000295639 1.1690000295639 1.04000008106232 0.965000033378601 0.864000022411346 0.820000052452087 0.789000034332275 0.739000022411346 0.708000004291534 0.639000058174133 0.64900004863739 0.642000019550323 0.623000025749207 0.573000013828278 0.52700001001358 0.463000029325485 0.409000009298325 0.356000006198883 0.355000019073486 0.364000022411346 0.419000029563904 0.445000022649765 0.50900000333786 0.539000034332275 0.544000029563904 0.53300005197525 0.523000001907349 0.517000019550323 0.5 0.512000024318695 0.532000005245209 0.559000015258789 0.586000025272369 0.614000022411346 0.656000018119812 0.690000057220459 0.714000046253204 0.734000027179718 0.763000011444092 0.787000060081482 0.806000053882599 0.840000033378601 0.896000027656555 0.942000031471252 0.97900003194809 1.0090000629425 0.993000030517578 0.958000063896179 0.916000068187714 0.949000060558319 0.968000054359436 1.10800004005432
1.31900000572205 1.23000001907349 1.11600005626678 1.02400004863739 0.891000032424927 0.822000026702881 0.755000054836273 0.703000009059906 0.680000007152557 0.690000057220459 0.64300000667572 0.650000035762787 0.612000048160553 0.581000030040741 0.549000024795532 0.497000008821487 0.445000022649765 0.400000005960464 0.371000021696091 0.379000008106232 0.38400000333786 0.397000014781952 0.422000020742416 0.485000014305115 0.507000029087067 0.510000050067902 0.502000033855438 0.491000026464462 0.468000024557114 0.445000022649765 0.425000011920929 0.435000032186508 0.493000030517578 0.547000050544739 0.606000006198883 0.641000032424927 0.665000021457672 0.701000034809113 0.740000009536743 0.76500004529953 0.795000016689301 0.823000013828278 0.874000012874603 0.942000031471252 1.03800010681152 1.125 1.15600001811981 1.11900007724762 1.05400002002716 0.97900003194809 0.920000016689301 0.923000037670135 0.953000068664551
1.21700000762939 1.10199999809265 1.00300002098083 0.89000004529953 0.817000031471252 0.759000062942505 0.672000050544739 0.688000023365021 0.646000027656555 0.654000043869019 0.603000044822693 0.615000009536743 0.597000002861023 0.561000049114227 0.508000016212463 0.470000028610229 0.439000010490417 0.423000007867813 0.406000018119812 0.420000016689301 0.422000020742416 0.401000022888184 0.415000021457672 0.453000009059906 0.464000016450882 0.468000024557114 0.473000019788742 0.462000012397766 0.433000028133392 0.391000032424927 0.355000019073486 0.357000023126602 0.451000034809113 0.535000026226044 0.593000054359436 0.638000011444092 0.65800005197525 0.67600005865097 0.721000015735626 0.755000054836273 0.790000021457672 0.836000025272369 0.898000061511993 0.989000022411346 1.10800004005432 1.24600005149841 1.30000007152557 1.22400009632111 1.09900009632111 1.0220000743866 0.969000041484833 0.936000049114227 0.954000055789948
1.03400003910065 0.974000036716461 0.885000050067902 0.793000042438507 0.759000062942505 0.698000013828278 0.654000043869019 0.614000022411346 0.615000009536743 0.598000049591064 0.599000036716461 0.61300003528595 0.550000011920929 0.52700001001358 0.494000017642975 0.464000016450882 0.463000029325485 0.457000017166138 0.422000020742416 0.416000008583069 0.407000005245209 0.417000025510788 0.416000008583069 0.41200003027916 0.431000024080276 0.433000028133392 0.425000011920929 0.395000010728836 0.375000029802322 0.355000019073486 0.355000019073486 0.38400000333786 0.466000020503998 0.546000003814697 0.611000001430511 0.655000030994415 0.668000042438507 0.672000050544739 0.715000033378601 0.751000046730042 0.802000045776367 0.859000027179718 0.932000041007996 1.01700007915497 1.11100006103516 1.21900010108948 1.24100005626678 1.16600000858307 1.08100008964539 1.01900005340576 1 1.00400006771088 1.0220000743866
0.922000050544739 0.856000065803528 0.816000044345856 0.74700003862381 0.696000039577484 0.659000039100647 0.619000017642975 0.574000000953674 0.566000044345856 0.572000026702881 0.527999997138977 0.546000003814697 0.521000027656555 0.495000034570694 0.480000019073486 0.473000019788742 0.455000013113022 0.434000015258789 0.415000021457672 0.408000022172928 0.409000009298325 0.410000026226044 0.419000029563904 0.41200003027916 0.418000012636185 0.413000017404556 0.389000028371811 0.350000023841858 0.329000025987625 0.339000016450882 0.380000025033951 0.439000010490417 0.507000029087067 0.570000052452087 0.642000019550323 0.717000007629395 0.689000010490417 0.684000015258789 0.724000036716461 0.773000061511993 0.833000063896179 0.928000032901764 1.02100002765656 1.08500003814697 1.1010000705719 1.09400010108948 1.01500010490417 0.98500007390976 0.992000043392181 1.02900004386902 1.10699999332428 1.14900004863739 1.21100008487701
0.781000018119812 0.758000016212463 0.715000033378601 0.674000024795532 0.614000022411346 0.574000000953674 0.570000052452087 0.546000003814697 0.525000035762787 0.516000032424927 0.517000019550323 0.475000023841858 0.465000033378601 0.474000036716461 0.497000008821487 0.476000010967255 0.442000031471252 0.418000012636185 0.399000018835068 0.383000016212463 0.387000024318695 0.401000022888184 0.414000034332275 0.410000026226044 0.404000014066696 0.405000030994415 0.383000016212463 0.342000007629395 0.307000011205673 0.328000009059906 0.399000018835068 0.483000010251999 0.556000053882599 0.600000023841858 0.663000047206879 0.704000055789948 0.690000057220459 0.721000015735626 0.769000053405762 0.855000019073486 0.954000055789948 1.04900002479553 1.1580001115799 1.22800004482269 1.20100009441376 1.08900010585785 0.930000066757202 0.878000020980835 0.977000057697296 1.12700009346008 1.28800010681152 1.39800012111664 1.51300013065338
0.715000033378601 0.686000049114227 0.641000032424927 0.61300003528595 0.557000041007996 0.51500004529953 0.523000001907349 0.519000053405762 0.529000043869019 0.486000031232834 0.490000009536743 0.457000017166138 0.399000018835068 0.459000021219254 0.459000021219254 0.451000034809113 0.442000031471252 0.418000012636185 0.401000022888184 0.385000020265579 0.381000012159348 0.405000030994415 0.42100003361702 0.439000010490417 0.435000032186508 0.437000006437302 0.424000024795532 0.406000018119812 0.39300000667572 0.409000009298325 0.466000020503998 0.531000018119812 0.595000028610229 0.630000054836273 0.669000029563904 0.699000060558319 0.725000023841858 0.799000024795532 0.875000059604645 1 1.16300010681152 1.29300010204315 1.39600002765656 1.48600006103516 1.46200001239777 1.37400007247925 1.25 1.19000005722046 1.2830001115799 1.43600010871887 1.61700010299683 1.75500011444092 1.88300013542175
0.728000044822693 0.685000061988831 0.589000046253204 0.531000018119812 0.489000022411346 0.450000017881393 0.484000027179718 0.502000033855438 0.513000011444092 0.50900000333786 0.437000006437302 0.432000011205673 0.432000011205673 0.430000007152557 0.450000017881393 0.448000013828278 0.435000032186508 0.428000032901764 0.415000021457672 0.394000023603439 0.390000015497208 0.424000024795532 0.455000013113022 0.453000009059906 0.470000028610229 0.472000032663345 0.475000023841858 0.470000028610229 0.468000024557114 0.491000026464462 0.527999997138977 0.560000002384186 0.632000029087067 0.64300000667572 0.716000020503998 0.742000043392181 0.815000057220459 0.885000050067902 1.00499999523163 1.22900009155273 1.5200001001358 1.69700002670288 1.84700012207031 1.91200006008148 1.87600004673004 1.79800009727478 1.68400013446808 1.67900013923645 1.78000009059906 1.88800013065338 2.00800013542175 2.12700009346008 2.1800000667572
