layers/vpdmax9.asc
NCOLS 292 
NROWS 291 
XLLCORNER -87.6458333327872 
YLLCORNER 24.4791666666667 
CELLSIZE 0.0416666666669039 
NODATA_value -3.4e+38 
[rows 72 to 95 of 291, columns 106 to 158 of 292]
14.9220008850098 15.0490007400513 15.3030004501343 15.4140005111694 15.7530012130737 16.0500011444092 16.1490001678467 16.189001083374 16.3340015411377 16.4500007629395 16.4780006408691 16.5799999237061 16.7440013885498 16.6950016021729 16.5570011138916 16.6580009460449 16.6940002441406 16.4490013122559 16.4280014038086 16.2680015563965 16.4670009613037 16.4600009918213 16.6000003814697 16.6790008544922 16.8190002441406 16.8690013885498 16.7189998626709 16.4940013885498 16.3210010528564 16.0440006256104 15.7290010452271 15.7250003814697 15.9630002975464 15.9440011978149 16.1450004577637 16.1140003204346 16.1420001983643 16.2630004882812 16.3720016479492 16.3030014038086 16.2230014801025 16.2350006103516 16.105001449585 16.0230007171631 15.9830007553101 15.9690008163452 16.0160007476807 16.056001663208 16.0500011444092 16.060001373291 16.0240001678467 15.9850006103516 15.9830007553101
15.0290002822876 15.1560010910034 15.4750003814697 15.5830011367798 15.7800006866455 15.9550008773804 16.1190013885498 16.2189998626709 16.1350002288818 16.2030010223389 16.1450004577637 16.3330001831055 16.3480014801025 16.2070007324219 16.4850006103516 16.5180015563965 16.443000793457 16.2690010070801 16.2820014953613 16.2150001525879 16.4000015258789 16.3940010070801 16.375 16.3340015411377 16.4870014190674 16.318000793457 16.1200008392334 16.238000869751 16.443000793457 16.3800010681152 15.9050006866455 15.8850011825562 16.1960010528564 16.1840000152588 16.189001083374 16.1690006256104 16.1580009460449 16.2800006866455 16.3880004882812 16.4029998779297 16.2880001068115 16.2080001831055 16.2569999694824 16.1570014953613 16.1120014190674 16.060001373291 16.0990009307861 16.0970001220703 16.1599998474121 16.3780002593994 16.4130001068115 16.1800003051758 16.2100009918213
15.3750009536743 15.577000617981 15.6690006256104 15.82200050354 15.8480005264282 15.9600009918213 16.0630016326904 16.1710014343262 16.3120002746582 16.1960010528564 16.1220016479492 16.2390003204346 16.0570011138916 16.1820011138916 16.3840007781982 16.1690006256104 16.3380012512207 16.2110004425049 16.2110004425049 16.0670013427734 16.2550010681152 16.3270015716553 16.064001083374 16.185001373291 16.2690010070801 15.9850006103516 15.8840007781982 16.2450008392334 16.6180000305176 16.6599998474121 16.242000579834 16.3840007781982 16.5139999389648 16.2440013885498 16.238000869751 16.2049999237061 16.2410011291504 16.3290004730225 16.4150009155273 16.4000015258789 16.3050003051758 16.2680015563965 16.3200016021729 16.3930015563965 16.2980003356934 16.2110004425049 16.2750015258789 16.2440013885498 16.2680015563965 16.3540000915527 16.3400001525879 16.359001159668 16.3580017089844
15.774001121521 15.8200006484985 15.774001121521 15.984001159668 15.9540004730225 15.9120006561279 16.0300006866455 16.2400016784668 16.5279998779297 16.4240016937256 16.0230007171631 16.0610008239746 15.9080009460449 16 15.9760007858276 16.0400009155273 16.1480007171631 16.1550006866455 16.1490001678467 16.0690002441406 16.314001083374 16.1650009155273 16.0770015716553 16.2890014648438 15.9600009918213 15.7760009765625 15.9190006256104 16.1660003662109 16.4750003814697 16.8320007324219 16.7119998931885 16.5890007019043 16.2660007476807 16.2360000610352 16.3450012207031 16.3340015411377 16.306001663208 16.3580017089844 16.4560012817383 16.4640007019043 16.3650016784668 16.3420009613037 16.4330005645752 16.4890003204346 16.5220012664795 16.3819999694824 16.3480014801025 16.3130016326904 16.3570003509521 16.4370002746582 16.3840007781982 16.4070014953613 16.3570003509521
16.056001663208 16.1009998321533 16.0630016326904 16.1430015563965 16.230001449585 16.2230014801025 16.2620010375977 16.3460006713867 16.3920001983643 16.5450000762939 16.2110004425049 16.0360012054443 16.1000003814697 16.0279998779297 16.0650005340576 16.2720012664795 16.3040008544922 16.3250007629395 16.2800006866455 15.903000831604 15.9770011901855 15.8300008773804 15.8350009918213 15.9890003204346 15.9050006866455 15.867000579834 15.9100008010864 16.3889999389648 16.3170013427734 16.9160003662109 16.7400016784668 16.6190013885498 16.3950004577637 16.375 16.4150009155273 16.4450016021729 16.4200000762939 16.4600009918213 16.5510005950928 16.4900016784668 16.4000015258789 16.3819999694824 16.4250011444092 16.5279998779297 16.5650005340576 16.5729999542236 16.492000579834 16.4549999237061 16.3920001983643 16.3889999389648 16.4400005340576 16.4530010223389 16.3840007781982
16.4090003967285 16.5610008239746 16.4780006408691 16.5799999237061 16.6450004577637 16.5880012512207 16.4050006866455 16.1730003356934 16.3369998931885 16.4940013885498 16.4490013122559 16.2270011901855 16.0290012359619 16.2280006408691 16.0139999389648 15.9590005874634 16.2000007629395 16.363000869751 16.4130001068115 16.1740016937256 16.2730007171631 15.9260005950928 15.8850011825562 16.0300006866455 15.8880004882812 16.1200008392334 16.4220008850098 16.0659999847412 16.2540016174316 16.6900005340576 16.9240016937256 16.730001449585 16.6650009155273 16.5120010375977 16.5850009918213 16.4640007019043 16.4290008544922 16.4700012207031 16.5230007171631 16.5490016937256 16.5150012969971 16.4710006713867 16.439001083374 16.5040016174316 16.6290016174316 16.7650012969971 16.734001159668 16.617000579834 16.6590003967285 16.5540008544922 16.4479999542236 16.4240016937256 16.3819999694824
16.3240013122559 16.7639999389648 16.8790016174316 16.8720016479492 16.7650012969971 16.7150001525879 16.4240016937256 16.3430004119873 16.4740009307861 16.6450004577637 16.6780014038086 16.4700012207031 16.1920013427734 16.2750015258789 16.1490001678467 15.9550008773804 15.9800004959106 16.2450008392334 16.310001373291 16.4619998931885 16.3509998321533 15.9610004425049 16.1070003509521 16.234001159668 15.9580011367798 16.0220012664795 16.3790016174316 16.3910007476807 16.4300003051758 16.7000007629395 16.9730014801025 16.8400001525879 16.7250003814697 16.6990013122559 16.6790008544922 16.6350002288818 16.5470008850098 16.5630016326904 16.5990009307861 16.5590000152588 16.5230007171631 16.4990005493164 16.4210014343262 16.4770011901855 16.621000289917 16.7620010375977 16.826000213623 16.8270015716553 16.6730003356934 16.6940002441406 16.609001159668 16.5840015411377 16.5080013275146
16.9570007324219 17.0040016174316 16.7450008392334 16.8640003204346 16.7390003204346 16.484001159668 16.4360008239746 16.4730014801025 16.4970016479492 16.5790004730225 16.734001159668 16.5650005340576 16.1990013122559 16.064001083374 16.2590007781982 16.0440006256104 16.0520000457764 15.9240007400513 16.0320014953613 16.1290016174316 16.1990013122559 16.3299999237061 16.4460010528564 16.3439998626709 15.9990005493164 16.1790008544922 16.3050003051758 16.3990001678467 16.6140003204346 16.7700004577637 16.6200008392334 16.6450004577637 16.8650016784668 16.8040008544922 16.8610000610352 16.8500003814697 16.8650016784668 16.7370014190674 16.6650009155273 16.6350002288818 16.5990009307861 16.5100002288818 16.5020008087158 16.5520000457764 16.5490016937256 16.6750011444092 16.6830005645752 16.7840003967285 16.7580013275146 16.6860008239746 16.6310005187988 16.5450000762939 16.5510005950928
16.8450012207031 16.7590007781982 16.5020008087158 16.6370010375977 16.6750011444092 16.7950000762939 16.6430015563965 16.5 16.6599998474121 16.6450004577637 16.6860008239746 16.82200050354 16.4700012207031 16.185001373291 16.3299999237061 16.5170001983643 16.3070011138916 16.0349998474121 15.9590005874634 16.0750007629395 16.2140007019043 16.4650001525879 16.4210014343262 16.7580013275146 16.5290012359619 16.363000869751 16.7940006256104 16.8420009613037 16.8159999847412 16.8040008544922 16.7970008850098 16.7660007476807 16.8360004425049 17.0490016937256 16.939001083374 16.9440002441406 16.9440002441406 16.7660007476807 16.7090015411377 16.7210006713867 16.7140007019043 16.576000213623 16.6319999694824 16.5570011138916 16.5659999847412 16.613000869751 16.6700000762939 16.8120002746582 16.8240013122559 16.7360000610352 16.6500015258789 16.5740013122559 16.5950012207031
17 16.7390003204346 16.4029998779297 16.310001373291 16.7170009613037 16.8170013427734 16.9640007019043 16.7790012359619 16.5840015411377 16.6560001373291 16.976001739502 16.992000579834 16.6380004882812 16.5100002288818 16.5020008087158 16.6640014648438 16.4950008392334 16.3410015106201 16.3159999847412 16.3460006713867 16.3970012664795 16.4630012512207 16.4740009307861 16.6290016174316 16.9090003967285 16.855001449585 16.8120002746582 16.8520011901855 16.8920001983643 16.8480014801025 16.75 16.8730010986328 16.8830013275146 16.9770011901855 17.2090015411377 17.1660003662109 17.0250015258789 16.931001663208 16.9400005340576 16.859001159668 16.8400001525879 16.7720012664795 16.806001663208 16.7820014953613 16.6750011444092 16.7119998931885 16.8290004730225 16.9210014343262 17.0430011749268 16.9950008392334 16.863000869751 16.7430000305176 16.6860008239746
17.1920013427734 16.9440002441406 16.6880016326904 16.6160011291504 16.8090000152588 17.0790004730225 17.2660007476807 16.8930015563965 16.6260013580322 16.7090015411377 16.9740009307861 17.2370014190674 17.2760009765625 16.9870014190674 16.5520000457764 16.8420009613037 16.5290012359619 16.6389999389648 16.5750007629395 16.6960010528564 16.6180000305176 16.6900005340576 16.7870006561279 16.814001083374 16.7680015563965 16.9230003356934 17.1040000915527 17.1310005187988 17.0729999542236 16.8930015563965 16.826000213623 16.8790016174316 16.8790016174316 17 16.9600009918213 17.3889999389648 17.3050003051758 17.1300010681152 17.0620002746582 16.9990005493164 17.0250015258789 16.9730014801025 16.9150009155273 16.9500007629395 16.951000213623 16.9490013122559 16.8920001983643 17.0890007019043 17.1600017547607 17.056001663208 17.0090007781982 16.9100017547607 16.8560009002686
17.5290012359619 17.1680011749268 16.8950004577637 16.8970012664795 16.6290016174316 17.0960006713867 17.4750003814697 17.0650005340576 17.0160007476807 16.7310009002686 16.6500015258789 16.867000579834 17.238000869751 17.4490013122559 16.863000869751 17.0840015411377 16.863000869751 16.9980010986328 16.9990005493164 16.9200000762939 16.9500007629395 16.8860015869141 16.6680011749268 16.5120010375977 16.6290016174316 16.7970008850098 16.8400001525879 16.8540000915527 17.0230007171631 17.076000213623 17.0910015106201 16.9320011138916 16.943000793457 16.9549999237061 17.226001739502 17.3200016021729 17.4290008544922 17.3650016784668 17.2370014190674 17.1190013885498 17.1389999389648 17.1470012664795 16.9930000305176 17.0659999847412 17.0450000762939 17.0900001525879 17.1490001678467 17.2090015411377 17.2530002593994 17.1880016326904 17.1750011444092 17.0460014343262 17.0030002593994
17.6330013275146 17.1909999847412 17.3490009307861 17.2990016937256 17.0810012817383 17.3740005493164 17.7240009307861 17.0150012969971 17.0910015106201 16.9300003051758 16.6620006561279 16.8040008544922 16.8950004577637 17.1680011749268 17.4420013427734 17.2220001220703 17.3819999694824 17.2220001220703 17.3620014190674 17.2569999694824 17.2779998779297 17.2060012817383 17.0020008087158 16.7930011749268 16.7760009765625 16.8950004577637 16.9120006561279 16.9080009460449 16.9549999237061 17.0890007019043 17.0230007171631 17.1830005645752 17.2790012359619 17.1200008392334 17.1280002593994 17.2490005493164 17.2390003204346 17.2210006713867 17.1459999084473 17.0400009155273 17.0480003356934 17.0180015563965 17.07200050354 17.1389999389648 17.19700050354 17.2700004577637 17.3390007019043 17.3050003051758 17.2650012969971 17.3470001220703 17.2840003967285 17.2090015411377 17.1340007781982
17.7930011749268 17.609001159668 17.617000579834 17.7650012969971 17.2890014648438 17.4180011749268 17.6490001678467 17.2990016937256 17.2760009765625 16.9000015258789 16.6550006866455 16.7870006561279 16.9280014038086 17.0970001220703 17.4890003204346 17.605001449585 17.4450016021729 17.5060005187988 17.6580009460449 17.443000793457 17.4370002746582 17.4420013427734 17.1600017547607 16.9710006713867 17.0960006713867 17.0010013580322 16.9130001068115 17.105001449585 16.9950008392334 16.9910011291504 17.1230010986328 17.1180000305176 17 17.2970008850098 17.3889999389648 17.2890014648438 17.2960014343262 17.2190017700195 17.1540012359619 17.0590000152588 17 17.0080013275146 17.1680011749268 17.2690010070801 17.3520011901855 17.4010009765625 17.3680000305176 17.4070014953613 17.3700008392334 17.3800010681152 17.3390007019043 17.3110008239746 17.2390003204346
17.7150001525879 18.1510009765625 18.1909999847412 17.980001449585 17.6600017547607 17.5050010681152 17.8159999847412 17.4690017700195 17.0160007476807 16.8430004119873 16.5820007324219 16.6570014953613 16.8400001525879 17.185001373291 17.3850002288818 17.5940017700195 17.7370014190674 17.8650016784668 17.8430004119873 17.810001373291 17.5410003662109 17.4990005493164 17.3650016784668 17.0990009307861 17.0670013427734 17.2650012969971 17.2870006561279 17.3660011291504 17.2200012207031 17.226001739502 16.9740009307861 16.7980003356934 17.0450000762939 17.2290000915527 17.4220008850098 17.2950000762939 17.2610015869141 17.2830009460449 17.2569999694824 17.1800003051758 17.1270008087158 17.0610008239746 17.2220001220703 17.3440017700195 17.3889999389648 17.4640007019043 17.4320011138916 17.363000869751 17.3930015563965 17.3870010375977 17.3390007019043 17.3410015106201 17.3420009613037
17.8430004119873 17.9750003814697 18.3120002746582 18.3000011444092 17.9870014190674 17.5540008544922 17.6100006103516 17.1370010375977 16.8830013275146 16.7140007019043 16.5880012512207 16.7930011749268 17.0150012969971 17.2600002288818 17.439001083374 17.685001373291 17.734001159668 17.6120014190674 17.7310009002686 17.6180000305176 17.8440017700195 17.4900016784668 17.3460006713867 17.0209999084473 16.976001739502 17.2030010223389 17.568000793457 17.689001083374 17.7690010070801 17.701000213623 17.4100017547607 17.3740005493164 17.6060009002686 17.5450000762939 17.4400005340576 17.351001739502 17.2890014648438 17.367000579834 17.2730007171631 17.2970008850098 17.314001083374 17.2480010986328 17.2590007781982 17.3790016174316 17.4110012054443 17.4450016021729 17.4900016784668 17.4140014648438 17.3810005187988 17.3720016479492 17.355001449585 17.3270015716553 17.2930011749268
17.7970008850098 17.8790016174316 18.0290012359619 18.3950004577637 18.3420009613037 17.9630012512207 17.8910007476807 17.1670017242432 16.7550010681152 16.5810012817383 16.5650005340576 16.6909999847412 16.9070014953613 17.0410003662109 17.2709999084473 17.4780006408691 17.6490001678467 17.8240013122559 17.6720008850098 17.6450004577637 17.5650005340576 17.605001449585 17.2750015258789 17.1570014953613 17.2920017242432 17.3390007019043 17.2750015258789 17.605001449585 18.0700016021729 18.0370006561279 17.9460010528564 17.9060001373291 17.8470001220703 17.6790008544922 17.5970001220703 17.4780006408691 17.4080009460449 17.4010009765625 17.3950004577637 17.3800010681152 17.3660011291504 17.3870010375977 17.4440002441406 17.4500007629395 17.44700050354 17.4740009307861 17.5030002593994 17.4590015411377 17.355001449585 17.306001663208 17.3150005340576 17.2730007171631 17.2639999389648
17.8910007476807 17.851001739502 17.7470016479492 18.0090007781982 18.4549999237061 18.4170017242432 17.9610004425049 17.5020008087158 17.1500015258789 16.7940006256104 16.8460006713867 16.7250003814697 17.0840015411377 17.2569999694824 17.4330005645752 17.6240005493164 17.7320003509521 17.8400001525879 17.8640003204346 17.7000007629395 17.6740016937256 17.5950012207031 17.4190006256104 17.3850002288818 17.4580001831055 17.5570011138916 17.6750011444092 17.8760013580322 18.1270008087158 18.2810001373291 18.3070011138916 18.2150001525879 18.060001373291 17.8490009307861 17.6200008392334 17.5230007171631 17.4850006103516 17.4140014648438 17.4380016326904 17.4530010223389 17.4890003204346 17.5360012054443 17.5920009613037 17.5440006256104 17.4780006408691 17.4450016021729 17.443000793457 17.3720016479492 17.326000213623 17.3120002746582 17.3080005645752 17.2690010070801 17.1909999847412
17.7290000915527 17.8090000152588 18.1280002593994 18.2210006713867 18.1389999389648 18.5260009765625 18.1770000457764 17.5130004882812 17.2310009002686 17.105001449585 17.117000579834 17.1620006561279 17.2290000915527 17.5040016174316 17.7200012207031 17.7870006561279 17.7800006866455 17.8250007629395 17.859001159668 17.6990013122559 17.6330013275146 17.6389999389648 17.5869998931885 17.5 17.5790004730225 17.7119998931885 17.7770004272461 18.0350017547607 18.2790012359619 18.3660011291504 18.4540004730225 18.3280010223389 18.1300010681152 17.9340000152588 17.6670017242432 17.4290008544922 17.435001373291 17.4500007629395 17.439001083374 17.5350017547607 17.5970001220703 17.605001449585 17.6540012359619 17.5910015106201 17.4190006256104 17.4830017089844 17.4040012359619 17.359001159668 17.3720016479492 17.3380012512207 17.2900009155273 17.2280006408691 17.1840000152588
17.9950008392334 17.9540004730225 17.8210010528564 17.8440017700195 17.8040008544922 18.1530017852783 18.4680004119873 17.6000003814697 17.4560012817383 17.3380012512207 17.3780002593994 17.4530010223389 17.5 17.5069999694824 17.7110004425049 18.0010013580322 18.0260009765625 17.8830013275146 17.7890014648438 17.6840000152588 17.6240005493164 17.5850009918213 17.5610008239746 17.5950012207031 17.6440010070801 17.6979999542236 17.8190002441406 17.9930000305176 18.2310009002686 18.3950004577637 18.4400005340576 18.3310012817383 18.1450004577637 17.8860015869141 17.6620006561279 17.4700012207031 17.4280014038086 17.4250011444092 17.4240016937256 17.3680000305176 17.4890003204346 17.5750007629395 17.6280002593994 17.6470012664795 17.5540008544922 17.5330009460449 17.4900016784668 17.4140014648438 17.4060001373291 17.310001373291 17.2350006103516 17.2450008392334 17.234001159668
17.859001159668 17.9280014038086 18.1610012054443 17.94700050354 17.8850002288818 17.984001159668 18.4970016479492 17.7790012359619 17.7780017852783 17.4810009002686 17.484001159668 17.6030006408691 17.7720012664795 17.734001159668 17.818000793457 17.992000579834 18.1160011291504 17.9890003204346 17.8520011901855 17.6400012969971 17.5930004119873 17.6270008087158 17.556001663208 17.576000213623 17.5120010375977 17.5360012054443 17.6350002288818 17.8190002441406 17.9590015411377 18.0880012512207 18.1640014648438 18.0729999542236 17.9290008544922 17.742000579834 17.5780010223389 17.4320011138916 17.3490009307861 17.2910003662109 17.2820014953613 17.2810001373291 17.3570003509521 17.496000289917 17.6360015869141 17.6430015563965 17.6020011901855 17.681001663208 17.6319999694824 17.6140003204346 17.5270004272461 17.4330005645752 17.3170013427734 17.2960014343262 17.2650012969971
17.443000793457 17.6830005645752 18.0150012969971 17.9130001068115 18.1650009155273 18.246000289917 18.4770011901855 18.0920009613037 17.7750015258789 17.7190017700195 17.6340007781982 17.7530002593994 17.8360004425049 17.9950008392334 17.9330005645752 17.9670009613037 18.0280017852783 18.0330009460449 17.9220008850098 17.7190017700195 17.5620002746582 17.5950012207031 17.560001373291 17.5510005950928 17.4200000762939 17.5080013275146 17.5799999237061 17.7180004119873 17.8450012207031 17.8840007781982 17.8680000305176 17.7780017852783 17.6350002288818 17.5330009460449 17.4820003509521 17.367000579834 17.2639999389648 17.242000579834 17.1990013122559 17.189001083374 17.2890014648438 17.4180011749268 17.5700016021729 17.5990009307861 17.6380004882812 17.6940002441406 17.7440013885498 17.7820014953613 17.7270011901855 17.6630001068115 17.5 17.3490009307861 17.2779998779297
17.5010013580322 17.6500015258789 17.7210006713867 17.726001739502 17.9450016021729 17.9670009613037 18.375 18.3940010070801 17.9130001068115 17.9740009307861 17.7550010681152 17.701000213623 17.9140014648438 18.0890007019043 18.0780010223389 17.9970016479492 17.9150009155273 18.0180015563965 17.9210014343262 17.7520008087158 17.5850009918213 17.6370010375977 17.6630001068115 17.5080013275146 17.556001663208 17.6020011901855 17.6020011901855 17.693000793457 17.7280006408691 17.75 17.7190017700195 17.625 17.4600009918213 17.3430004119873 17.3470001220703 17.3369998931885 17.2490005493164 17.2200012207031 17.2110004425049 17.1750011444092 17.318000793457 17.4170017242432 17.4710006713867 17.6710014343262 17.7830009460449 17.7760009765625 17.8500003814697 17.988000869751 18.0200004577637 17.9140014648438 17.6450004577637 17.443000793457 17.3159999847412
17.4980010986328 17.4580001831055 17.6140003204346 17.6360015869141 17.6110000610352 17.9500007629395 18.0500011444092 18.4720001220703 18.1120014190674 18.1640014648438 17.9290008544922 17.8050003051758 17.7490005493164 18.0350017547607 18.1550006866455 18.1310005187988 17.9580001831055 17.9420013427734 17.8440017700195 17.7639999389648 17.6030006408691 17.621000289917 17.6290016174316 17.576000213623 17.5850009918213 17.5580005645752 17.5790004730225 17.6280002593994 17.689001083374 17.7240009307861 17.6870002746582 17.564001083374 17.4200000762939 17.25 17.1650009155273 17.238000869751 17.2040004730225 17.2090015411377 17.2110004425049 17.1909999847412 17.2140007019043 17.3000011444092 17.4730014801025 17.6290016174316 17.8190002441406 17.9630012512207 18.0320014953613 18.1190013885498 18.1800003051758 18.0500011444092 17.8330001831055 17.6140003204346 17.375
