layers/vpdmax11.asc
NCOLS 292 
NROWS 291 
XLLCORNER -87.6458333327872 
YLLCORNER 24.4791666666667 
CELLSIZE 0.0416666666669039 
NODATA_value -3.4e+38 
[rows 96 to 119 of 291, columns 53 to 105 of 292]
-3.4e+38 -3.4e+38 -3.4e+38 -3.4e+38 -3.4e+38 -3.4e+38 -3.4e+38 -3.4e+38 -3.4e+38 20.7080001831055 20.863000869751 20.7450008392334 20.4270000457764 20.5430011749268 20.4520015716553 20.5500011444092 20.5510005950928 20.4290008544922 20.2820014953613 20.0800018310547 19.8480014801025 19.814001083374 19.7880001068115 19.7110004425049 19.9150009155273 20.1610012054443 20.2720012664795 20.5000019073486 20.6870002746582 20.9620018005371 20.9650001525879 20.9910011291504 21.0350017547607 21.0620002746582 21.1290016174316 21.185001373291 21.2140007019043 21.3010005950928 21.3840007781982 21.4360008239746 21.5580005645752 21.6100006103516 21.5200004577637 21.4940013885498 21.3890018463135 21.2650012969971 21.5310001373291 21.6500015258789 21.6730003356934 21.6340007781982 21.6460018157959 21.7570018768311 21.867000579834
-3.4e+38 -3.4e+38 -3.4e+38 -3.4e+38 -3.4e+38 -3.4e+38 -3.4e+38 -3.4e+38 -3.4e+38 -3.4e+38 21.0280017852783 21.0270004272461 21.2080001831055 21.2660007476807 21.0740013122559 20.8870010375977 20.7590007781982 20.7820014953613 20.6040000915527 20.3970012664795 20.1000003814697 20.0250015258789 19.8920001983643 19.6630001068115 19.8250007629395 20.0240001678467 20.3840007781982 20.5550003051758 20.5700016021729 20.8330001831055 20.8440017700195 21.0040016174316 21.0940017700195 21.1500015258789 21.1550006866455 21.177001953125 21.3400001525879 21.3830013275146 21.4240016937256 21.4740009307861 21.5730018615723 21.5500011444092 21.5280017852783 21.4750003814697 21.4020004272461 21.4940013885498 21.6620006561279 21.726001739502 21.7690010070801 21.7110004425049 21.7200012207031 21.8540000915527 21.8760013580322
-3.4e+38 -3.4e+38 -3.4e+38 -3.4e+38 -3.4e+38 -3.4e+38 -3.4e+38 -3.4e+38 -3.4e+38 -3.4e+38 -3.4e+38 21.5130004882812 21.6900005340576 21.5200004577637 21.0890007019043 21.0750007629395 20.8750019073486 20.7660007476807 20.4970016479492 20.3540000915527 20.2980003356934 20.2700004577637 20.1180000305176 19.9050006866455 19.8310012817383 20.0650005340576 20.3990001678467 20.7030010223389 20.5140018463135 20.7850017547607 20.9490013122559 21.0010013580322 21.1000003814697 21.1250019073486 21.1470012664795 21.1550006866455 21.3390007019043 21.4660015106201 21.5300006866455 21.5050010681152 21.4120006561279 21.44700050354 21.4640007019043 21.5280017852783 21.5370006561279 21.6400012969971 21.7840003967285 21.8900012969971 21.9410018920898 21.8130016326904 21.7640018463135 21.8740005493164 21.9290008544922
-3.4e+38 -3.4e+38 -3.4e+38 -3.4e+38 -3.4e+38 -3.4e+38 -3.4e+38 -3.4e+38 -3.4e+38 -3.4e+38 -3.4e+38 21.4660015106201 21.3730010986328 21.1330013275146 21.1040000915527 21.0530014038086 20.9300003051758 20.6530017852783 20.4570007324219 20.4790000915527 20.3350009918213 20.2780017852783 20.355001449585 20.1550006866455 20.0730018615723 20.1370010375977 20.3230018615723 20.5960006713867 20.9750003814697 21.0330009460449 20.9650001525879 21.0950012207031 21.0040016174316 21.056001663208 21.0400009155273 21.0650005340576 21.2350006103516 21.359001159668 21.4250011444092 21.3940010070801 21.3920001983643 21.4230003356934 21.5060005187988 21.6740016937256 21.7540016174316 21.8860015869141 22.0970001220703 22.2480010986328 22.0190010070801 21.988000869751 21.8410015106201 22.0010013580322 21.8560009002686
-3.4e+38 -3.4e+38 -3.4e+38 -3.4e+38 -3.4e+38 -3.4e+38 -3.4e+38 -3.4e+38 -3.4e+38 -3.4e+38 -3.4e+38 21.2360000610352 20.9870014190674 21.2310009002686 21.1440010070801 20.9540004730225 20.7630004882812 20.6660003662109 20.5990009307861 20.4550018310547 20.3870010375977 20.1670017242432 20.2050018310547 20.1250019073486 20.189001083374 20.3090000152588 20.3310012817383 20.5390014648438 20.8460006713867 21.0500011444092 20.976001739502 21.0490016937256 20.9720001220703 21.0650005340576 21.0340003967285 21.1190013885498 21.1630001068115 21.2240009307861 21.314001083374 21.3980007171631 21.4570007324219 21.5400009155273 21.6870002746582 21.8520011901855 22.0700016021729 22.1980018615723 22.4610004425049 22.363000869751 22.1660003662109 22.121000289917 21.9050006866455 22.0040016174316 21.980001449585
-3.4e+38 -3.4e+38 -3.4e+38 -3.4e+38 -3.4e+38 -3.4e+38 -3.4e+38 -3.4e+38 -3.4e+38 -3.4e+38 -3.4e+38 21.1370010375977 20.8780002593994 20.7790012359619 20.931001663208 20.746000289917 20.6140003204346 20.4740009307861 20.2820014953613 20.3010005950928 20.1730003356934 20.07200050354 20.1900005340576 20.2800006866455 20.2080001831055 20.2150001525879 20.3460006713867 20.5370006561279 20.7900009155273 20.9240016937256 21.0770015716553 21.1300010681152 21.1700000762939 21.1750011444092 21.0440006256104 21.0350017547607 21.1500015258789 21.2100009918213 21.0950012207031 21.1560001373291 21.2710018157959 21.4400005340576 21.6550006866455 21.8520011901855 22.2080001831055 22.5440006256104 22.8380012512207 22.5100002288818 22.4980010986328 22.3270015716553 21.9870014190674 21.859001159668 22.0010013580322
-3.4e+38 -3.4e+38 -3.4e+38 -3.4e+38 -3.4e+38 -3.4e+38 -3.4e+38 -3.4e+38 -3.4e+38 -3.4e+38 21.1040000915527 20.9170017242432 20.8160018920898 20.8540000915527 20.7800006866455 20.7000007629395 20.6240005493164 20.5570011138916 20.2940006256104 20.1990013122559 20.2210006713867 20.0820007324219 20.1600017547607 20.2200012207031 20.1900005340576 20.2110004425049 20.3910007476807 20.7190017700195 20.8000011444092 20.9400005340576 20.9290008544922 21.1590003967285 21.0690002441406 21.1110000610352 20.9970016479492 20.9790000915527 21.1020011901855 21.2350006103516 20.9050006866455 21.0910015106201 21.3000011444092 21.4070014953613 21.6950016021729 21.984001159668 22.2250003814697 22.6840019226074 23.2240009307861 23.1260013580322 22.8530006408691 22.5840015411377 22.3000011444092 21.8960018157959 21.8940010070801
-3.4e+38 -3.4e+38 -3.4e+38 -3.4e+38 -3.4e+38 -3.4e+38 -3.4e+38 -3.4e+38 -3.4e+38 -3.4e+38 -3.4e+38 -3.4e+38 20.9890003204346 20.9210014343262 20.7470016479492 20.6070003509521 20.5740013122559 20.439001083374 20.3170013427734 20.2400016784668 20.2120018005371 20.056001663208 20.0510005950928 20.0180015563965 20.1700000762939 20.1430015563965 20.435001373291 20.7650012969971 21.0460014343262 21.0350017547607 20.9480018615723 20.8700008392334 21.0290012359619 21.2240009307861 21.0200004577637 21.0150012969971 21.0970001220703 21.2290000915527 21.0840015411377 21.0750007629395 21.2870006561279 21.4650001525879 21.7960014343262 22.185001373291 22.4850006103516 22.8500003814697 23.4170017242432 23.6310005187988 23.1660003662109 22.935001373291 22.435001373291 21.8890018463135 21.6680011749268
-3.4e+38 -3.4e+38 -3.4e+38 -3.4e+38 -3.4e+38 -3.4e+38 -3.4e+38 -3.4e+38 -3.4e+38 -3.4e+38 -3.4e+38 -3.4e+38 -3.4e+38 20.8730010986328 20.8350009918213 20.7210006713867 20.6040000915527 20.439001083374 20.2660007476807 20.1700000762939 20.1840000152588 20.1570014953613 20.0410003662109 20.1110000610352 20.1400012969971 20.1450004577637 20.2760009765625 20.560001373291 20.7040004730225 20.8400001525879 21.0570011138916 21.0830001831055 21.0400009155273 21.3030014038086 21.1660003662109 21.1410007476807 21.0390014648438 21.056001663208 21.1340007781982 21.0940017700195 21.185001373291 21.3330001831055 21.6320018768311 22.0570011138916 22.4140014648438 22.9330005645752 23.3730010986328 23.4580001831055 23.2780017852783 22.7500019073486 22.2120018005371 21.8990001678467 21.5790004730225
-3.4e+38 -3.4e+38 -3.4e+38 -3.4e+38 -3.4e+38 -3.4e+38 -3.4e+38 -3.4e+38 -3.4e+38 -3.4e+38 -3.4e+38 -3.4e+38 20.8490009307861 20.8090019226074 20.7060012817383 20.6790008544922 20.6920013427734 20.4340019226074 20.3690013885498 20.226001739502 20.2040004730225 20.0860004425049 20.0080013275146 20.0800018310547 20.2430000305176 20.2860012054443 20.3680000305176 20.4670009613037 20.5860004425049 20.6780014038086 20.8340015411377 21.0590019226074 20.9790000915527 21.2810001373291 21.2090015411377 21.0350017547607 21.1000003814697 21.0850009918213 20.9660015106201 20.9060001373291 20.9850006103516 21.0890007019043 21.4440002441406 21.734001159668 22.1040019989014 22.4650001525879 22.8380012512207 23.0110015869141 23.0450019836426 22.5880012512207 22.2370014190674 21.7480010986328 21.2740001678467
-3.4e+38 -3.4e+38 -3.4e+38 -3.4e+38 -3.4e+38 -3.4e+38 -3.4e+38 -3.4e+38 -3.4e+38 -3.4e+38 21.1070003509521 20.8130016326904 20.8580017089844 20.9250011444092 20.9210014343262 20.8740005493164 20.8380012512207 20.6860008239746 20.6200008392334 20.3350009918213 20.1960010528564 20.0520000457764 20.0320014953613 20.0060005187988 20.0630016326904 20.3300018310547 20.2970008850098 20.4620018005371 20.4740009307861 20.5550003051758 20.814001083374 20.7970008850098 20.8600006103516 21.1330013275146 21.3360004425049 21.0850009918213 21.0920009613037 20.9010009765625 20.7830009460449 20.6790008544922 20.6540012359619 20.8690013885498 21.3090019226074 21.5460014343262 21.734001159668 22.0150012969971 22.3090019226074 22.4690017700195 22.7040004730225 22.5990009307861 22.0910015106201 21.7900009155273 21.443000793457
-3.4e+38 -3.4e+38 -3.4e+38 -3.4e+38 -3.4e+38 -3.4e+38 -3.4e+38 -3.4e+38 -3.4e+38 21.3170013427734 21.1200008392334 20.9890003204346 20.9870014190674 21.0350017547607 21.113000869751 21.0480003356934 21.076000213623 20.9400005340576 20.6330013275146 20.5090007781982 20.4560012817383 20.2500019073486 20.1380004882812 19.9300003051758 19.9340000152588 19.9300003051758 20.2660007476807 20.4530010223389 20.492000579834 20.4810009002686 20.601001739502 20.6440010070801 20.8020000457764 20.8990001678467 21.3040008544922 21.0490016937256 20.8930015563965 20.8330001831055 20.7100009918213 20.5300006866455 20.5350017547607 20.6180000305176 20.8910007476807 21.1610012054443 21.3680019378662 21.6820011138916 22.0180015563965 22.0990009307861 22.201000213623 22.4120006561279 22.1500015258789 21.9380016326904 21.6620006561279
-3.4e+38 -3.4e+38 -3.4e+38 -3.4e+38 -3.4e+38 -3.4e+38 -3.4e+38 -3.4e+38 -3.4e+38 21.4740009307861 21.2750015258789 21.105001449585 20.8320007324219 20.814001083374 21.1250019073486 21.0700016021729 21.064001083374 20.9530010223389 20.7350006103516 20.6950016021729 20.609001159668 20.3330001831055 20.2740001678467 19.9400005340576 19.9100017547607 19.7090015411377 19.9220008850098 20.2330017089844 20.5240001678467 20.5150012969971 20.5270004272461 20.859001159668 20.7320003509521 20.8680019378662 21.1330013275146 21.0820007324219 20.9140014648438 20.7320003509521 20.4380016326904 20.3150005340576 20.3430004119873 20.3090000152588 20.3350009918213 20.8490009307861 21.0330009460449 21.2800006866455 21.6530017852783 21.8300018310547 21.9540004730225 22.1880016326904 22.1340007781982 22.0710010528564 21.8340015411377
-3.4e+38 -3.4e+38 -3.4e+38 -3.4e+38 -3.4e+38 -3.4e+38 -3.4e+38 -3.4e+38 -3.4e+38 21.6340007781982 21.2170009613037 21.0140018463135 20.7820014953613 20.9420013427734 21.2140007019043 21.2070007324219 21.1470012664795 21.1230010986328 21.0260009765625 20.8350009918213 20.6680011749268 20.5630016326904 20.3750019073486 20.1290016174316 19.9170017242432 19.7140007019043 19.9090003967285 20.0820007324219 20.4630012512207 20.6490001678467 20.6100006103516 20.8750019073486 20.9420013427734 21.0160007476807 21.1640014648438 21.0900001525879 20.943000793457 20.5940017700195 20.2640018463135 19.976001739502 20.0230007171631 20.234001159668 20.064001083374 20.3700008392334 20.605001449585 20.94700050354 21.193000793457 21.5080013275146 21.6080017089844 21.9890003204346 22.1490001678467 22.1180019378662 21.9020004272461
-3.4e+38 -3.4e+38 -3.4e+38 -3.4e+38 -3.4e+38 -3.4e+38 -3.4e+38 -3.4e+38 -3.4e+38 21.8530006408691 21.1190013885498 20.9530010223389 20.9400005340576 21.1820011138916 21.3010005950928 21.2830009460449 21.2660007476807 21.2490005493164 21.0750007629395 20.7920017242432 20.5770015716553 20.3580017089844 20.4440002441406 20.3820018768311 20.0970001220703 20.056001663208 20.1700000762939 20.3790016174316 20.689001083374 20.8070011138916 20.9040012359619 20.8780002593994 20.9730014801025 21.0810012817383 21.109001159668 21.2140007019043 20.9910011291504 20.6950016021729 20.2970008850098 19.9490013122559 19.951000213623 20.0750007629395 20.2670001983643 20.5530014038086 20.6690006256104 20.7080001831055 21.0950012207031 21.1960010528564 21.5780010223389 21.7730007171631 22.0240001678467 22.32200050354 22.4520015716553
-3.4e+38 -3.4e+38 -3.4e+38 -3.4e+38 -3.4e+38 -3.4e+38 -3.4e+38 -3.4e+38 -3.4e+38 21.5540008544922 20.9150009155273 21.0020008087158 21.1550006866455 21.2100009918213 21.2680015563965 21.2500019073486 21.2290000915527 21.1290016174316 20.9630012512207 20.7780017852783 20.6900005340576 20.6350002288818 20.480001449585 20.4620018005371 20.5860004425049 20.4940013885498 20.4640007019043 20.6900005340576 20.7870006561279 20.9850006103516 20.9900016784668 20.9400005340576 21.0000019073486 21.0490016937256 21.0370006561279 21.1280002593994 21.0910015106201 20.9050006866455 20.5790004730225 20.2570018768311 20.0710010528564 20.109001159668 20.3070011138916 20.5120010375977 20.7350006103516 20.7880001068115 20.9120006561279 21.0890007019043 21.3200016021729 21.6380004882812 21.6990013122559 22.1650009155273 22.5820007324219
-3.4e+38 -3.4e+38 -3.4e+38 -3.4e+38 -3.4e+38 -3.4e+38 -3.4e+38 -3.4e+38 21.7890014648438 20.9680004119873 20.7290000915527 20.9440002441406 20.8970012664795 21.0890007019043 21.1550006866455 21.1060009002686 21.0970001220703 20.9950008392334 20.9400005340576 20.8370018005371 20.7110004425049 20.5570011138916 20.5270004272461 20.5650005340576 20.7080001831055 20.7940006256104 20.6340007781982 20.7650012969971 20.9170017242432 21.0440006256104 21.0940017700195 20.9490013122559 20.9570007324219 21.0400009155273 21.0890007019043 21.076000213623 21.1260013580322 21.0070018768311 20.9090003967285 20.7500019073486 20.6270008087158 20.32200050354 20.4810009002686 20.3540000915527 20.5350017547607 20.7980003356934 20.9330005645752 20.9640007019043 21.2970008850098 21.6420001983643 21.8420009613037 21.8230018615723 22.2500019073486
-3.4e+38 -3.4e+38 -3.4e+38 -3.4e+38 -3.4e+38 -3.4e+38 -3.4e+38 -3.4e+38 21.4810009002686 20.7170009613037 20.8050003051758 20.9150009155273 21.0090007781982 21.1540012359619 21.1150016784668 21.0620002746582 20.9610004425049 20.939001083374 20.8660011291504 20.8450012207031 20.7090015411377 20.6100006103516 20.4710006713867 20.4400005340576 20.6690006256104 20.931001663208 21.0590019226074 21.0930004119873 21.1520004272461 21.1800003051758 21.2120018005371 21.1880016326904 21.0450000762939 21.0950012207031 21.1830005645752 21.2410011291504 21.185001373291 20.9560012817383 20.9090003967285 20.8970012664795 20.5250015258789 20.2470016479492 20.4100017547607 20.4670009613037 20.4340019226074 20.4090003967285 20.7730007171631 20.9540004730225 20.939001083374 21.5260009765625 21.8940010070801 22.0740013122559 22.2310009002686
-3.4e+38 -3.4e+38 -3.4e+38 -3.4e+38 -3.4e+38 -3.4e+38 -3.4e+38 21.6780014038086 21.1640014648438 20.9090003967285 20.992000579834 21.064001083374 21.1060009002686 21.0450000762939 20.9950008392334 20.9300003051758 20.859001159668 20.8460006713867 20.9030017852783 20.7690010070801 20.6490001678467 20.5460014343262 20.5830001831055 20.6910018920898 20.8290004730225 20.9700012207031 21.121000289917 21.2920017242432 21.3340015411377 21.3250007629395 21.427001953125 21.3800010681152 21.2270011901855 21.1550006866455 21.1800003051758 21.2600002288818 21.1390018463135 21.0210018157959 20.9540004730225 20.8530006408691 20.4540004730225 20.3860015869141 20.2810001373291 20.5890007019043 20.3230018615723 20.5900001525879 20.8470001220703 21.0790004730225 20.9900016784668 21.2680015563965 21.5690002441406 22.1360015869141 22.4970016479492
-3.4e+38 -3.4e+38 -3.4e+38 -3.4e+38 -3.4e+38 -3.4e+38 -3.4e+38 21.4750003814697 21.1800003051758 21.056001663208 21.1340007781982 21.0800018310547 21.0330009460449 21.0110015869141 20.9600009918213 20.8950004577637 20.9220008850098 20.855001449585 20.8430004119873 20.8150005340576 20.6590003967285 20.6950016021729 20.7680015563965 20.9330005645752 21.0700016021729 21.1840019226074 21.4000015258789 21.4950008392334 21.5370006561279 21.3650016784668 21.4150009155273 21.5370006561279 21.4440002441406 21.2890014648438 21.3600006103516 21.1160011291504 21.0040016174316 21.0340003967285 20.9570007324219 20.7690010070801 20.4030017852783 20.4660015106201 20.4200000762939 20.4660015106201 20.5150012969971 20.5270004272461 20.9220008850098 21.2430019378662 21.0300006866455 20.9600009918213 21.6040000915527 21.7850017547607 21.927001953125
-3.4e+38 -3.4e+38 -3.4e+38 -3.4e+38 -3.4e+38 -3.4e+38 -3.4e+38 -3.4e+38 21.0150012969971 20.9600009918213 20.8700008392334 20.82200050354 20.9100017547607 20.863000869751 20.8300018310547 20.8760013580322 20.855001449585 20.8780002593994 20.8280010223389 20.826000213623 20.730001449585 20.7720012664795 20.9550018310547 21.1420001983643 21.2900009155273 21.4070014953613 21.4820003509521 21.6420001983643 21.6580009460449 21.5270004272461 21.4480018615723 21.5550003051758 21.5150012969971 21.3900012969971 21.4520015716553 21.246000289917 21.1370010375977 21.0700016021729 20.943000793457 20.5900001525879 20.3210010528564 20.4540004730225 20.4890003204346 20.6150016784668 20.8110008239746 20.9230003356934 21.0240001678467 21.3150005340576 21.1460018157959 20.980001449585 20.8780002593994 20.9240016937256 21.2150001525879
-3.4e+38 -3.4e+38 -3.4e+38 -3.4e+38 -3.4e+38 -3.4e+38 -3.4e+38 -3.4e+38 20.6570014953613 20.5590019226074 20.5470008850098 20.7200012207031 20.8300018310547 20.8790016174316 20.8460006713867 20.9730014801025 20.863000869751 20.8440017700195 20.8740005493164 20.8640003204346 20.9230003356934 20.9990005493164 21.064001083374 21.3070011138916 21.4060001373291 21.5240001678467 21.552001953125 21.6660003662109 21.6580009460449 21.685001373291 21.6390018463135 21.6310005187988 21.5240001678467 21.4950008392334 21.4360008239746 21.4000015258789 21.1960010528564 21.1040000915527 21.052001953125 20.7730007171631 20.4410018920898 20.5140018463135 20.4290008544922 20.5270004272461 20.7970008850098 20.8940010070801 21.2090015411377 21.5010013580322 21.1820011138916 21.2390003204346 20.7840003967285 20.9640007019043 21.1900005340576
-3.4e+38 -3.4e+38 -3.4e+38 -3.4e+38 -3.4e+38 -3.4e+38 -3.4e+38 -3.4e+38 20.3380012512207 20.2630004882812 20.318000793457 20.5710010528564 20.7980003356934 20.9490013122559 20.935001373291 21.0070018768311 21.0570011138916 21.0210018157959 21.0250015258789 21.0320014953613 21.1300010681152 21.1660003662109 21.2550010681152 21.480001449585 21.6430015563965 21.6590003967285 21.7070007324219 21.689001083374 21.8370018005371 21.8860015869141 21.738000869751 21.5800018310547 21.4560012817383 21.4450016021729 21.5540008544922 21.4440002441406 21.3000011444092 21.189001083374 21.1040000915527 20.863000869751 20.4820003509521 20.6020011901855 20.8560009002686 20.7330017089844 20.6950016021729 20.7910003662109 21.0450000762939 21.4200000762939 21.3960018157959 21.0840015411377 20.8970012664795 21.1440010070801 21.3790016174316
-3.4e+38 -3.4e+38 -3.4e+38 -3.4e+38 -3.4e+38 -3.4e+38 -3.4e+38 -3.4e+38 -3.4e+38 20.117000579834 20.2190017700195 20.3760013580322 20.6900005340576 20.9070014953613 20.996000289917 21.0390014648438 21.0060005187988 21.0020008087158 21.0300006866455 20.9210014343262 21.0360012054443 21.189001083374 21.3700008392334 21.5840015411377 21.7180004119873 21.7450008392334 21.9320011138916 22.0140018463135 22.1700019836426 22.1910018920898 22.2600002288818 22.0930004119873 21.8600006103516 21.6350002288818 21.5110015869141 21.4300003051758 21.3410015106201 21.060001373291 20.863000869751 20.6030006408691 20.5250015258789 20.8090019226074 20.9110012054443 20.9190006256104 20.9000015258789 20.8800010681152 21.0860004425049 21.3680019378662 21.4680004119873 21.1640014648438 21.1250019073486 21.1730003356934 21.3240013122559
