layers/vpdmax9.asc
NCOLS 292 
NROWS 291 
XLLCORNER -87.6458333327872 
YLLCORNER 24.4791666666667 
CELLSIZE 0.0416666666669039 
NODATA_value -3.4e+38 
[rows 48 to 71 of 291, columns 106 to 158 of 292]
15.0450010299683 15.1350011825562 15.121000289917 15.2640008926392 15.1540002822876 15.1390008926392 15.2400007247925 15.3100004196167 15.4820003509521 15.3800010681152 15.1940011978149 15.0330009460449 14.9170007705688 15.0080003738403 14.7390003204346 14.9900007247925 14.8920011520386 15.0420007705688 15.693000793457 15.8400011062622 15.5440006256104 15.2510004043579 15.5100011825562 15.5800008773804 15.2090005874634 15.1590003967285 15.0190010070801 14.943000793457 15.117000579834 15.2490005493164 15.3840007781982 15.6650009155273 15.8410005569458 15.8920011520386 15.7690010070801 15.4820003509521 15.2840003967285 15.367000579834 15.6770009994507 16.0770015716553 15.7790002822876 15.7250003814697 15.8450012207031 16.2360000610352 16.0040016174316 15.5150003433228 15.193000793457 14.9490003585815 15.0560007095337 14.9790010452271 15.2480010986328 15.3150005340576 15.3470010757446
14.9870004653931 15.0230007171631 15.1710004806519 15.4300003051758 15.1720008850098 15.3520011901855 15.4450006484985 15.456000328064 15.5730009078979 15.4650011062622 15.3330011367798 15.1910009384155 14.7800006866455 14.6160011291504 14.5490007400513 14.8430004119873 15.0340003967285 14.7470006942749 15.1950006484985 15.6880006790161 15.7390003204346 15.3800010681152 15.3350009918213 15.7400007247925 15.4940004348755 15.5530004501343 15.5910005569458 14.9140005111694 15.2840003967285 15.1780004501343 15.4690008163452 15.5940008163452 15.7400007247925 15.6500005722046 15.4490003585815 15.6050004959106 15.7150011062622 15.8660011291504 15.8040008544922 16.1100006103516 16.1570014953613 15.738000869751 16.1260013580322 16.2040004730225 15.6790008544922 15.3490009307861 15.3150005340576 15.0310010910034 15.4050006866455 14.9690008163452 15.0840005874634 15.2070007324219 15.117000579834
14.9300003051758 14.984001159668 15.1440010070801 15.4300003051758 15.5440006256104 15.5580005645752 15.7110004425049 15.827000617981 15.7580003738403 15.6640005111694 15.439001083374 15.2530002593994 15.0070009231567 14.7840003967285 14.859001159668 15.1010007858276 14.9180011749268 14.9160003662109 15.109001159668 15.2760009765625 15.4150009155273 15.738000869751 15.3320007324219 15.6760005950928 15.7920007705688 15.6290006637573 15.7610006332397 15.1780004501343 15.4340009689331 15.5730009078979 15.2450008392334 15.3560009002686 15.496000289917 15.5900011062622 15.5510005950928 15.6060009002686 15.9310007095337 15.9710006713867 16.105001449585 16.3280010223389 16.0850009918213 16.4180011749268 16.375 16.3080005645752 15.9850006103516 15.7230005264282 15.6280012130737 15.5250005722046 15.5370006561279 15.2650003433228 15.3680009841919 15.6140003204346 15.7860012054443
15.1160011291504 14.9320011138916 14.9750003814697 15.2080011367798 15.4940004348755 15.7300004959106 15.871000289917 15.9780006408691 16.0780010223389 15.9540004730225 15.6060009002686 15.4270009994507 15.2640008926392 14.9600009918213 15.0450010299683 15.2490005493164 15.117000579834 15.2770004272461 15.3190011978149 15.3300008773804 15.456000328064 15.7660007476807 15.8440008163452 15.4540004730225 15.943000793457 15.8500003814697 16.1020011901855 15.7220010757446 15.4010009765625 15.7300004959106 15.6350011825562 15.4050006866455 15.1900005340576 15.2260007858276 15.2770004272461 15.5760011672974 15.6550006866455 15.7120008468628 16.0200004577637 16.1880016326904 16.4980010986328 16.1500015258789 16.121000289917 16.4290008544922 16.1950016021729 15.9140005111694 15.7700004577637 15.827000617981 15.7110004425049 15.5110006332397 15.1720008850098 15.4010009765625 15.403000831604
15.1050004959106 15.1040010452271 15.0510005950928 15.1340007781982 15.4290008544922 15.5440006256104 15.7900009155273 16.1340007781982 16.1820011138916 16.0710010528564 15.8390007019043 15.6750011444092 15.4300003051758 15.1180009841919 15.202000617981 15.2950010299683 15.3690004348755 15.2920007705688 15.5570011138916 15.4440011978149 15.3300008773804 15.5710010528564 15.746000289917 15.7880010604858 15.6690006256104 16.0360012054443 16.0820007324219 15.9170007705688 15.3490009307861 15.5220003128052 15.8560009002686 15.5400009155273 15.4550008773804 15.3900003433228 15.4810009002686 15.6690006256104 15.8390007019043 16.2480010986328 16.5460014343262 16.601001739502 16.5460014343262 16.5869998931885 16.3970012664795 16.375 16.0340003967285 16.0320014953613 15.7930011749268 16.113000869751 15.5220003128052 15.2400007247925 15.2940006256104 15.2800006866455 15.4640007019043
15.1660003662109 15.1290006637573 14.9010009765625 14.8860006332397 15.1580009460449 15.4550008773804 15.8490009307861 16.0510005950928 16.0580005645752 15.9570007324219 15.952000617981 15.8100004196167 15.5370006561279 15.4540004730225 15.3020009994507 15.4090003967285 15.4320011138916 15.4100008010864 15.5260009765625 15.4510011672974 15.2840003967285 15.2700004577637 15.4990005493164 15.8520011901855 16.0250015258789 15.7240009307861 16.1540012359619 15.9620008468628 15.5790004730225 15.3970003128052 15.6620006561279 15.8490009307861 15.5250005722046 15.1870002746582 15.3530006408691 15.5470008850098 16.0230007171631 16.1690006256104 16.3840007781982 16.5069999694824 16.2910003662109 16.1290016174316 16.0740013122559 16.1110000610352 16.355001449585 15.8850011825562 15.6650009155273 16.0799999237061 15.9420003890991 15.653000831604 15.3850011825562 15.0790004730225 15.407000541687
15.2590007781982 15.0350008010864 14.7600002288818 14.8040008544922 14.988000869751 15.1860008239746 15.4370002746582 15.6900005340576 15.7890005111694 15.8680009841919 15.9600009918213 15.7940006256104 15.5800008773804 15.5150003433228 15.5160007476807 15.5020008087158 15.4570007324219 15.4690008163452 15.5160007476807 15.4540004730225 15.4040002822876 15.439001083374 15.3840007781982 15.6200008392334 15.7950010299683 15.9500007629395 15.8340005874634 16.0090007781982 15.7170009613037 15.5200004577637 15.6020011901855 15.7090005874634 15.9460010528564 15.738000869751 15.5330009460449 15.8110008239746 15.782000541687 15.8950004577637 15.899001121521 16.0920009613037 15.8940010070801 15.9490003585815 16.1540012359619 16.3420009613037 16.4830017089844 15.9140005111694 15.8430004119873 16.234001159668 15.9490003585815 15.5710010528564 15.3000011444092 15.1550006866455 15.2600011825562
15.1100006103516 15.3240003585815 14.8740005493164 14.9970006942749 15.0530004501343 15.1140003204346 15.2840003967285 15.524001121521 15.6290006637573 15.7360010147095 15.8190011978149 15.814001083374 15.6800003051758 15.5850009918213 15.6400003433228 15.5980005264282 15.5190010070801 15.5650005340576 15.5690011978149 15.5140008926392 15.3910007476807 15.44700050354 15.3520011901855 15.234001159668 15.1960010528564 15.4200010299683 15.7210006713867 16.0410003662109 15.8520011901855 15.6990003585815 15.6400003433228 15.8580007553101 16.0580005645752 16.1450004577637 15.8470010757446 15.6850004196167 16.1350002288818 16.2280006408691 15.9460010528564 16.0040016174316 16.2490005493164 16.0950012207031 16.2189998626709 16.310001373291 16.4060001373291 16.3110008239746 15.9000005722046 16.371000289917 16.2390003204346 15.8890008926392 15.5490007400513 15.6920003890991 15.2100009918213
15.407000541687 15.4640007019043 14.9810009002686 14.9750003814697 15.0960006713867 15.3100004196167 15.4330005645752 15.5250005722046 15.6350011825562 15.6770009994507 15.6430006027222 15.7070007324219 15.6190004348755 15.6190004348755 15.7260007858276 15.7040004730225 15.6740007400513 15.6820011138916 15.689001083374 15.5420007705688 15.4040002822876 15.403000831604 15.443000793457 15.3620004653931 15.2880010604858 15.3800010681152 15.4900007247925 15.5590009689331 15.6780004501343 15.8500003814697 15.7550010681152 15.5920009613037 15.9500007629395 16.2189998626709 16.0419998168945 15.9100008010864 16.0729999542236 16.3150005340576 16.2550010681152 15.7750005722046 15.9370012283325 16.0610008239746 15.8150005340576 16.0120010375977 16.2750015258789 16.4710006713867 16.25 16.2320003509521 16.4689998626709 16.1290016174316 15.9860010147095 16.0799999237061 15.9990005493164
15.2450008392334 15.4660005569458 15.1950006484985 15.2100009918213 15.2350006103516 15.2400007247925 15.4290008544922 15.3200006484985 15.4250011444092 15.4940004348755 15.5520009994507 15.6720008850098 15.7170009613037 15.7470006942749 15.9330005645752 15.863000869751 15.859001159668 15.8430004119873 15.7390003204346 15.609001159668 15.4240007400513 15.4550008773804 15.5270004272461 15.439001083374 15.2920007705688 15.403000831604 15.57200050354 15.7660007476807 15.903000831604 15.7940006256104 15.9830007553101 15.8110008239746 15.7290010452271 16.0450000762939 16.1350002288818 16.2610015869141 16.0160007476807 16.2250003814697 16.3520011901855 15.9780006408691 15.5660009384155 15.4280004501343 15.4250011444092 15.4040002822876 15.4150009155273 15.7370004653931 16.1690006256104 16.5869998931885 16.5170001983643 16.5500011444092 16.2950000762939 16.2130012512207 15.9050006866455
15.4830007553101 15.4940004348755 15.5780010223389 15.7570009231567 15.5160007476807 15.581000328064 15.2560005187988 15.3810005187988 15.5000009536743 15.4650011062622 15.4800004959106 15.6100006103516 15.8200006484985 15.9110012054443 16.1979999542236 16.1480007171631 16.1200008392334 16.0840015411377 15.859001159668 15.6380004882812 15.5930004119873 15.8210010528564 15.8410005569458 15.6650009155273 15.5490007400513 15.4790010452271 15.4570007324219 15.5830011367798 15.706000328064 15.867000579834 15.9910011291504 16.0270004272461 16.0580005645752 16.1070003509521 16.1960010528564 15.9150009155273 16.1110000610352 16.1690006256104 16.0700016021729 15.6120004653931 15.3760004043579 15.4100008010864 15.7480010986328 15.6380004882812 15.7190008163452 15.8610010147095 16.1710014343262 16.0790004730225 16.2940006256104 16.5930004119873 16.2920017242432 16.1030006408691 15.8700008392334
15.3960008621216 15.3390007019043 15.4450006484985 15.7550010681152 15.9790010452271 15.7050008773804 15.4760007858276 15.5090007781982 15.3790006637573 15.5290002822876 15.5590009689331 15.5990009307861 15.9410009384155 16.2690010070801 16.359001159668 16.2840003967285 16.3930015563965 16.2990016937256 16.0530014038086 15.7640008926392 15.8510007858276 16.2849998474121 16.1140003204346 15.6800003051758 15.657000541687 15.5410003662109 15.4270009994507 15.6320009231567 15.8380002975464 15.9040002822876 15.5660009384155 15.5510005950928 15.8530006408691 15.4740009307861 15.4870004653931 15.4450006484985 15.3890008926392 15.5220003128052 15.9550008773804 15.9640007019043 15.7190008163452 15.7960004806519 15.8790006637573 15.9550008773804 15.9420003890991 15.899001121521 15.9800004959106 15.943000793457 15.9150009155273 16.3010005950928 16.4590015411377 16.125 16.0060005187988
15.568000793457 15.4900007247925 15.4540004730225 15.6840009689331 15.8500003814697 15.9230003356934 15.7800006866455 15.4580011367798 15.5090007781982 15.3860006332397 15.5390005111694 15.7410011291504 16.1100006103516 16.3770008087158 16.4560012817383 16.3530006408691 16.4830017089844 16.6040000915527 16.3990001678467 16.1430015563965 15.8650007247925 16.4490013122559 16.1070003509521 15.8190011978149 15.8970003128052 15.6560010910034 15.2930011749268 15.4990005493164 15.4710006713867 15.6160011291504 15.359001159668 15.6060009002686 15.4550008773804 15.2830009460449 15.3150005340576 15.4550008773804 15.6250009536743 15.6920003890991 15.7850008010864 15.8550004959106 15.8960008621216 15.943000793457 15.9950008392334 15.9740009307861 15.939001083374 16.0300006866455 16.0310001373291 15.9080009460449 15.9740009307861 16.1350002288818 16.3070011138916 16.375 16.4200000762939
15.5090007781982 15.7410011291504 15.7180004119873 15.6590003967285 15.7800006866455 16.0180015563965 16.0180015563965 15.7700004577637 15.6450004577637 15.7600011825562 15.8440008163452 15.9210004806519 16.060001373291 16.3520011901855 16.5090007781982 16.4320011138916 16.3959999084473 16.6480007171631 16.7580013275146 16.1540012359619 16.2100009918213 16.5150012969971 16.2720012664795 15.9330005645752 16.0510005950928 15.6000003814697 15.5620002746582 15.6620006561279 15.6020011901855 15.318000793457 15.2590007781982 15.2550010681152 15.109001159668 14.996000289917 15.0020008087158 15.1180009841919 15.4650011062622 15.5960006713867 15.4860010147095 15.5800008773804 15.4250011444092 15.5780010223389 15.7000007629395 15.903000831604 15.8560009002686 15.9930009841919 15.9000005722046 15.7750005722046 16.0580005645752 16.3560009002686 16.3350009918213 16.4870014190674 16.2920017242432
15.8750009536743 15.7090005874634 15.8560009002686 15.9700012207031 15.8840007781982 15.8570003509521 16.109001159668 16.0880012512207 16.0400009155273 16.0240001678467 16.0220012664795 16.181001663208 16.359001159668 16.5360012054443 16.8840007781982 17.1270008087158 16.6900005340576 16.3040008544922 16.7830009460449 16.4570007324219 16.6640014648438 16.4380016326904 15.9730005264282 15.8110008239746 16.0540008544922 15.6650009155273 15.8430004119873 15.8250007629395 15.5460004806519 15.5340003967285 15.5340003967285 15.2900009155273 15.07200050354 15.0270004272461 14.8860006332397 15.1110010147095 15.1870002746582 15.2680006027222 15.121000289917 15.3130006790161 15.242000579834 15.1720008850098 15.5510005950928 15.5150003433228 15.403000831604 15.5230007171631 15.3030004501343 15.4370002746582 15.8160009384155 15.9170007705688 16.0860004425049 16.3210010528564 16.3050003051758
15.8090009689331 16 16.0300006866455 15.9590005874634 15.8240003585815 15.9730005264282 15.956000328064 16.0090007781982 16.0650005340576 16.0069999694824 16.1750011444092 16.2030010223389 16.2630004882812 16.5910015106201 16.8840007781982 17.0880012512207 16.9870014190674 16.5290012359619 16.6590003967285 16.8040008544922 16.5620002746582 16.0430011749268 15.956000328064 15.9240007400513 16.0180015563965 15.9760007858276 15.9690008163452 15.7890005111694 15.8870010375977 15.7950010299683 15.782000541687 15.5920009613037 15.2990007400513 15.2210006713867 15.0670003890991 15.1680011749268 15.0730009078979 14.9890003204346 15.153000831604 14.9300003051758 15.0890007019043 15.0520009994507 14.9570007324219 14.8300008773804 15.0790004730225 15.2830009460449 15.4330005645752 15.5450010299683 15.5090007781982 15.7950010299683 16.1920013427734 16.431001663208 16.5240001678467
15.7610006332397 15.8350009918213 15.9770011901855 15.8700008392334 15.9700012207031 16.0090007781982 16.1790008544922 16.3369998931885 16.363000869751 16.1740016937256 16.2230014801025 16.1150016784668 16.3500003814697 16.4110012054443 16.8700008392334 16.7849998474121 17.0670013427734 17.0139999389648 16.7740001678467 16.6450004577637 16.5950012207031 16.0349998474121 15.9720010757446 16.0910015106201 16.1560001373291 16.0370006561279 15.8070011138916 16.0430011749268 16.0590000152588 16.0570011138916 16.1120014190674 15.8820009231567 15.609001159668 15.2480010986328 15.2650003433228 15.2660007476807 15.1390008926392 15.1010007858276 14.9310007095337 14.7550010681152 14.5570011138916 14.532000541687 14.6840009689331 14.7000007629395 15.0730009078979 15.2250003814697 15.4640007019043 15.5330009460449 15.6540002822876 16.0920009613037 16.3330001831055 16.306001663208 16.4980010986328
15.9790010452271 15.7440004348755 15.9170007705688 15.9600009918213 16.2530002593994 16.4570007324219 16.5130004882812 16.5690002441406 16.3390007019043 16.3090000152588 16.3870010375977 16.230001449585 16.4140014648438 16.6440010070801 16.5860004425049 16.9770011901855 16.6640014648438 16.8850002288818 16.8770008087158 16.8000011444092 16.6480007171631 16.359001159668 16.1669998168945 16.3470001220703 16.181001663208 16.1610012054443 16.1870002746582 16.3889999389648 16.4290008544922 16.2680015563965 16.2070007324219 16.0690002441406 15.8020009994507 15.524001121521 15.4120006561279 15.1960010528564 14.9570007324219 14.9610004425049 14.6200008392334 14.5090007781982 14.8120002746582 14.907000541687 15.1250009536743 14.8840007781982 15.1740007400513 15.2710008621216 15.4730005264282 15.6440010070801 15.6310005187988 15.7200012207031 15.9380006790161 15.7520008087158 16.0690002441406
16.0510005950928 15.57200050354 15.9100008010864 16.2220001220703 16.189001083374 16.2440013885498 16.4240016937256 16.3870010375977 16.3889999389648 16.451000213623 16.4940013885498 16.4150009155273 16.488000869751 16.6420001983643 16.810001373291 16.9650001525879 16.4190006256104 16.6000003814697 16.7630004882812 16.6940002441406 16.7240009307861 16.7610015869141 16.5990009307861 16.4020004272461 16.5040016174316 16.375 16.6200008392334 16.4540004730225 16.1790008544922 16.1120014190674 16.0300006866455 15.9280004501343 15.8600006103516 15.827000617981 15.5260009765625 15.371000289917 15.2140007019043 14.9460010528564 14.7100009918213 14.693000793457 15.0610008239746 15.1030006408691 15.2880010604858 15.2350006103516 15.5000009536743 15.5160007476807 15.3020009994507 15.5400009155273 15.2150011062622 15.403000831604 15.5750007629395 15.6120004653931 15.7950010299683
15.8750009536743 15.5620002746582 15.8340005874634 15.9170007705688 16.1420001983643 16.3150005340576 16.3490009307861 16.1500015258789 16.2530002593994 16.3640003204346 16.5340003967285 16.9790000915527 17.1030006408691 17.0740013122559 16.8840007781982 16.4740009307861 16.576000213623 16.6260013580322 16.4940013885498 16.435001373291 16.5250015258789 16.6900005340576 16.8390007019043 16.7189998626709 16.8700008392334 16.8299999237061 16.6790008544922 16.4060001373291 16.1240005493164 16.068000793457 16.0520000457764 15.9440011978149 15.8900003433228 15.8490009307861 15.8320007324219 15.8700008392334 15.7450008392334 15.4140005111694 15.2280006408691 15.0690002441406 15.1900005340576 15.2940006256104 15.5210008621216 15.4420003890991 15.4240007400513 15.7220010757446 15.5860004425049 15.5420007705688 15.5950002670288 15.5500011444092 15.5670003890991 15.6200008392334 15.6700010299683
15.734001159668 15.5860004425049 15.7770004272461 15.956000328064 16.0139999389648 16.2189998626709 16.1420001983643 16.3570003509521 16.2860012054443 16.5900001525879 16.7800006866455 17.0450000762939 17.0170001983643 16.851001739502 16.5290012359619 16.3170013427734 16.2290000915527 16.2680015563965 16.3810005187988 16.367000579834 16.5990009307861 16.6470012664795 16.6400012969971 16.9100017547607 16.806001663208 17.0170001983643 16.5160007476807 16.3120002746582 16.1740016937256 16.3620014190674 16.2790012359619 16.1450004577637 15.9890003204346 16.0030002593994 16.0349998474121 15.9540004730225 15.9220008850098 15.9190006256104 15.6000003814697 15.5350008010864 15.3070011138916 15.443000793457 15.6550006866455 15.69700050354 15.6410007476807 15.7810010910034 15.7250003814697 15.6470003128052 15.609001159668 15.6250009536743 15.5900011062622 15.5430011749268 15.5250005722046
15.871000289917 15.9440011978149 15.8090009689331 16.0340003967285 16.2660007476807 16.2480010986328 16.1120014190674 16.4440002441406 16.5030002593994 16.726001739502 17.0920009613037 17.0690002441406 16.9740009307861 16.7849998474121 16.9040012359619 16.3870010375977 16.4340000152588 16.6370010375977 16.5810012817383 16.6960010528564 16.7720012664795 16.8490009307861 16.9040012359619 16.9280014038086 16.7910003662109 16.9409999847412 16.6880016326904 16.4560012817383 16.3700008392334 16.3650016784668 16.2760009765625 16.2140007019043 16.0670013427734 16.1000003814697 16.1140003204346 16.0300006866455 15.9000005722046 16.0110015869141 16.1140003204346 15.6820011138916 15.7010011672974 15.609001159668 15.706000328064 15.7750005722046 15.7980003356934 15.8740005493164 15.8000011444092 15.7620010375977 15.6500005722046 15.6260004043579 15.6340007781982 15.7230005264282 15.9130010604858
15.6240005493164 15.6350011825562 15.6350011825562 15.8050003051758 16.0799999237061 16.2760009765625 16.3870010375977 16.3340015411377 16.4590015411377 16.7030010223389 17.0939998626709 17.0139999389648 16.82200050354 16.7670001983643 16.8050003051758 16.8780002593994 16.7569999694824 16.746000289917 16.7740001678467 16.7900009155273 16.7350006103516 16.4980010986328 16.7740001678467 16.8070011138916 16.8159999847412 16.6590003967285 16.8950004577637 16.6540012359619 16.4830017089844 16.2900009155273 16.1420001983643 16.0390014648438 15.9830007553101 16.0700016021729 16.0580005645752 15.9550008773804 15.9700012207031 15.8360004425049 16.0180015563965 16.0980014801025 15.9250011444092 15.8350009918213 15.8640003204346 15.8110008239746 15.8330011367798 15.9170007705688 15.8890008926392 15.8390007019043 15.7850008010864 15.7160005569458 15.9240007400513 15.8240003585815 15.8950004577637
15.2390003204346 15.2790002822876 15.4410009384155 15.6080007553101 15.9500007629395 16.1040000915527 16.3509998321533 16.439001083374 16.5520000457764 16.4630012512207 16.875 17.0510005950928 16.8870010375977 16.7100009918213 17.0500011444092 16.814001083374 16.7770004272461 16.810001373291 16.6340007781982 16.3770008087158 16.3740005493164 16.3310012817383 16.44700050354 16.7110004425049 16.9850006103516 16.8390007019043 16.4050006866455 16.4790000915527 16.4990005493164 16.2160015106201 15.9280004501343 15.827000617981 15.9600009918213 16.0300006866455 16.0570011138916 15.9670009613037 16.0750007629395 16.0349998474121 16.0520000457764 16.105001449585 16.1580009460449 16.1000003814697 15.9750003814697 15.9400005340576 15.9260005950928 15.943000793457 15.9700012207031 15.9540004730225 15.9380006790161 15.9340009689331 15.9110012054443 16.0050010681152 15.903000831604
