layers/vpdmax11.asc
NCOLS 292 
NROWS 291 
XLLCORNER -87.6458333327872 
YLLCORNER 24.4791666666667 
CELLSIZE 0.0416666666669039 
NODATA_value -3.4e+38 
[rows 0 to 23 of 291, columns 159 to 211 of 292]
-3.4e+38 -3.4e+38 -3.4e+38 -3.4e+38 -3.4e+38 -3.4e+38 -3.4e+38 -3.4e+38 -3.4e+38 -3.4e+38 -3.4e+38 -3.4e+38 -3.4e+38 -3.4e+38 -3.4e+38 -3.4e+38 -3.4e+38 -3.4e+38 -3.4e+38 -3.4e+38 -3.4e+38 -3.4e+38 -3.4e+38 -3.4e+38 -3.4e+38 -3.4e+38 -3.4e+38 -3.4e+38 -3.4e+38 -3.4e+38 -3.4e+38 -3.4e+38 -3.4e+38 -3.4e+38 -3.4e+38 -3.4e+38 -3.4e+38 -3.4e+38 -3.4e+38 -3.4e+38 -3.4e+38 -3.4e+38 -3.4e+38 -3.4e+38 -3.4e+38 -3.4e+38 -3.4e+38 -3.4e+38 -3.4e+38 -3.4e+38 -3.4e+38 -3.4e+38 -3.4e+38
11.9620008468628 12.0380001068115 12.6940002441406 14.3530006408691 13.8150005340576 15.081000328064 15.4170007705688 15.657000541687 15.8560009002686 15.9950008392334 15.9690008163452 15.4010009765625 14.9050006866455 15.5460004806519 15.9660005569458 16.056001663208 15.9400005340576 16.0869998931885 15.94700050354 15.7070007324219 15.7090005874634 15.8840007781982 16.185001373291 16.3980007171631 16.4700012207031 16.2410011291504 16.0880012512207 16.1590003967285 16.3190002441406 16.3990001678467 -3.4e+38 -3.4e+38 -3.4e+38 -3.4e+38 -3.4e+38 -3.4e+38 -3.4e+38 -3.4e+38 -3.4e+38 -3.4e+38 -3.4e+38 -3.4e+38 -3.4e+38 -3.4e+38 -3.4e+38 17.0820007324219 16.9670009613037 16.8980007171631 17.0030002593994 16.9740009307861 16.9440002441406 17.0290012359619 16.931001663208
12.2370004653931 12.1050004959106 13.2170009613037 15.1550006866455 15.1800003051758 15.4050006866455 15.7480010986328 15.7160005569458 15.9550008773804 16.1730003356934 16.0100002288818 15.1160011291504 14.9090003967285 15.8490009307861 16.0770015716553 16.0250015258789 16.189001083374 16.492000579834 16.125 15.8360004425049 15.9310007095337 15.7040004730225 15.8320007324219 15.9900007247925 16.1900005340576 16.2200012207031 15.94700050354 16.0310001373291 16.1190013885498 16.306001663208 16.5180015563965 16.7840003967285 16.9180011749268 16.8560009002686 17.0540008544922 17.193000793457 17.1080017089844 17.0270004272461 17.0910015106201 17.0590000152588 17.0350017547607 17.0770015716553 17.0799999237061 17.2049999237061 17.1290016174316 17.064001083374 17.0920009613037 16.9970016479492 17.0110015869141 16.9910011291504 16.7990016937256 16.9700012207031 16.814001083374
12.2630004882812 12.8830003738403 14.4720010757446 14.9450006484985 15.367000579834 15.6900005340576 15.8980007171631 15.6370010375977 15.7990007400513 16.1459999084473 15.7890005111694 15.0660009384155 15.4110012054443 15.9020004272461 15.9450006484985 16.0130004882812 16.0530014038086 16.5320014953613 16.2470016479492 16.0020008087158 16.1060009002686 15.9820003509521 15.82200050354 16.0060005187988 16.0880012512207 16.1540012359619 16 15.7720003128052 16.0390014648438 16.2160015106201 16.3299999237061 16.6990013122559 16.4689998626709 16.6310005187988 16.980001449585 17.0400009155273 17.2090015411377 17.3050003051758 17.3050003051758 17.2920017242432 17.2220001220703 17.2049999237061 17.2540016174316 17.2890014648438 17.2660007476807 17.230001449585 17.1760005950928 17.0480003356934 16.9820003509521 16.8920001983643 16.8500003814697 16.9700012207031 16.6300010681152
12.0090007781982 12.8800010681152 14.4380006790161 15.4360008239746 15.6590003967285 15.6900005340576 15.9150009155273 15.9350004196167 15.5210008621216 15.3520011901855 15.8740005493164 15.943000793457 15.9540004730225 16.0540008544922 15.6790008544922 15.9370012283325 16.3340015411377 16.0799999237061 15.9440011978149 16.2790012359619 16.1780014038086 16.19700050354 16.0729999542236 16.2119998931885 16.2849998474121 16.2000007629395 16.121000289917 16.0340003967285 16.1080017089844 16.2100009918213 16.0030002593994 16.1000003814697 16.2400016784668 16.7250003814697 17.0650005340576 17.3159999847412 17.2660007476807 17.2800006866455 17.3730010986328 17.310001373291 17.3340015411377 17.4370002746582 17.44700050354 17.4450016021729 17.3950004577637 17.2450008392334 17.1580009460449 16.9770011901855 16.9300003051758 16.6990013122559 16.7330017089844 16.9650001525879 16.6760005950928
13.5350008010864 14.6440010070801 15.6790008544922 15.9400005340576 15.9060010910034 15.6450004577637 15.7350006103516 15.8610010147095 15.9220008850098 15.7180004119873 16.0990009307861 16.318000793457 16.1599998474121 15.6870002746582 15.8450012207031 14.8940010070801 15.4460010528564 14.907000541687 15.6320009231567 15.9900007247925 16.1480007171631 16.4370002746582 16.4040012359619 16.5530014038086 16.617000579834 16.4250011444092 16.2490005493164 16.3480014801025 16.0440006256104 15.984001159668 15.6660003662109 15.7000007629395 16.0570011138916 16.6540012359619 17.0740013122559 17.3070011138916 17.1610012054443 17.2630004882812 17.3970012664795 17.5440006256104 17.5400009155273 17.5850009918213 17.5729999542236 17.5520000457764 17.3950004577637 17.3900012969971 17.1990013122559 17.0799999237061 16.8810005187988 16.734001159668 16.9409999847412 17.0450000762939 16.9210014343262
15.7390003204346 15.4550008773804 15.8700008392334 15.7170009613037 16.056001663208 15.9060010910034 15.8730010986328 16.1400012969971 15.9590005874634 15.7720003128052 16.0100002288818 16.3040008544922 15.8350009918213 15.6290006637573 15.9770011901855 15.8600006103516 15.6520004272461 15.8640003204346 15.9040002822876 15.9590005874634 16.2980003356934 16.4560012817383 16.5390014648438 16.7639999389648 16.5 16.3240013122559 16.4020004272461 16.25 15.9980010986328 16.1190013885498 16.0520000457764 15.9150009155273 16.0120010375977 16.375 16.9120006561279 17.109001159668 17.1150016784668 17.3250007629395 17.2070007324219 17.3210010528564 17.5280017852783 17.5750007629395 17.4500007629395 17.4710006713867 17.435001373291 17.4110012054443 17.3070011138916 17.1290016174316 16.8700008392334 16.8110008239746 17.0480003356934 17.2510013580322 16.984001159668
15.6650009155273 15.859001159668 16.0700016021729 16.2849998474121 16.3380012512207 16.435001373291 16.2639999389648 16.3010005950928 16.1300010681152 16.3410015106201 16.2480010986328 16.3660011291504 15.9740009307861 16.1150016784668 16.1389999389648 15.649001121521 15.3450002670288 15.7750005722046 16.0050010681152 16.3800010681152 16.5500011444092 16.6100006103516 16.5320014953613 16.6150016784668 16.2840003967285 16.2150001525879 16.1370010375977 16.0170001983643 16.1710014343262 16.2070007324219 16.2840003967285 16.492000579834 16.4950008392334 16.7569999694824 16.9240016937256 16.8120002746582 16.8369998931885 17.060001373291 17.1750011444092 17.2450008392334 17.4050006866455 17.4250011444092 17.4500007629395 17.3990001678467 17.3570003509521 17.3690013885498 17.3470001220703 17.0980014801025 16.8680000305176 16.8439998626709 16.9590015411377 17.1440010070801 17.0440006256104
16.2150001525879 16.3910007476807 16.6150016784668 16.8040008544922 16.8930015563965 16.7240009307861 16.2960014343262 16.1950016021729 16.2630004882812 16.0250015258789 15.8890008926392 16.2830009460449 16.3070011138916 16.3990001678467 15.9590005874634 15.6120004653931 15.5820007324219 15.6260004043579 16.2330017089844 16.3950004577637 16.6700000762939 16.818000793457 16.5420017242432 16.4850006103516 16.0200004577637 16.0090007781982 16.1459999084473 16.2760009765625 16.5400009155273 16.693000793457 16.5890007019043 16.5320014953613 16.8940010070801 16.8959999084473 16.9420013427734 16.8940010070801 16.9300003051758 17.2060012817383 17.2000007629395 17.4000015258789 17.3900012969971 17.3840007781982 17.4090003967285 17.3430004119873 17.2840003967285 17.2770004272461 17.3340015411377 17.2709999084473 17.101001739502 17.0200004577637 17.0990009307861 17.181001663208 17.0270004272461
16.7400016784668 16.9220008850098 16.9080009460449 16.5510005950928 16.1760005950928 15.6240005493164 15.7590007781982 16.121000289917 15.9970006942749 15.8030004501343 15.7210006713867 15.7450008392334 15.6580009460449 16.2350006103516 16.1080017089844 15.7620010375977 15.956000328064 15.8580007553101 16.185001373291 16.0470008850098 16.4140014648438 16.3229999542236 16.3790016174316 16.6030006408691 16.1370010375977 16.359001159668 16.246000289917 16.2980003356934 16.4610004425049 16.4600009918213 16.6900005340576 16.617000579834 16.6060009002686 16.8190002441406 17.0300006866455 17.201000213623 17.0150012969971 17.4020004272461 17.6220016479492 17.5400009155273 17.4400005340576 17.4440002441406 17.4560012817383 17.3229999542236 17.3020000457764 17.2920017242432 17.4400005340576 17.4110012054443 17.3410015106201 17.3560009002686 17.3700008392334 17.3360004425049 17.2980003356934
16.359001159668 16.246000289917 16.064001083374 15.7160005569458 15.5050010681152 15.8100004196167 15.8130006790161 15.9180011749268 16.1510009765625 15.9740009307861 15.7990007400513 15.7400007247925 15.8070011138916 16.3150005340576 16.5349998474121 16.3130016326904 16.3509998321533 16.4340000152588 16.1180000305176 15.8490009307861 15.7120008468628 15.9170007705688 16.2930011749268 15.9660005569458 15.9690008163452 16.4479999542236 16.5540008544922 16.7200012207031 16.8620014190674 17.0390014648438 16.730001449585 16.75 16.8790016174316 17.1909999847412 17.3650016784668 17.3850002288818 17.6459999084473 17.451000213623 17.6800003051758 17.5990009307861 17.4930000305176 17.576000213623 17.5290012359619 17.4820003509521 17.4500007629395 17.4000015258789 17.4600009918213 17.5050010681152 17.3860015869141 17.4170017242432 17.4660015106201 17.4420013427734 17.7780017852783
15.0840005874634 15.0550003051758 15.4650011062622 15.9850006103516 15.9040002822876 15.9500007629395 16.1790008544922 16.0580005645752 16.0370006561279 16.1690006256104 16.0090007781982 16.0110015869141 16.3320007324219 16.6580009460449 16.5160007476807 16.5930004119873 16.601001739502 16.2060012817383 15.943000793457 16.2090015411377 16.2540016174316 16.117000579834 15.5490007400513 15.7150011062622 16.2270011901855 16.3870010375977 16.6780014038086 16.7180004119873 16.371000289917 16.6690006256104 16.9890003204346 17.1800003051758 17.2080001831055 17.1470012664795 17.125 17.4780006408691 17.6960010528564 17.6510009765625 17.7750015258789 17.7490005493164 17.693000793457 17.689001083374 17.5770015716553 17.439001083374 17.4690017700195 17.3950004577637 17.4330005645752 17.4290008544922 17.3490009307861 17.3110008239746 17.4680004119873 17.7850017547607 18.2690010070801
15.8010005950928 15.8570003509521 16.0840015411377 15.8790006637573 15.9630002975464 16.1200008392334 16.0690002441406 16.1340007781982 16.0380001068115 16.1660003662109 16.121000289917 16.2720012664795 16.5510005950928 16.6710014343262 16.3720016479492 16.8340015411377 16.6100006103516 16.3889999389648 16.5659999847412 16.4240016937256 16.1540012359619 16.0790004730225 15.9020004272461 16.0419998168945 16.2200012207031 16.6319999694824 16.3990001678467 16.1880016326904 16.6660003662109 16.8810005187988 17.0090007781982 17.1740016937256 17.3560009002686 17.3380012512207 17.4340000152588 17.6350002288818 17.6300010681152 17.7540016174316 17.7520008087158 17.8020000457764 17.7800006866455 17.689001083374 17.4580001831055 17.3600006103516 17.4320011138916 17.3800010681152 17.3819999694824 17.3229999542236 17.2850017547607 17.2280006408691 17.5820007324219 17.984001159668 18.2240009307861
15.2050008773804 15.6340007781982 15.9700012207031 16.2049999237061 16.1700000762939 16.3020000457764 16.2800006866455 16.056001663208 16.3200016021729 16.2870006561279 16.3120002746582 16.5349998474121 16.8970012664795 17.0080013275146 16.9120006561279 16.8840007781982 16.9150009155273 16.8250007629395 16.5 16.6860008239746 16.576000213623 16.1480007171631 16.3850002288818 16.2940006256104 16.9360008239746 17.0100002288818 16.7060012817383 16.6690006256104 16.8950004577637 17.1600017547607 17.1070003509521 17.1640014648438 17.2490005493164 17.3660011291504 17.7530002593994 17.8460006713867 17.984001159668 17.9280014038086 17.7830009460449 17.689001083374 17.6790008544922 17.6790008544922 17.4080009460449 17.2220001220703 17.2750015258789 17.2950000762939 17.2890014648438 17.3200016021729 17.3690013885498 17.2920017242432 17.5040016174316 17.7660007476807 17.8740005493164
15.3150005340576 15.7000007629395 15.9460010528564 16.2160015106201 16.2130012512207 16.306001663208 16.6380004882812 16.2830009460449 16.2560005187988 16.4700012207031 16.8450012207031 16.9450016021729 16.9370002746582 16.8819999694824 17.2950000762939 17.0420017242432 17.32200050354 17.1820011138916 17.0370006561279 16.6480007171631 16.6550006866455 16.6420001983643 16.8830013275146 17.0200004577637 17.3920001983643 17.605001449585 17.4100017547607 17.0740013122559 16.7530002593994 16.6389999389648 16.9460010528564 17.0700016021729 17.2410011291504 17.2530002593994 17.2630004882812 17.609001159668 17.8159999847412 17.7590007781982 17.6140003204346 17.5740013122559 17.5570011138916 17.3520011901855 17.1570014953613 17.0970001220703 17.1480007171631 17.3430004119873 17.3889999389648 17.4850006103516 17.480001449585 17.4650001525879 17.5090007781982 17.6730003356934 17.7750015258789
16.0910015106201 15.9740009307861 16.2600002288818 16.3070011138916 16.488000869751 16.4340000152588 16.5380001068115 16.6560001373291 16.4560012817383 16.439001083374 16.7750015258789 17.1900005340576 17.0780010223389 17.0950012207031 17.2430000305176 17.4230003356934 17.3760013580322 17.0020008087158 16.8290004730225 16.6280002593994 16.9010009765625 17.1450004577637 17.2750015258789 17.2130012512207 17.2210006713867 17.7780017852783 17.9549999237061 17.4610004425049 16.9330005645752 16.7849998474121 16.6900005340576 17.076000213623 17.1490001678467 16.9479999542236 17.318000793457 17.5840015411377 17.5340003967285 17.4180011749268 17.4290008544922 17.5150012969971 17.4660015106201 17.113000869751 16.8270015716553 16.8470001220703 17.060001373291 17.2840003967285 17.4770011901855 17.6000003814697 17.6540012359619 17.6750011444092 17.7800006866455 17.7800006866455 17.8770008087158
16.2000007629395 16.4750003814697 16.44700050354 16.4640007019043 16.5890007019043 16.6900005340576 16.7770004272461 16.6440010070801 16.976001739502 16.8310012817383 16.8540000915527 17.1200008392334 17.3930015563965 17.2670001983643 17.3910007476807 17.6800003051758 17.5950012207031 17.2520008087158 16.7569999694824 16.9060001373291 17.2810001373291 17.2020015716553 16.9850006103516 16.7430000305176 17.1650009155273 17.5200004577637 17.6100006103516 17.484001159668 17.1790008544922 17.0430011749268 16.8420009613037 16.8020000457764 16.7970008850098 17.0900001525879 17.2040004730225 17.2960014343262 17.0850009918213 17.2190017700195 17.306001663208 17.3340015411377 17.3640003204346 17.185001373291 16.9450016021729 16.9600009918213 17.1820011138916 17.5180015563965 17.7580013275146 17.7550010681152 17.8110008239746 17.8870010375977 17.9030017852783 18.1310005187988 18.0840015411377
16.2610015869141 16.3940010070801 16.4640007019043 16.3940010070801 16.6480007171631 16.8210010528564 17.0490016937256 16.9820003509521 17.0260009765625 17.2140007019043 17.2430000305176 17.1960010528564 17.601001739502 17.4870014190674 17.693000793457 17.8350009918213 17.4950008392334 17.314001083374 17.2590007781982 17.3819999694824 17.4050006866455 16.9700012207031 16.6990013122559 16.5100002288818 17.726001739502 17.4040012359619 17.3920001983643 17.3790016174316 17.3540000915527 16.9820003509521 16.9400005340576 16.7450008392334 17.0100002288818 17.2230014801025 16.8840007781982 16.8250007629395 17.0100002288818 17.1600017547607 17.19700050354 17.3350009918213 17.4790000915527 17.4300003051758 17.4650001525879 17.2700004577637 17.2230014801025 17.25 17.5250015258789 17.6540012359619 18.0920009613037 18.0590000152588 18.1190013885498 18.1490001678467 18.3050003051758
15.8560009002686 16.0590000152588 16.2220001220703 16.238000869751 16.5490016937256 16.9040012359619 16.871000289917 17.068000793457 17.2430000305176 17.4520015716553 17.5240001678467 17.3350009918213 17.6900005340576 17.7770004272461 17.7770004272461 17.6640014648438 17.3840007781982 17.3450012207031 17.3950004577637 17.5920009613037 17.3110008239746 16.8350009918213 16.2450008392334 16.2140007019043 17.5110015869141 17.7250003814697 17.3540000915527 17.0170001983643 17.1610012054443 17.0510005950928 16.7189998626709 16.6290016174316 17.0240001678467 17.0250015258789 16.6610012054443 16.8159999847412 16.9770011901855 17.0020008087158 16.9060001373291 17.1540012359619 17.1700000762939 17.3229999542236 17.5590000152588 17.6450004577637 17.2440013885498 16.9420013427734 17.0139999389648 18.0150012969971 18.7040004730225 18.560001373291 18.109001159668 17.8920001983643 18.0590000152588
15.9500007629395 16.1590003967285 16.1790008544922 16.3430004119873 16.7320003509521 16.8690013885498 16.9029998779297 17.0860004425049 17.3110008239746 17.4330005645752 17.5510005950928 17.742000579834 17.6860008239746 17.7160015106201 17.4860000610352 17.44700050354 17.2290000915527 16.8980007171631 17.0860004425049 17.2740001678467 16.7060012817383 16.7110004425049 17.0040016174316 17.7830009460449 18.0540008544922 17.5069999694824 17.4860000610352 17.2880001068115 17.0040016174316 16.9950008392334 16.8500003814697 17.0700016021729 17.2070007324219 16.8760013580322 16.6590003967285 16.8700008392334 17.0440006256104 17.1920013427734 16.9549999237061 16.7740001678467 17.0880012512207 17.1200008392334 17.3700008392334 17.125 17.2970008850098 17.1280002593994 17.1940002441406 17.9950008392334 18.8600006103516 18.3200016021729 17.980001449585 17.6030006408691 17.560001373291
16.1100006103516 16.2620010375977 16.4820003509521 16.5990009307861 16.9080009460449 17.0390014648438 17.105001449585 17.2210006713867 17.3600006103516 17.4090003967285 17.5850009918213 17.7290000915527 17.814001083374 17.8540000915527 17.6290016174316 17.4640007019043 17.2900009155273 17.0400009155273 17.2119998931885 17.1120014190674 16.7020015716553 16.601001739502 17.0750007629395 16.9590015411377 17.7790012359619 17.492000579834 17.4070014953613 17.2720012664795 17.2160015106201 17.0440006256104 17.3340015411377 17.5799999237061 17.5740013122559 17.1880016326904 16.9720001220703 17.0939998626709 16.8930015563965 16.9950008392334 17.1990013122559 16.9380016326904 16.7310009002686 16.9630012512207 17.3680000305176 17.0430011749268 16.826000213623 17.5090007781982 17.2049999237061 18.8490009307861 18.8390007019043 18.564001083374 18.1870002746582 17.4150009155273 16.9820003509521
16.5830001831055 16.3110008239746 16.375 16.5440006256104 16.9100017547607 17.0590000152588 17.1450004577637 17.3350009918213 17.5040016174316 17.5980014801025 17.681001663208 17.7790012359619 17.9750003814697 18.0390014648438 17.826000213623 17.5930004119873 17.4460010528564 17.3290004730225 17.3520011901855 17.2910003662109 17.3930015563965 17.2190017700195 16.9630012512207 17.0850009918213 17.4040012359619 17.5830001831055 17.7550010681152 17.4160003662109 16.8120002746582 16.5869998931885 17.0340003967285 17.5150012969971 17.6340007781982 17.5580005645752 17.314001083374 17.3600006103516 17.0040016174316 16.8819999694824 16.8040008544922 16.9680004119873 16.9970016479492 17.4670009613037 17.4610004425049 17.3020000457764 17.5950012207031 17.7620010375977 18.2880001068115 19.201000213623 18.8890018463135 18.5250015258789 18.0050010681152 17.3880004882812 16.8520011901855
16.5590000152588 16.806001663208 16.867000579834 16.875 16.9830017089844 17.2480010986328 17.3020000457764 17.3850002288818 17.5850009918213 17.7000007629395 17.8800010681152 18.2790012359619 18.439001083374 18.1690006256104 17.9250011444092 17.7580013275146 17.57200050354 17.5280017852783 17.5540008544922 17.4619998931885 17.4990005493164 17.3860015869141 17.0650005340576 17.4240016937256 17.8070011138916 17.6880016326904 17.2140007019043 16.8480014801025 16.4340000152588 17.0270004272461 17.3270015716553 17.3910007476807 17.4340000152588 17.6900005340576 17.4360008239746 17.5180015563965 16.9940013885498 17.0040016174316 17.2530002593994 17.3540000915527 17.3299999237061 17.5790004730225 17.7310009002686 17.3800010681152 17.1990013122559 17.564001083374 18.3740005493164 18.6580009460449 18.6160011291504 18.4530010223389 18.246000289917 17.9070014953613 17.1550006866455
16.7690010070801 17.1070003509521 17.246000289917 17.1900005340576 16.8410015106201 17.0740013122559 17.3410015106201 17.4940013885498 17.6650009155273 17.859001159668 18.1550006866455 18.3960018157959 18.3000011444092 18.0890007019043 17.689001083374 17.7800006866455 17.7040004730225 17.7100009918213 17.8520011901855 17.5300006866455 17.6790008544922 17.5570011138916 17.5090007781982 17.8690013885498 18.0240001678467 18.0420017242432 16.4870014190674 15.8750009536743 16.2470016479492 16.867000579834 17.3150005340576 17.6150016784668 17.7890014648438 18.0320014953613 18.0030002593994 17.7900009155273 17.5209999084473 17.496000289917 17.6350002288818 17.685001373291 17.738000869751 17.7750015258789 17.8090000152588 17.9650001525879 18.0209999084473 18.1230010986328 18.5980014801025 19.1030006408691 19.0440006256104 19.0930004119873 18.8790016174316 17.8270015716553 17.0279998779297
