layers/vpdmin11.asc
NCOLS 292 
NROWS 291 
XLLCORNER -87.6458333327872 
YLLCORNER 24.4791666666667 
CELLSIZE 0.0416666666669039 
NODATA_value -3.4e+38 
[rows 138 to 160 of 291, columns 53 to 105 of 292]
1.06000006198883 1.10000002384186 1.16100001335144 1.24500000476837 1.35300004482269 1.50800001621246 1.46900010108948 1.29100000858307 1.21400010585785 1.17900002002716 1.11500000953674 1.08500003814697 1.03700006008148 1.00499999523163 0.974000036716461 0.930000066757202 0.887000024318695 0.844000041484833 0.820000052452087 0.793000042438507 0.759000062942505 0.755000054836273 0.764000058174133 0.785000026226044 0.789000034332275 0.757000029087067 0.753000020980835 0.740000009536743 0.730000019073486 0.733000040054321 0.791000008583069 0.759000062942505 0.753000020980835 0.809000015258789 0.892000019550323 0.925000071525574 0.867000043392181 0.824000060558319 0.839000046253204 0.877000033855438 0.88100004196167 0.89900004863739 0.938000023365021 0.930000066757202 0.870000064373016 0.938000023365021 1.03000009059906 1.13700008392334 1.26300001144409 1.45300006866455 1.51900005340576 1.45900011062622 1.42700004577637
1.05300009250641 1.08800005912781 1.13900005817413 1.20900011062622 1.30000007152557 1.43700003623962 1.44500005245209 1.33100008964539 1.23200011253357 1.17900002002716 1.13200008869171 1.09200000762939 1.06400001049042 1.02500009536743 0.981000065803528 0.952000021934509 0.903000056743622 0.886000037193298 0.85400003194809 0.799000024795532 0.757000029087067 0.751000046730042 0.771000027656555 0.785000026226044 0.76800000667572 0.769000053405762 0.76800000667572 0.75600004196167 0.737000048160553 0.749000012874603 0.776000022888184 0.798000037670135 0.819000065326691 0.873000025749207 0.88100004196167 0.888000071048737 0.853000044822693 0.799000024795532 0.788000047206879 0.842000067234039 0.862000048160553 0.820000052452087 0.840000033378601 0.873000025749207 0.912000060081482 0.909000039100647 0.996000051498413 1.11000001430511 1.3510000705719 1.58300006389618 1.7150000333786 1.78800010681152 1.7150000333786
1.04000008106232 1.06300008296967 1.11300003528595 1.15500009059906 1.21900010108948 1.32900011539459 1.30600011348724 1.26400005817413 1.20400011539459 1.15200006961823 1.09700000286102 1.06400001049042 1.05800008773804 1.03900003433228 0.980000019073486 0.938000023365021 0.885000050067902 0.85400003194809 0.821000039577484 0.796000063419342 0.788000047206879 0.780000030994415 0.800000011920929 0.800000011920929 0.77700001001358 0.789000034332275 0.77400004863739 0.73800003528595 0.74700003862381 0.771000027656555 0.762000024318695 0.76500004529953 0.805000066757202 0.830000042915344 0.844000041484833 0.825000047683716 0.816000044345856 0.818000018596649 0.802000045776367 0.757000029087067 0.803000032901764 0.859000027179718 0.834000051021576 0.833000063896179 0.89000004529953 0.969000041484833 1.02400004863739 1.10300004482269 1.33800005912781 1.57500004768372 1.76400005817413 1.85900008678436 1.73900008201599
1.00700008869171 1.04900002479553 1.09700000286102 1.14000010490417 1.17200005054474 1.23900008201599 1.22100007534027 1.19800007343292 1.15900003910065 1.11300003528595 1.07800006866455 0.992000043392181 1.01900005340576 1.01900005340576 0.960000038146973 0.906000018119812 0.875000059604645 0.862000048160553 0.824000060558319 0.782000064849854 0.790000021457672 0.799000024795532 0.804000020027161 0.806000053882599 0.798000037670135 0.782000064849854 0.759000062942505 0.773000061511993 0.770000040531158 0.748000025749207 0.739000022411346 0.73800003528595 0.769000053405762 0.796000063419342 0.776000022888184 0.737000048160553 0.72900003194809 0.77400004863739 0.761000037193298 0.77400004863739 0.760000050067902 0.814000010490417 0.836000025272369 0.849000036716461 0.893000066280365 0.949000060558319 1.057000041008 1.10699999332428 1.25400006771088 1.44000005722046 1.61100006103516 1.63500010967255 1.62500011920929
0.969000041484833 1.00999999046326 1.05599999427795 1.09800004959106 1.10400009155273 1.14100003242493 1.16500008106232 1.14200007915497 1.10000002384186 1.05099999904633 1.03299999237061 1.0090000629425 0.994000017642975 1.00100004673004 0.939000070095062 0.910000026226044 0.865000069141388 0.828000068664551 0.795000016689301 0.779000043869019 0.789000034332275 0.78600001335144 0.79200005531311 0.809000015258789 0.790000021457672 0.784000039100647 0.780000030994415 0.794000029563904 0.755000054836273 0.750000059604645 0.745000064373016 0.720000028610229 0.736000061035156 0.701000034809113 0.696000039577484 0.684000015258789 0.67600005865097 0.680000007152557 0.735000014305115 0.726000010967255 0.713000059127808 0.784000039100647 0.816000044345856 0.848000049591064 0.87200003862381 0.934000015258789 1.01500010490417 1.09700000286102 1.20400011539459 1.35400009155273 1.432000041008 1.43500006198883 1.45300006866455
0.869000017642975 0.925000071525574 0.967000067234039 1.01300001144409 0.98500007390976 1.02300000190735 1.08700001239777 1.06400001049042 1.03100001811981 1.02100002765656 1.00600004196167 0.984000027179718 0.98500007390976 0.956000030040741 0.925000071525574 0.874000012874603 0.812000036239624 0.794000029563904 0.772000014781952 0.770000040531158 0.750000059604645 0.753000020980835 0.784000039100647 0.789000034332275 0.780000030994415 0.800000011920929 0.804000020027161 0.809000015258789 0.787000060081482 0.742000043392181 0.713000059127808 0.674000024795532 0.665000021457672 0.617000043392181 0.587999999523163 0.579000055789948 0.544000029563904 0.578000009059906 0.644000053405762 0.683000028133392 0.726000010967255 0.770000040531158 0.815000057220459 0.846000015735626 0.895000040531158 0.946000039577484 0.993000030517578 1.09400010108948 1.14900004863739 1.19800007343292 1.30200004577637 1.31700003147125 1.31100010871887
0.879000067710876 0.913000047206879 0.944000065326691 0.984000027179718 0.999000072479248 1.0090000629425 1.03000009059906 0.969000041484833 0.971000075340271 1.00400006771088 0.987000048160553 0.932000041007996 0.911000072956085 0.895000040531158 0.857000052928925 0.833000063896179 0.814000010490417 0.798000037670135 0.779000043869019 0.769000053405762 0.74700003862381 0.763000011444092 0.785000026226044 0.787000060081482 0.798000037670135 0.818000018596649 0.806000053882599 0.790000021457672 0.769000053405762 0.72900003194809 0.701000034809113 0.647000014781952 0.626000046730042 0.587999999523163 0.487000018358231 0.435000032186508 0.407000005245209 0.470000028610229 0.545000016689301 0.647000014781952 0.700000047683716 0.746000051498413 0.775000035762787 0.80100005865097 0.885000050067902 0.957000017166138 1.02300000190735 1.05300009250641 1.09900009632111 1.13200008869171 1.18700003623962 1.19400000572205 1.1580001115799
0.839000046253204 0.858000040054321 0.922000050544739 0.958000063896179 0.971000075340271 0.967000067234039 0.976000070571899 0.919000029563904 0.936000049114227 0.960000038146973 0.928000032901764 0.875000059604645 0.847000062465668 0.855000019073486 0.844000041484833 0.843000054359436 0.828000068664551 0.796000063419342 0.78600001335144 0.775000035762787 0.743000030517578 0.763000011444092 0.780000030994415 0.790000021457672 0.833000063896179 0.840000033378601 0.809000015258789 0.805000066757202 0.780000030994415 0.732000052928925 0.690000057220459 0.664000034332275 0.596000015735626 0.520000040531158 0.459000021219254 0.33500000834465 0.303000003099442 0.399000018835068 0.473000019788742 0.591000020503998 0.671000003814697 0.730000019073486 0.753000020980835 0.805000066757202 0.885000050067902 0.930000066757202 0.977000057697296 1.02799999713898 1.06900000572205 1.10699999332428 1.11500000953674 1.10500001907349 1.10000002384186
0.803000032901764 0.819000065326691 0.874000012874603 0.892000019550323 0.885000050067902 0.911000072956085 0.920000016689301 0.894000053405762 0.912000060081482 0.912000060081482 0.897000014781952 0.858000040054321 0.859000027179718 0.866000056266785 0.870000064373016 0.848000049591064 0.829000055789948 0.804000020027161 0.790000021457672 0.788000047206879 0.743000030517578 0.741000056266785 0.769000053405762 0.802000045776367 0.857000052928925 0.878000020980835 0.851000010967255 0.836000025272369 0.793000042438507 0.763000011444092 0.690000057220459 0.636000037193298 0.602000057697296 0.53300005197525 0.432000011205673 0.354000002145767 0.281000018119812 0.357000023126602 0.467000007629395 0.556000053882599 0.665000021457672 0.743000030517578 0.776000022888184 0.843000054359436 0.884000062942505 0.920000016689301 0.978000044822693 1.02500009536743 1.04900002479553 1.07200002670288 1.06200003623962 1.06800007820129 1.02600002288818
0.799000024795532 0.816000044345856 0.850000023841858 0.866000056266785 0.88100004196167 0.880000054836273 0.891000032424927 0.869000017642975 0.878000020980835 0.883000016212463 0.871000051498413 0.853000044822693 0.855000019073486 0.870000064373016 0.869000017642975 0.851000010967255 0.839000046253204 0.821000039577484 0.778000056743622 0.785000026226044 0.760000050067902 0.75600004196167 0.789000034332275 0.861000061035156 0.930000066757202 0.956000030040741 0.928000032901764 0.877000033855438 0.832000017166138 0.78600001335144 0.719000041484833 0.654000043869019 0.600000023841858 0.574000000953674 0.477000027894974 0.424000024795532 0.399000018835068 0.443000018596649 0.520000040531158 0.606000006198883 0.681000053882599 0.754000008106232 0.80100005865097 0.822000026702881 0.865000069141388 0.932000041007996 0.971000075340271 1.00100004673004 1.01900005340576 1.02500009536743 1.00100004673004 0.975000023841858 0.965000033378601
0.784000039100647 0.785000026226044 0.813000023365021 0.852000057697296 0.851000010967255 0.859000027179718 0.877000033855438 0.869000017642975 0.873000025749207 0.859000027179718 0.845000028610229 0.843000054359436 0.846000015735626 0.866000056266785 0.866000056266785 0.85400003194809 0.814000010490417 0.791000008583069 0.77700001001358 0.782000064849854 0.763000011444092 0.758000016212463 0.795000016689301 0.894000053405762 1.01400005817413 1.11500000953674 1.05599999427795 0.963000059127808 0.887000024318695 0.808000028133392 0.722000062465668 0.633000016212463 0.641000032424927 0.639000058174133 0.561000049114227 0.522000014781952 0.501000046730042 0.541000008583069 0.595000028610229 0.659000039100647 0.739000022411346 0.791000008583069 0.822000026702881 0.837000012397766 0.885000050067902 0.918000042438507 0.950000047683716 0.969000041484833 0.989000022411346 0.982000052928925 0.954000055789948 0.913000047206879 0.916000068187714
0.760000050067902 0.77700001001358 0.813000023365021 0.820000052452087 0.844000041484833 0.850000023841858 0.870000064373016 0.860000014305115 0.855000019073486 0.845000028610229 0.843000054359436 0.860000014305115 0.869000017642975 0.867000043392181 0.850000023841858 0.835000038146973 0.804000020027161 0.789000034332275 0.759000062942505 0.769000053405762 0.750000059604645 0.735000014305115 0.762000024318695 0.845000028610229 0.970000028610229 1.11400008201599 1.05400002002716 0.972000062465668 0.898000061511993 0.836000025272369 0.77400004863739 0.710000038146973 0.705000042915344 0.689000010490417 0.680000007152557 0.64000004529953 0.62200003862381 0.62200003862381 0.664000034332275 0.725000023841858 0.760000050067902 0.809000015258789 0.857000052928925 0.860000014305115 0.875000059604645 0.900000035762787 0.927000045776367 0.949000060558319 0.959000051021576 0.941000044345856 0.909000039100647 0.884000062942505 0.87200003862381
0.740000009536743 0.751000046730042 0.79200005531311 0.808000028133392 0.808000028133392 0.813000023365021 0.840000033378601 0.828000068664551 0.835000038146973 0.830000042915344 0.850000023841858 0.868000030517578 0.860000014305115 0.842000067234039 0.838000059127808 0.818000018596649 0.778000056743622 0.753000020980835 0.748000025749207 0.726000010967255 0.705000042915344 0.688000023365021 0.687000036239624 0.700000047683716 0.711000025272369 0.867000043392181 0.909000039100647 0.888000071048737 0.855000019073486 0.809000015258789 0.74700003862381 0.690000057220459 0.706000030040741 0.736000061035156 0.723000049591064 0.701000034809113 0.704000055789948 0.719000041484833 0.728000044822693 0.77700001001358 0.811000049114227 0.85400003194809 0.911000072956085 0.897000014781952 0.904000043869019 0.910000026226044 0.903000056743622 0.905000030994415 0.892000019550323 0.883000016212463 0.842000067234039 0.837000012397766 0.835000038146973
0.775000035762787 0.780000030994415 0.799000024795532 0.826000034809113 0.833000063896179 0.834000051021576 0.814000010490417 0.822000026702881 0.815000057220459 0.813000023365021 0.838000059127808 0.841000020503998 0.837000012397766 0.849000036716461 0.815000057220459 0.796000063419342 0.748000025749207 0.714000046253204 0.700000047683716 0.663000047206879 0.635000050067902 0.624000012874603 0.605000019073486 0.554000020027161 0.538000047206879 0.690000057220459 0.794000029563904 0.800000011920929 0.787000060081482 0.766000032424927 0.726000010967255 0.704000055789948 0.713000059127808 0.733000040054321 0.743000030517578 0.753000020980835 0.753000020980835 0.76500004529953 0.80100005865097 0.830000042915344 0.869000017642975 0.896000027656555 0.984000027179718 0.947000026702881 0.931000053882599 0.933000028133392 0.923000037670135 0.880000054836273 0.875000059604645 0.853000044822693 0.810000061988831 0.784000039100647 0.799000024795532
0.784000039100647 0.769000053405762 0.739000022411346 0.750000059604645 0.76500004529953 0.77700001001358 0.77400004863739 0.781000018119812 0.762000024318695 0.770000040531158 0.779000043869019 0.782000064849854 0.790000021457672 0.826000034809113 0.800000011920929 0.778000056743622 0.721000015735626 0.678000032901764 0.659000039100647 0.616000056266785 0.576000034809113 0.586000025272369 0.568000018596649 0.567000031471252 0.590000033378601 0.648000001907349 0.724000036716461 0.737000048160553 0.745000064373016 0.74700003862381 0.701000034809113 0.707000017166138 0.713000059127808 0.713000059127808 0.723000049591064 0.754000008106232 0.806000053882599 0.826000034809113 0.835000038146973 0.883000016212463 0.918000042438507 0.969000041484833 1.01900005340576 1.01200008392334 0.958000063896179 0.954000055789948 0.923000037670135 0.896000027656555 0.886000037193298 0.853000044822693 0.804000020027161 0.806000053882599 0.827000021934509
0.758000016212463 0.73800003528595 0.728000044822693 0.723000049591064 0.733000040054321 0.752000033855438 0.751000046730042 0.74700003862381 0.737000048160553 0.717000007629395 0.730000019073486 0.740000009536743 0.742000043392181 0.752000033855438 0.720000028610229 0.694000005722046 0.64300000667572 0.624000012874603 0.596000015735626 0.564000010490417 0.548000037670135 0.559000015258789 0.570000052452087 0.590000033378601 0.611000001430511 0.641000032424927 0.677000045776367 0.690000057220459 0.689000010490417 0.660000026226044 0.628000020980835 0.64300000667572 0.689000010490417 0.699000060558319 0.713000059127808 0.760000050067902 0.805000066757202 0.852000057697296 0.88100004196167 0.925000071525574 0.982000052928925 1.03299999237061 1.0660001039505 1.08000004291534 1.03100001811981 0.994000017642975 0.964000046253204 0.918000042438507 0.892000019550323 0.862000048160553 0.823000013828278 0.813000023365021 0.800000011920929
0.78300005197525 0.728000044822693 0.698000013828278 0.715000033378601 0.719000041484833 0.726000010967255 0.732000052928925 0.725000023841858 0.714000046253204 0.715000033378601 0.715000033378601 0.716000020503998 0.706000030040741 0.72900003194809 0.714000046253204 0.671000003814697 0.62200003862381 0.599000036716461 0.558000028133392 0.540000021457672 0.530000030994415 0.527999997138977 0.544000029563904 0.587000012397766 0.624000012874603 0.633000016212463 0.627000033855438 0.605000019073486 0.556000053882599 0.482000023126602 0.41200003027916 0.455000013113022 0.53300005197525 0.606000006198883 0.682000041007996 0.75600004196167 0.817000031471252 0.864000022411346 0.914000034332275 0.961000025272369 1.0090000629425 1.08000004291534 1.11500000953674 1.14400005340576 1.08900010585785 1.04200005531311 0.99700003862381 0.950000047683716 0.945000052452087 0.89000004529953 0.850000023841858 0.825000047683716 0.816000044345856
0.808000028133392 0.767000019550323 0.711000025272369 0.695000052452087 0.690000057220459 0.695000052452087 0.710000038146973 0.705000042915344 0.717000007629395 0.710000038146973 0.700000047683716 0.704000055789948 0.719000041484833 0.713000059127808 0.690000057220459 0.651000022888184 0.616000056266785 0.584000051021576 0.546000003814697 0.530000030994415 0.520000040531158 0.522000014781952 0.532000005245209 0.575000047683716 0.589000046253204 0.585000038146973 0.550000011920929 0.5 0.445000022649765 0.399000018835068 0.346000015735626 0.342000007629395 0.430000007152557 0.520000040531158 0.608000040054321 0.689000010490417 0.79200005531311 0.880000054836273 0.950000047683716 1.00999999046326 1.07300007343292 1.17300009727478 1.20700001716614 1.19700002670288 1.1340000629425 1.12999999523163 1.07300007343292 1.00300002098083 0.945000052452087 0.870000064373016 0.817000031471252 0.828000068664551 0.825000047683716
0.833000063896179 0.818000018596649 0.759000062942505 0.716000020503998 0.714000046253204 0.692000031471252 0.705000042915344 0.712000012397766 0.724000036716461 0.705000042915344 0.700000047683716 0.719000041484833 0.719000041484833 0.705000042915344 0.675000011920929 0.646000027656555 0.609000027179718 0.587000012397766 0.544000029563904 0.529000043869019 0.520000040531158 0.531000018119812 0.557000041007996 0.585000038146973 0.580000042915344 0.557000041007996 0.578000009059906 0.600000023841858 0.625 -3.4e+38 0.621000051498413 -3.4e+38 -3.4e+38 -3.4e+38 -3.4e+38 0.910000026226044 0.877000033855438 0.894000053405762 0.976000070571899 1.05800008773804 1.13200008869171 1.17900002002716 1.23400008678436 1.26400005817413 1.30000007152557 1.24900007247925 1.14100003242493 1.02100002765656 0.933000028133392 0.847000062465668 0.809000015258789 0.810000061988831 0.789000034332275
0.775000035762787 0.839000046253204 0.806000053882599 0.759000062942505 0.744000017642975 0.711000025272369 0.728000044822693 0.728000044822693 0.726000010967255 0.709000051021576 0.712000012397766 0.754000008106232 0.739000022411346 0.694000005722046 0.665000021457672 0.647000014781952 0.605000019073486 0.570000052452087 0.546000003814697 0.539000034332275 0.530000030994415 0.537000000476837 0.567000031471252 0.575000047683716 0.599000036716461 0.682000041007996 0.760000050067902 -3.4e+38 -3.4e+38 -3.4e+38 -3.4e+38 -3.4e+38 -3.4e+38 -3.4e+38 -3.4e+38 -3.4e+38 1.21000003814697 1.17200005054474 1.11000001430511 1.07600009441376 1.11400008201599 1.20200002193451 1.24900007247925 1.26000010967255 1.27300000190735 1.22200000286102 1.12000000476837 1.0200001001358 0.922000050544739 0.858000040054321 0.826000034809113 0.785000026226044 0.775000035762787
0.757000029087067 0.873000025749207 0.850000023841858 0.808000028133392 0.795000016689301 0.746000051498413 0.745000064373016 0.750000059604645 0.735000014305115 0.725000023841858 0.73800003528595 0.769000053405762 0.735000014305115 0.703000009059906 0.690000057220459 0.639000058174133 0.605000019073486 0.569000005722046 0.549000024795532 0.532000005245209 0.525000035762787 0.547000050544739 0.544000029563904 0.579000055789948 0.67600005865097 0.775000035762787 -3.4e+38 -3.4e+38 -3.4e+38 -3.4e+38 -3.4e+38 -3.4e+38 -3.4e+38 -3.4e+38 -3.4e+38 -3.4e+38 -3.4e+38 -3.4e+38 1.44000005722046 1.37200009822845 1.25500011444092 1.20300006866455 1.22300004959106 1.22500002384186 1.1710000038147 1.13100004196167 1.05400002002716 0.980000019073486 0.898000061511993 0.850000023841858 0.825000047683716 0.77400004863739 0.72900003194809
0.615000009536743 0.828000068664551 0.897000014781952 0.871000051498413 0.848000049591064 0.803000032901764 0.764000058174133 0.750000059604645 0.745000064373016 0.735000014305115 0.744000017642975 0.737000048160553 0.737000048160553 0.748000025749207 0.707000017166138 0.655000030994415 0.597000002861023 0.540000021457672 0.485000014305115 0.473000019788742 0.497000008821487 0.471000015735626 0.523000001907349 0.61300003528595 0.725000023841858 0.770000040531158 -3.4e+38 -3.4e+38 -3.4e+38 -3.4e+38 -3.4e+38 -3.4e+38 -3.4e+38 -3.4e+38 -3.4e+38 -3.4e+38 -3.4e+38 -3.4e+38 -3.4e+38 -3.4e+38 1.61600005626678 1.43900001049042 1.3160001039505 1.20600008964539 1.125 1.07000005245209 0.995000064373016 0.945000052452087 0.914000034332275 0.874000012874603 0.826000034809113 0.789000034332275 0.77400004863739
-3.4e+38 0.714000046253204 0.933000028133392 0.92600005865097 0.89900004863739 0.859000027179718 0.809000015258789 0.770000040531158 0.744000017642975 0.759000062942505 0.773000061511993 0.767000019550323 0.764000058174133 0.758000016212463 0.700000047683716 0.608000040054321 0.496000021696091 0.401000022888184 0.348000019788742 0.345000028610229 0.373000025749207 0.424000024795532 -3.4e+38 -3.4e+38 0.739000022411346 0.790000021457672 -3.4e+38 -3.4e+38 -3.4e+38 -3.4e+38 -3.4e+38 -3.4e+38 -3.4e+38 -3.4e+38 -3.4e+38 -3.4e+38 -3.4e+38 -3.4e+38 -3.4e+38 -3.4e+38 -3.4e+38 -3.4e+38 1.57900011539459 1.33200001716614 1.14600002765656 1.04100000858307 0.975000023841858 0.919000029563904 0.896000027656555 0.856000065803528 0.821000039577484 0.781000018119812 0.755000054836273
