layers/vpdmin9.asc
NCOLS 292 
NROWS 291 
XLLCORNER -87.6458333327872 
YLLCORNER 24.4791666666667 
CELLSIZE 0.0416666666669039 
NODATA_value -3.4e+38 
[rows 184 to 206 of 291, columns 106 to 158 of 292]
-3.4e+38 -3.4e+38 -3.4e+38 -3.4e+38 -3.4e+38 -3.4e+38 -3.4e+38 -3.4e+38 -3.4e+38 -3.4e+38 -3.4e+38 -3.4e+38 -3.4e+38 1.15100002288818 1.07200002670288 0.86300003528595 0.732000052928925 0.702000021934509 0.695000052452087 0.715000033378601 0.685000061988831 0.659000039100647 0.644000053405762 0.618000030517578 0.570000052452087 0.570000052452087 0.493000030517578 0.447000026702881 0.437000006437302 0.387000024318695 0.396000027656555 0.486000031232834 0.534000039100647 0.464000016450882 0.486000031232834 0.566000044345856 0.644000053405762 0.680000007152557 0.790000021457672 0.764000058174133 0.748000025749207 0.805000066757202 0.829000055789948 0.806000053882599 0.780000030994415 0.864000022411346 0.989000022411346 1.05599999427795 0.98800003528595 1.04900002479553 1.06400001049042 0.999000072479248 0.953000068664551
-3.4e+38 -3.4e+38 -3.4e+38 -3.4e+38 -3.4e+38 -3.4e+38 -3.4e+38 -3.4e+38 -3.4e+38 -3.4e+38 -3.4e+38 -3.4e+38 1.21400010585785 1.20300006866455 0.999000072479248 0.894000053405762 0.787000060081482 0.707000017166138 0.734000027179718 0.78300005197525 0.72900003194809 0.698000013828278 0.67600005865097 0.623000025749207 0.584000051021576 0.540000021457672 0.501000046730042 0.470000028610229 0.429000020027161 0.438000023365021 0.507000029087067 0.555000007152557 0.486000031232834 0.46000000834465 0.530000030994415 0.608000040054321 0.66700005531311 0.700000047683716 0.855000019073486 0.900000035762787 0.829000055789948 0.823000013828278 0.819000065326691 0.803000032901764 0.815000057220459 0.951000034809113 1.00200009346008 1.12999999523163 1.12400007247925 1.10400009155273 1.03900003433228 1.0220000743866 1.01900005340576
-3.4e+38 -3.4e+38 -3.4e+38 -3.4e+38 -3.4e+38 -3.4e+38 -3.4e+38 -3.4e+38 -3.4e+38 -3.4e+38 -3.4e+38 -3.4e+38 1.30000007152557 1.27500009536743 0.962000072002411 0.928000032901764 0.834000051021576 0.732000052928925 0.730000019073486 0.797000050544739 0.797000050544739 0.759000062942505 0.688000023365021 0.620000004768372 0.571000039577484 0.553000032901764 0.496000021696091 0.432000011205673 0.443000018596649 0.435000032186508 0.459000021219254 0.51800000667572 0.47800001502037 0.475000023841858 0.539000034332275 0.623000025749207 0.690000057220459 0.779000043869019 0.965000033378601 0.838000059127808 0.824000060558319 0.772000014781952 0.789000034332275 0.848000049591064 0.891000032424927 0.961000025272369 1.00499999523163 1.07300007343292 1.13200008869171 1.17599999904633 1.11700010299683 1.06800007820129 1.09500002861023
-3.4e+38 -3.4e+38 -3.4e+38 -3.4e+38 -3.4e+38 -3.4e+38 -3.4e+38 -3.4e+38 -3.4e+38 -3.4e+38 -3.4e+38 -3.4e+38 1.27800011634827 1.24500000476837 0.978000044822693 0.949000060558319 0.898000061511993 0.750000059604645 0.735000014305115 0.785000026226044 0.77400004863739 0.742000043392181 0.685000061988831 0.625 0.582000017166138 0.547000050544739 0.527999997138977 0.472000032663345 0.459000021219254 0.465000033378601 0.457000017166138 0.494000017642975 0.504000008106232 0.535000026226044 0.564999997615814 0.64300000667572 0.697000026702881 0.719000041484833 0.833000063896179 0.889000058174133 0.874000012874603 0.806000053882599 0.840000033378601 0.915000021457672 1.03600001335144 1.09300005435944 1.11100006103516 1.19700002670288 1.19000005722046 1.19000005722046 1.17200005054474 1.13500010967255 1.13900005817413
-3.4e+38 -3.4e+38 -3.4e+38 -3.4e+38 -3.4e+38 -3.4e+38 -3.4e+38 -3.4e+38 -3.4e+38 -3.4e+38 -3.4e+38 -3.4e+38 1.29800009727478 1.23500001430511 1.03400003910065 0.998000025749207 0.984000027179718 0.836000025272369 0.749000012874603 0.790000021457672 0.794000029563904 0.719000041484833 0.657000005245209 0.606000006198883 0.585000038146973 0.543000042438507 0.539000034332275 0.493000030517578 0.502000033855438 0.502000033855438 0.50900000333786 0.520000040531158 0.561000049114227 0.597000002861023 0.601000010967255 0.684000015258789 0.700000047683716 0.727000057697296 0.830000042915344 0.885000050067902 0.932000041007996 0.876000046730042 0.848000049591064 0.889000058174133 1.04300010204315 1.10400009155273 1.16200006008148 1.16400003433228 1.15500009059906 1.17599999904633 1.24100005626678 1.15400004386902 1.15299999713898
-3.4e+38 -3.4e+38 -3.4e+38 -3.4e+38 -3.4e+38 -3.4e+38 -3.4e+38 -3.4e+38 -3.4e+38 -3.4e+38 -3.4e+38 -3.4e+38 -3.4e+38 1.21700000762939 1.06100010871887 0.959000051021576 1.01800000667572 0.920000016689301 0.824000060558319 0.813000023365021 0.832000017166138 0.770000040531158 0.675000011920929 0.616000056266785 0.60400003194809 0.585000038146973 0.540000021457672 0.519000053405762 0.527999997138977 0.532000005245209 0.567000031471252 0.541000008583069 0.612000048160553 0.65200001001358 0.65800005197525 0.648000001907349 0.709000051021576 0.708000004291534 0.779000043869019 0.916000068187714 0.962000072002411 1.00200009346008 0.977000057697296 0.951000034809113 1.11800003051758 1.125 1.0900000333786 1.1010000705719 1.12400007247925 1.14400005340576 1.16400003433228 1.12800002098083 1.10900008678436
-3.4e+38 -3.4e+38 -3.4e+38 -3.4e+38 -3.4e+38 -3.4e+38 -3.4e+38 -3.4e+38 -3.4e+38 -3.4e+38 -3.4e+38 -3.4e+38 -3.4e+38 1.18400001525879 1.08400011062622 0.959000051021576 1.04000008106232 0.942000031471252 0.953000068664551 0.92600005865097 0.919000029563904 0.86300003528595 0.775000035762787 0.683000028133392 0.614000022411346 0.580000042915344 0.548000037670135 0.52400004863739 0.520000040531158 0.53300005197525 0.557000041007996 0.554000020027161 0.609000027179718 0.64900004863739 0.681000053882599 0.840000033378601 0.784000039100647 0.764000058174133 0.821000039577484 0.850000023841858 0.963000059127808 1.06000006198883 1.14000010490417 1.10300004482269 1.11900007724762 1.17000007629395 1.16200006008148 1.13900005817413 1.16800010204315 1.12000000476837 1.10699999332428 1.08300006389618 1.05900001525879
-3.4e+38 -3.4e+38 -3.4e+38 -3.4e+38 -3.4e+38 -3.4e+38 -3.4e+38 -3.4e+38 -3.4e+38 -3.4e+38 -3.4e+38 -3.4e+38 -3.4e+38 1.12600004673004 1.03200006484985 0.961000025272369 1.03400003910065 0.996000051498413 0.994000017642975 1.02600002288818 0.994000017642975 0.982000052928925 0.836000025272369 0.733000040054321 0.644000053405762 0.571000039577484 0.549000024795532 0.544000029563904 0.516000032424927 0.502000033855438 0.539000034332275 0.586000025272369 0.66700005531311 0.72900003194809 0.799000024795532 0.91700005531311 0.878000020980835 0.804000020027161 0.878000020980835 0.874000012874603 1.03000009059906 1.09100008010864 1.17500007152557 1.18500006198883 1.21000003814697 1.20500004291534 1.20800006389618 1.14000010490417 1.11800003051758 1.07500004768372 1.11500000953674 1.10199999809265 1.09800004959106
-3.4e+38 -3.4e+38 -3.4e+38 -3.4e+38 -3.4e+38 -3.4e+38 -3.4e+38 -3.4e+38 -3.4e+38 -3.4e+38 -3.4e+38 -3.4e+38 -3.4e+38 -3.4e+38 0.900000035762787 0.901000022888184 1.02600002288818 0.973000049591064 0.989000022411346 1.11100006103516 1.07500004768372 0.977000057697296 0.89000004529953 0.766000032424927 0.63100004196167 0.550000011920929 0.54200005531311 0.51800000667572 0.52400004863739 0.537000000476837 0.545000016689301 0.642000019550323 0.703000009059906 0.752000033855438 0.826000034809113 0.914000034332275 0.996000051498413 0.907000064849854 0.916000068187714 0.957000017166138 1.13700008392334 1.14200007915497 1.18500006198883 1.21900010108948 1.25500011444092 1.27500009536743 1.25500011444092 1.1800000667572 1.12700009346008 1.07500004768372 1.12600004673004 1.15400004386902 1.16100001335144
-3.4e+38 -3.4e+38 -3.4e+38 -3.4e+38 -3.4e+38 -3.4e+38 -3.4e+38 -3.4e+38 -3.4e+38 -3.4e+38 -3.4e+38 -3.4e+38 -3.4e+38 -3.4e+38 0.804000020027161 0.930000066757202 1.02100002765656 0.947000026702881 0.961000025272369 0.986000061035156 1.07700002193451 0.956000030040741 0.880000054836273 0.760000050067902 0.602000057697296 0.557000041007996 0.540000021457672 0.53300005197525 0.537000000476837 0.558000028133392 0.587000012397766 0.62200003862381 0.694000005722046 0.745000064373016 0.810000061988831 0.90800005197525 1.03200006484985 0.991000056266785 1.01400005817413 1.09600007534027 1.1580001115799 1.1690000295639 1.20800006389618 1.23200011253357 1.24500000476837 1.37900006771088 1.35200011730194 1.25500011444092 1.19700002670288 1.11900007724762 1.08500003814697 1.1450001001358 1.16800010204315
-3.4e+38 -3.4e+38 -3.4e+38 -3.4e+38 -3.4e+38 -3.4e+38 -3.4e+38 -3.4e+38 -3.4e+38 -3.4e+38 -3.4e+38 -3.4e+38 -3.4e+38 -3.4e+38 0.689000010490417 0.906000018119812 0.975000023841858 0.878000020980835 0.841000020503998 0.891000032424927 1.04100000858307 1.05900001525879 0.916000068187714 0.745000064373016 0.611000001430511 0.568000018596649 0.549000024795532 0.564000010490417 0.552000045776367 0.567000031471252 0.624000012874603 0.67600005865097 0.724000036716461 0.757000029087067 0.817000031471252 0.911000072956085 1.01600003242493 1.07000005245209 1.1010000705719 1.08300006389618 1.10300004482269 1.25800001621246 1.21300005912781 1.22700011730194 1.27900004386902 1.32500004768372 1.32100009918213 1.24900007247925 1.21000003814697 1.12400007247925 1.10199999809265 1.16100001335144 1.16000008583069
-3.4e+38 -3.4e+38 -3.4e+38 -3.4e+38 -3.4e+38 -3.4e+38 -3.4e+38 -3.4e+38 -3.4e+38 -3.4e+38 -3.4e+38 -3.4e+38 -3.4e+38 0.912000060081482 0.638000011444092 0.911000072956085 0.894000053405762 0.800000011920929 0.739000022411346 0.751000046730042 0.877000033855438 0.957000017166138 0.88100004196167 0.72900003194809 0.635000050067902 0.566000044345856 0.541000008583069 0.566000044345856 0.62200003862381 0.655000030994415 0.663000047206879 0.721000015735626 0.722000062465668 0.758000016212463 0.821000039577484 0.893000066280365 0.970000028610229 1.00800001621246 1.08300006389618 1.07100009918213 1.08000004291534 1.20300006866455 1.19000005722046 1.20600008964539 1.21900010108948 1.23300004005432 1.27800011634827 1.24000000953674 1.21000003814697 1.17599999904633 1.15500009059906 1.17500007152557 1.17500007152557
-3.4e+38 -3.4e+38 -3.4e+38 -3.4e+38 -3.4e+38 -3.4e+38 -3.4e+38 -3.4e+38 -3.4e+38 -3.4e+38 -3.4e+38 -3.4e+38 -3.4e+38 0.817000031471252 0.720000028610229 0.928000032901764 0.850000023841858 0.77400004863739 0.687000036239624 0.679000020027161 0.773000061511993 0.762000024318695 0.816000044345856 0.744000017642975 0.614000022411346 0.513000011444092 0.52700001001358 0.559000015258789 0.645000040531158 0.704000055789948 0.734000027179718 0.76800000667572 0.767000019550323 0.785000026226044 0.842000067234039 0.904000043869019 0.972000062465668 0.955000042915344 1.0110000371933 1.07700002193451 1.12200009822845 1.18400001525879 1.16000008583069 1.18800008296967 1.21400010585785 1.22500002384186 1.23000001907349 1.23500001430511 1.24000000953674 1.20600008964539 1.1800000667572 1.20100009441376 1.20200002193451
-3.4e+38 -3.4e+38 -3.4e+38 -3.4e+38 -3.4e+38 -3.4e+38 -3.4e+38 -3.4e+38 -3.4e+38 -3.4e+38 -3.4e+38 -3.4e+38 0.980000019073486 0.697000026702881 0.828000068664551 0.919000029563904 0.824000060558319 0.733000040054321 0.669000029563904 0.642000019550323 0.683000028133392 0.66700005531311 0.730000019073486 0.635000050067902 0.564000010490417 0.5 0.520000040531158 0.595000028610229 0.623000025749207 0.682000041007996 0.716000020503998 0.809000015258789 0.770000040531158 0.785000026226044 0.803000032901764 0.875000059604645 0.927000045776367 0.971000075340271 1.02600002288818 1.07800006866455 1.12100005149841 1.12999999523163 1.12400007247925 1.15900003910065 1.18600010871887 1.22100007534027 1.24500000476837 1.27500009536743 1.25500011444092 1.24600005149841 1.22000002861023 1.21900010108948 1.20700001716614
-3.4e+38 -3.4e+38 -3.4e+38 -3.4e+38 -3.4e+38 -3.4e+38 -3.4e+38 -3.4e+38 -3.4e+38 -3.4e+38 -3.4e+38 -3.4e+38 0.897000014781952 0.695000052452087 0.886000037193298 0.90800005197525 0.816000044345856 0.761000037193298 0.708000004291534 0.665000021457672 0.653000056743622 0.609000027179718 0.593000054359436 0.612000048160553 0.513000011444092 0.510000050067902 0.545000016689301 0.564000010490417 0.611000001430511 0.645000040531158 0.732000052928925 0.766000032424927 0.780000030994415 0.794000029563904 0.849000036716461 0.904000043869019 0.955000042915344 0.990000069141388 1.06400001049042 1.09700000286102 1.11000001430511 1.11000001430511 1.10900008678436 1.13300001621246 1.15400004386902 1.21000003814697 1.30000007152557 1.31500005722046 1.31300008296967 1.2940000295639 1.25100004673004 1.23600006103516 1.19800007343292
-3.4e+38 -3.4e+38 -3.4e+38 -3.4e+38 -3.4e+38 -3.4e+38 -3.4e+38 -3.4e+38 -3.4e+38 -3.4e+38 -3.4e+38 -3.4e+38 0.794000029563904 0.812000036239624 0.928000032901764 0.905000030994415 0.825000047683716 0.77400004863739 0.748000025749207 0.713000059127808 0.688000023365021 0.633000016212463 0.627000033855438 0.686000049114227 0.60400003194809 0.594000041484833 0.543000042438507 0.558000028133392 0.606000006198883 0.666000008583069 0.743000030517578 0.790000021457672 0.784000039100647 0.826000034809113 0.889000058174133 0.942000031471252 0.92600005865097 0.97900003194809 1.11500000953674 1.14400005340576 1.15900003910065 1.14100003242493 1.16000008583069 1.17000007629395 1.20900011062622 1.26700007915497 1.32600009441376 1.37000012397766 1.32100009918213 1.25600004196167 1.22700011730194 1.22400009632111 1.17900002002716
-3.4e+38 -3.4e+38 -3.4e+38 -3.4e+38 -3.4e+38 -3.4e+38 -3.4e+38 -3.4e+38 -3.4e+38 -3.4e+38 -3.4e+38 0.958000063896179 0.780000030994415 0.909000039100647 0.931000053882599 0.910000026226044 0.834000051021576 0.779000043869019 0.776000022888184 0.762000024318695 0.739000022411346 0.682000041007996 0.663000047206879 0.656000018119812 0.605000019073486 0.576000034809113 0.564999997615814 0.601000010967255 0.642000019550323 0.684000015258789 0.758000016212463 0.807000041007996 0.832000017166138 0.856000065803528 0.887000024318695 0.982000052928925 0.980000019073486 0.980000019073486 1.08100008964539 1.14100003242493 1.16500008106232 1.16700005531311 1.18400001525879 1.21400010585785 1.22900009155273 1.30300009250641 1.36700010299683 1.37000012397766 1.26700007915497 1.21400010585785 1.15700006484985 1.12999999523163 1.11800003051758
-3.4e+38 -3.4e+38 -3.4e+38 -3.4e+38 -3.4e+38 -3.4e+38 -3.4e+38 -3.4e+38 -3.4e+38 -3.4e+38 1.02500009536743 0.936000049114227 0.871000051498413 0.934000015258789 0.929000020027161 0.911000072956085 0.861000061035156 0.795000016689301 0.779000043869019 0.802000045776367 0.769000053405762 0.684000015258789 0.672000050544739 0.659000039100647 0.619000017642975 0.599000036716461 0.569000005722046 0.601000010967255 0.639000058174133 0.685000061988831 0.780000030994415 0.856000065803528 0.878000020980835 0.89000004529953 0.932000041007996 1.0220000743866 1.01200008392334 0.99700003862381 1.03900003433228 1.09600007534027 1.15700006484985 1.19200003147125 1.1800000667572 1.20500004291534 1.2260000705719 1.25500011444092 1.30200004577637 1.30200004577637 1.19900000095367 1.14200007915497 1.10900008678436 1.05300009250641 1.03900003433228
-3.4e+38 -3.4e+38 -3.4e+38 -3.4e+38 -3.4e+38 -3.4e+38 -3.4e+38 -3.4e+38 -3.4e+38 1.15600001811981 1.04000008106232 0.967000067234039 0.921000063419342 0.92600005865097 0.944000065326691 0.937000036239624 0.914000034332275 0.858000040054321 0.827000021934509 0.839000046253204 0.754000008106232 0.709000051021576 0.666000008583069 0.645000040531158 0.595000028610229 0.606000006198883 0.582000017166138 0.573000013828278 0.629000008106232 0.705000042915344 0.761000037193298 0.859000027179718 0.902000069618225 0.971000075340271 0.983000040054321 1.02799999713898 1.03500008583069 1.02400004863739 1.06700003147125 1.07500004768372 1.10900008678436 1.16400003433228 1.16200006008148 1.14100003242493 1.182000041008 1.14100003242493 1.16600000858307 1.16500008106232 1.10800004005432 1.0660001039505 1.01200008392334 0.987000048160553 0.944000065326691
-3.4e+38 -3.4e+38 -3.4e+38 -3.4e+38 -3.4e+38 -3.4e+38 -3.4e+38 -3.4e+38 -3.4e+38 1.17300009727478 1.09900009632111 1.07100009918213 0.965000033378601 0.950000047683716 0.990000069141388 1.04900002479553 1.02799999713898 0.98800003528595 0.937000036239624 0.888000071048737 0.782000064849854 0.713000059127808 0.621000051498413 0.559000015258789 0.512000024318695 0.526000022888184 0.513000011444092 0.51500004529953 0.579000055789948 0.709000051021576 0.789000034332275 0.860000014305115 0.941000044345856 0.994000017642975 1.01300001144409 1.05300009250641 1.03500008583069 1.03299999237061 1.08600008487701 1.08900010585785 1.08500003814697 1.08200001716614 1.07400000095367 1.08400011062622 1.02100002765656 1.01800000667572 1.03600001335144 1.03800010681152 1.0090000629425 0.978000044822693 0.963000059127808 0.907000064849854 0.835000038146973
-3.4e+38 -3.4e+38 -3.4e+38 -3.4e+38 -3.4e+38 -3.4e+38 -3.4e+38 -3.4e+38 -3.4e+38 1.21600008010864 1.15000009536743 1.10000002384186 0.955000042915344 0.991000056266785 1.04800009727478 1.08900010585785 1.19900000095367 1.17700004577637 1.08000004291534 0.980000019073486 0.818000018596649 0.719000041484833 0.579000055789948 0.46000000834465 0.41100001335144 0.398000031709671 0.376000016927719 0.404000014066696 0.459000021219254 0.64900004863739 0.785000026226044 0.864000022411346 0.913000047206879 0.998000025749207 1.08500003814697 1.07400000095367 1.0550000667572 1.08000004291534 1.11000001430511 1.12200009822845 1.12100005149841 1.05300009250641 1.00400006771088 1.01400005817413 0.904000043869019 0.90800005197525 0.936000049114227 0.914000034332275 0.928000032901764 0.897000014781952 0.887000024318695 0.85400003194809 0.785000026226044
-3.4e+38 -3.4e+38 -3.4e+38 -3.4e+38 -3.4e+38 -3.4e+38 -3.4e+38 -3.4e+38 -3.4e+38 1.27700006961823 1.18700003623962 0.97900003194809 0.841000020503998 0.849000036716461 1.00999999046326 1.20100009441376 1.38800001144409 1.40300011634827 1.31100010871887 1.14300000667572 0.935000061988831 0.775000035762787 0.620000004768372 0.434000015258789 0.314000010490417 0.253000020980835 0.224000006914139 0.288000017404556 0.400000005960464 0.552000045776367 0.784000039100647 0.889000058174133 0.906000018119812 0.998000025749207 1.10500001907349 1.10400009155273 1.08600008487701 1.04800009727478 1.09300005435944 1.16100001335144 1.11100006103516 1.10500001907349 1.02900004386902 0.950000047683716 0.880000054836273 0.831000030040741 0.849000036716461 0.864000022411346 0.856000065803528 0.867000043392181 0.839000046253204 0.805000066757202 0.746000051498413
-3.4e+38 -3.4e+38 -3.4e+38 -3.4e+38 -3.4e+38 -3.4e+38 -3.4e+38 -3.4e+38 -3.4e+38 -3.4e+38 1.182000041008 0.875000059604645 0.77700001001358 0.834000051021576 1.00300002098083 1.2590000629425 1.51800012588501 1.70000004768372 1.65100002288818 1.4190000295639 1.12000000476837 0.877000033855438 0.653000056743622 0.405000030994415 0.26800000667572 0.168000012636185 0.14300000667572 0.239000007510185 0.38400000333786 0.544000029563904 0.762000024318695 0.811000049114227 0.877000033855438 0.976000070571899 1.11300003528595 1.15500009059906 1.14300000667572 1.1450001001358 1.14200007915497 1.25500011444092 1.11100006103516 1.12900006771088 1.08100008964539 1.01300001144409 0.886000037193298 0.811000049114227 0.789000034332275 0.804000020027161 0.793000042438507 0.773000061511993 0.779000043869019 0.737000048160553 0.741000056266785
