layers/vpdmax11.asc
NCOLS 292 
NROWS 291 
XLLCORNER -87.6458333327872 
YLLCORNER 24.4791666666667 
CELLSIZE 0.0416666666669039 
NODATA_value -3.4e+38 
[rows 144 to 167 of 291, columns 106 to 158 of 292]
22.6620006561279 22.439001083374 22.2970008850098 22.2070007324219 22.076000213623 21.9000015258789 21.7750015258789 21.6860008239746 21.7450008392334 21.8280010223389 21.9870014190674 22.113000869751 22.2520008087158 22.2320003509521 22.3290004730225 22.443000793457 22.5140018463135 22.4750003814697 22.3860015869141 22.2820014953613 22.2720012664795 22.234001159668 22.1340007781982 22.1360015869141 22.189001083374 22.2400016784668 22.234001159668 22.0450019836426 21.8350009918213 21.5940017700195 21.4130001068115 21.2620010375977 21.0220012664795 20.7200012207031 20.4900016784668 20.2690010070801 20.1340007781982 19.9640007019043 19.6440010070801 19.2120018005371 18.2870006561279 17.0050010681152 16.4230003356934 -3.4e+38 -3.4e+38 -3.4e+38 -3.4e+38 -3.4e+38 -3.4e+38 -3.4e+38 -3.4e+38 -3.4e+38 -3.4e+38
22.2940006256104 22.1600017547607 22.0540008544922 21.9420013427734 21.8080005645752 21.6490001678467 21.4330005645752 21.3810005187988 21.5020008087158 21.6840019226074 21.8450012207031 22.0080013275146 22.121000289917 22.1620006561279 22.230001449585 22.2140007019043 22.2080001831055 22.1140003204346 22.076000213623 22.0420017242432 22.0100002288818 22.0580005645752 22.0320014953613 21.9360008239746 21.9020004272461 21.8570003509521 21.8740005493164 21.7400016784668 21.564001083374 21.3870010375977 21.2390003204346 21.1190013885498 20.9640007019043 20.6730003356934 20.4750003814697 20.2900009155273 20.1460018157959 19.9830017089844 19.7150001525879 19.0180015563965 18.1340007781982 17.181001663208 16.6900005340576 -3.4e+38 -3.4e+38 -3.4e+38 -3.4e+38 -3.4e+38 -3.4e+38 -3.4e+38 -3.4e+38 -3.4e+38 -3.4e+38
22.0450019836426 22.0350017547607 21.9330005645752 21.8290004730225 21.6780014038086 21.4340019226074 21.2870006561279 21.2500019073486 21.3650016784668 21.5790004730225 21.7560005187988 21.8960018157959 22.0960006713867 22.0840015411377 22.0960006713867 22.0800018310547 21.976001739502 21.9450016021729 21.814001083374 21.8350009918213 21.8640003204346 21.8770008087158 21.7850017547607 21.742000579834 21.6060009002686 21.5350017547607 21.4990005493164 21.4300003051758 21.2990016937256 21.2100009918213 21.1360015869141 21.0330009460449 20.9450016021729 20.6190013885498 20.4090003967285 20.2810001373291 20.2350006103516 20.0360012054443 19.8850002288818 19.5 18.6740016937256 17.6800003051758 17.0799999237061 -3.4e+38 -3.4e+38 -3.4e+38 -3.4e+38 -3.4e+38 -3.4e+38 -3.4e+38 -3.4e+38 -3.4e+38 -3.4e+38
21.9180011749268 21.8720016479492 21.8420009613037 21.7180004119873 21.4730014801025 21.1490001678467 21.0380001068115 21.0610008239746 21.2170009613037 21.4550018310547 21.6470012664795 21.8050003051758 21.8090019226074 22.0150012969971 22.0140018463135 21.9500007629395 21.8230018615723 21.7280006408691 21.6670017242432 21.6340007781982 21.6330013275146 21.6030006408691 21.5000019073486 21.4190006256104 21.3110008239746 21.2780017852783 21.1990013122559 21.1950016021729 21.1120014190674 21.1140003204346 21.0400009155273 20.9460010528564 20.7870006561279 20.5650005340576 20.4360008239746 20.371000289917 20.1600017547607 19.992000579834 19.875 19.5780010223389 19.0410003662109 18.2190017700195 17.4930000305176 17.2110004425049 -3.4e+38 -3.4e+38 -3.4e+38 -3.4e+38 -3.4e+38 -3.4e+38 -3.4e+38 -3.4e+38 -3.4e+38
21.7860012054443 21.746000289917 21.6580009460449 21.4330005645752 21.326000213623 21.242000579834 21.0300006866455 20.9850006103516 21.064001083374 21.2090015411377 21.439001083374 21.5510005950928 21.6080017089844 21.6640014648438 21.8390007019043 21.681001663208 21.57200050354 21.4860019683838 21.5290012359619 21.4940013885498 21.4190006256104 21.2780017852783 21.1780014038086 21.1340007781982 21.0440006256104 20.9980010986328 20.9580001831055 20.9730014801025 20.8950004577637 21.0100002288818 20.9900016784668 20.94700050354 20.863000869751 20.6740016937256 20.44700050354 20.3050003051758 20.0440006256104 19.8800010681152 19.7200012207031 19.234001159668 18.9330005645752 18.2950000762939 17.7780017852783 17.4380016326904 -3.4e+38 -3.4e+38 -3.4e+38 -3.4e+38 -3.4e+38 -3.4e+38 -3.4e+38 -3.4e+38 -3.4e+38
21.6510009765625 21.6150016784668 21.5270004272461 21.4240016937256 21.306001663208 21.1520004272461 21.0780010223389 21.0010013580322 21.0020008087158 21.0190010070801 21.1730003356934 21.2810001373291 21.3680019378662 21.5930004119873 21.5950012207031 21.4160003662109 21.3640003204346 21.4020004272461 21.3320007324219 21.230001449585 21.238000869751 21.0740013122559 20.8940010070801 20.7840003967285 20.7290000915527 20.6990013122559 20.6560001373291 20.6540012359619 20.6990013122559 20.7740001678467 20.8210010528564 20.9780006408691 21.0510005950928 20.7450008392334 20.4380016326904 20.2560005187988 20.0620002746582 19.9690017700195 19.6000003814697 19.4020004272461 18.9000015258789 18.7710018157959 17.7960014343262 17.5010013580322 -3.4e+38 -3.4e+38 -3.4e+38 -3.4e+38 -3.4e+38 -3.4e+38 -3.4e+38 -3.4e+38 -3.4e+38
21.5530014038086 21.476001739502 21.4240016937256 21.3820018768311 21.3750019073486 21.3450012207031 21.1110000610352 20.8030014038086 20.730001449585 20.935001373291 21.0850009918213 21.1640014648438 21.3030014038086 21.3700008392334 21.3300018310547 21.2630004882812 21.2850017547607 21.2730007171631 21.105001449585 21.1140003204346 21.0390014648438 20.8500003814697 20.5950012207031 20.4630012512207 20.3920001983643 20.3160018920898 20.3150005340576 20.3790016174316 20.5430011749268 20.6500015258789 20.6770000457764 20.7480010986328 20.7650012969971 20.6180000305176 20.3770008087158 20.189001083374 20.2630004882812 20.1110000610352 19.6920013427734 19.5990009307861 19.3840007781982 18.9680004119873 17.8470001220703 17.0690002441406 -3.4e+38 -3.4e+38 -3.4e+38 -3.4e+38 -3.4e+38 -3.4e+38 -3.4e+38 -3.4e+38 -3.4e+38
21.4320011138916 21.3850002288818 21.3390007019043 21.3420009613037 21.4130001068115 21.4770011901855 21.2690010070801 20.8680019378662 20.7990016937256 20.8150005340576 20.9250011444092 21.0610008239746 21.0870018005371 21.1250019073486 21.1300010681152 21.0580005645752 21.0450000762939 21.0780010223389 21.0470008850098 21.0500011444092 20.9570007324219 20.7610015869141 20.5480003356934 20.3940010070801 20.2450008392334 20.1550006866455 20.1300010681152 20.189001083374 20.3870010375977 20.4500007629395 20.355001449585 20.2140007019043 20.105001449585 20.1120014190674 20.230001449585 20.2900009155273 20.4590015411377 20.3320007324219 20.1610012054443 19.7920017242432 19.6140003204346 19.1260013580322 18.0190010070801 16.6840000152588 -3.4e+38 -3.4e+38 -3.4e+38 -3.4e+38 -3.4e+38 -3.4e+38 -3.4e+38 -3.4e+38 -3.4e+38
21.3350009918213 21.32200050354 21.2690010070801 21.2550010681152 21.2970008850098 21.3560009002686 21.3640003204346 21.1060009002686 20.8830013275146 20.7790012359619 20.7370014190674 20.9200000762939 20.9100017547607 20.8490009307861 20.8440017700195 20.7570018768311 20.7700004577637 20.7760009765625 20.7800006866455 20.8250007629395 20.8300018310547 20.7020015716553 20.4330005645752 20.3740005493164 20.2820014953613 20.2110004425049 20.1040000915527 20.105001449585 20.2180004119873 20.2490005493164 20.0510005950928 19.5830001831055 19.2200012207031 19.5590000152588 20.0840015411377 20.492000579834 20.8650016784668 20.82200050354 20.484001159668 20.0900001525879 19.7860012054443 19.2470016479492 18.2130012512207 16.8210010528564 16.1960010528564 -3.4e+38 -3.4e+38 -3.4e+38 -3.4e+38 -3.4e+38 -3.4e+38 -3.4e+38 -3.4e+38
21.2750015258789 21.2620010375977 21.2480010986328 21.2350006103516 21.2140007019043 21.2760009765625 21.3000011444092 21.1590003967285 20.9640007019043 20.8040008544922 20.7450008392334 20.9150009155273 20.7440013885498 20.5190010070801 20.4750003814697 20.4850006103516 20.5890007019043 20.5550003051758 20.6960010528564 20.7590007781982 20.7350006103516 20.7190017700195 20.5790004730225 20.5200004577637 20.3650016784668 20.2210006713867 20.1280002593994 20.0650005340576 20.0280017852783 20.0260009765625 19.875 19.3920001983643 19.1720008850098 19.5090007781982 19.9890003204346 20.4330005645752 20.8920001983643 20.8150005340576 20.5400009155273 20.2200012207031 19.8800010681152 19.4420013427734 18.3360004425049 16.8780002593994 16.2530002593994 -3.4e+38 -3.4e+38 -3.4e+38 -3.4e+38 -3.4e+38 -3.4e+38 -3.4e+38 -3.4e+38
21.2220001220703 21.2400016784668 21.2330017089844 21.2360000610352 21.2070007324219 21.1920013427734 21.1530017852783 21.0240001678467 21.0090007781982 20.871000289917 20.814001083374 20.8660011291504 20.7530002593994 20.488000869751 20.6480007171631 20.3390007019043 20.3520011901855 20.5670013427734 20.7270011901855 20.7290000915527 20.7850017547607 20.8610000610352 20.818000793457 20.6680011749268 20.5190010070801 20.3150005340576 20.1720008850098 20.0840015411377 20.0510005950928 20.0270004272461 19.9320011138916 19.7440013885498 19.730001449585 19.7450008392334 19.8960018157959 20.2800006866455 20.4360008239746 20.2960014343262 20.3150005340576 20.0240001678467 19.6800003051758 19.3150005340576 18.4860000610352 17.1870002746582 16.3299999237061 -3.4e+38 -3.4e+38 -3.4e+38 -3.4e+38 -3.4e+38 -3.4e+38 -3.4e+38 -3.4e+38
21.1510009765625 21.1440010070801 21.1520004272461 21.1400012969971 21.1200008392334 21.1160011291504 21.1180019378662 21.0900001525879 20.9970016479492 20.9820003509521 20.9480018615723 20.8840007781982 20.8390007019043 20.7640018463135 20.7310009002686 20.5300006866455 20.5670013427734 20.6600017547607 20.7290000915527 20.7790012359619 20.7800006866455 20.8000011444092 20.8360004425049 20.8200016021729 20.5890007019043 20.4620018005371 20.3120002746582 20.1640014648438 20.0650005340576 20.0230007171631 20.0700016021729 19.9170017242432 20.0050010681152 19.8860015869141 19.9440002441406 19.8740005493164 19.9160003662109 19.6790008544922 19.7120018005371 19.6440010070801 19.4490013122559 19.1410007476807 18.4890003204346 17.371000289917 16.2750015258789 -3.4e+38 -3.4e+38 -3.4e+38 -3.4e+38 -3.4e+38 -3.4e+38 -3.4e+38 -3.4e+38
21.113000869751 21.0670013427734 21.1030006408691 21.1040000915527 21.105001449585 21.0480003356934 21.0450000762939 21.0840015411377 21.0030002593994 21.0220012664795 20.9570007324219 20.9070014953613 20.951000213623 20.859001159668 20.7440013885498 20.7370014190674 20.6460018157959 20.7370014190674 20.7660007476807 20.814001083374 20.9490013122559 20.8960018157959 20.8110008239746 20.7400016784668 20.7100009918213 20.5980014801025 20.4580001831055 20.2840003967285 20.1420001983643 20.1440010070801 20.0700016021729 19.9020004272461 19.8290004730225 19.8110008239746 19.7600002288818 19.6700000762939 19.5960006713867 19.2230014801025 19.4700012207031 19.4050006866455 19.2180004119873 18.9680004119873 18.6280002593994 17.4280014038086 16.0810012817383 15.5580005645752 -3.4e+38 -3.4e+38 -3.4e+38 -3.4e+38 -3.4e+38 -3.4e+38 -3.4e+38
21.0150012969971 21.0190010070801 21.0730018615723 21.0510005950928 21.0120010375977 20.9900016784668 21.0050010681152 21.0380001068115 21.0290012359619 21.0100002288818 21.0280017852783 21.0750007629395 21.0890007019043 21.0280017852783 20.7870006561279 20.8150005340576 20.9970016479492 20.9950008392334 20.9610004425049 20.8570003509521 20.9270000457764 20.9780006408691 20.8860015869141 20.8080005645752 20.7510013580322 20.5840015411377 20.4770011901855 20.3370018005371 20.07200050354 20.1710014343262 20.0990009307861 20.0900001525879 19.9950008392334 20.060001373291 19.9830017089844 19.806001663208 19.3700008392334 19.1290016174316 19.3150005340576 19.242000579834 19.0920009613037 18.8860015869141 18.4290008544922 17.3740005493164 15.9370012283325 15.4650011062622 -3.4e+38 -3.4e+38 -3.4e+38 -3.4e+38 -3.4e+38 -3.4e+38 -3.4e+38
21.07200050354 21.113000869751 21.0510005950928 20.9750003814697 20.9270000457764 20.9200000762939 20.8990001678467 20.9240016937256 21.0190010070801 20.976001739502 21.0240001678467 21.1390018463135 21.1160011291504 21.0910015106201 21.0480003356934 21.1530017852783 20.9170017242432 20.8320007324219 20.8810005187988 20.9370002746582 21.0230007171631 21.0650005340576 20.9100017547607 20.7190017700195 20.5140018463135 20.484001159668 20.3960018157959 20.3200016021729 20.1380004882812 20.1860008239746 20.1750011444092 20.1510009765625 20.105001449585 20.0360012054443 20.0800018310547 19.8410015106201 19.5659999847412 18.7820014953613 18.4020004272461 18.7760009765625 18.8190002441406 18.6260013580322 18.1600017547607 17.3210010528564 16.0419998168945 15.2750005722046 -3.4e+38 -3.4e+38 -3.4e+38 -3.4e+38 -3.4e+38 -3.4e+38 -3.4e+38
21.0400009155273 21.0150012969971 20.935001373291 20.8650016784668 20.8250007629395 20.7890014648438 20.7890014648438 20.8450012207031 20.8900012969971 20.8680019378662 20.9900016784668 21.1290016174316 21.1660003662109 21.1750011444092 21.0110015869141 21.0940017700195 21.2350006103516 21.1450004577637 20.9500007629395 20.8600006103516 21.0860004425049 21.1020011901855 20.7920017242432 20.6390018463135 20.5490016937256 20.4790000915527 20.4320011138916 20.3990001678467 20.2090015411377 20.2050018310547 20.2210006713867 20.2310009002686 20.1660003662109 20.0790004730225 20.0430011749268 19.9830017089844 19.701000213623 19.1490001678467 18.5770015716553 18.0690002441406 18.3950004577637 18.3130016326904 17.9540004730225 17.2310009002686 16.2400016784668 15.274001121521 -3.4e+38 -3.4e+38 -3.4e+38 -3.4e+38 -3.4e+38 -3.4e+38 -3.4e+38
20.8780002593994 20.8390007019043 20.7650012969971 20.693000793457 20.6460018157959 20.613000869751 20.5920009613037 20.6420001983643 20.6540012359619 20.7310009002686 20.8500003814697 21.1300010681152 21.2600002288818 21.2660007476807 21.3130016326904 21.6730003356934 21.3800010681152 20.8740005493164 21.060001373291 21.1320018768311 20.984001159668 20.6460018157959 20.6300010681152 20.5990009307861 20.5500011444092 20.5610008239746 20.5850009918213 20.4830017089844 20.2100009918213 20.2200012207031 20.3090000152588 20.2400016784668 20.2590007781982 20.1600017547607 20.0950012207031 20.0500011444092 19.8880004882812 19.2430000305176 18.4740009307861 18.1570014953613 18.2750015258789 18.1230010986328 17.8810005187988 17.4370002746582 16.6710014343262 15.7760009765625 15.3820009231567 -3.4e+38 -3.4e+38 -3.4e+38 -3.4e+38 -3.4e+38 -3.4e+38
20.7550010681152 20.6440010070801 20.5990009307861 20.5130004882812 20.4680004119873 20.3540000915527 20.2870006561279 20.2830009460449 20.3200016021729 20.4550018310547 20.6360015869141 21.0800018310547 21.3560009002686 21.4900016784668 21.5340003967285 21.5990009307861 21.0070018768311 20.488000869751 20.2900009155273 20.5300006866455 20.8340015411377 20.8500003814697 20.6760005950928 20.5130004882812 20.5440006256104 20.5180015563965 20.5380001068115 20.5290012359619 20.3500003814697 20.2900009155273 20.3090000152588 20.3120002746582 20.310001373291 20.1730003356934 20.0950012207031 20.0750007629395 19.9620018005371 19.4450016021729 18.5170001983643 17.8640003204346 18.0910015106201 17.9560012817383 17.818000793457 17.625 17.1500015258789 16.7560005187988 16.2580013275146 -3.4e+38 -3.4e+38 -3.4e+38 -3.4e+38 -3.4e+38 -3.4e+38
20.6770000457764 20.6440010070801 20.6390018463135 20.5510005950928 20.3410015106201 20.0970001220703 19.9820003509521 19.9330005645752 20.0380001068115 20.2120018005371 20.4340019226074 20.9290008544922 21.4100017547607 21.6040000915527 21.5230007171631 21.3500003814697 21.0020008087158 20.6080017089844 20.1990013122559 20.0090007781982 20.2710018157959 20.5140018463135 20.7190017700195 20.617000579834 20.617000579834 20.6120014190674 20.617000579834 20.5990009307861 20.5240001678467 20.5150012969971 20.4410018920898 20.4650001525879 20.3900012969971 20.2360000610352 20.1040000915527 20.0260009765625 19.9000015258789 19.4950008392334 18.5880012512207 17.6900005340576 17.875 17.7700004577637 17.6990013122559 17.5840015411377 17.2870006561279 16.9220008850098 16.2280006408691 -3.4e+38 -3.4e+38 -3.4e+38 -3.4e+38 -3.4e+38 -3.4e+38
20.5870018005371 20.605001449585 20.5710010528564 20.4900016784668 20.2490005493164 19.9630012512207 19.7790012359619 19.685001373291 19.8410015106201 20.0290012359619 20.32200050354 20.7540016174316 21.1390018463135 21.3200016021729 21.3120002746582 21.1000003814697 20.9090003967285 20.7100009918213 20.2820014953613 19.7760009765625 20.0020008087158 20.2700004577637 20.4740009307861 20.5890007019043 20.6430015563965 20.689001083374 20.6550006866455 20.6840019226074 20.6400012969971 20.5530014038086 20.5770015716553 20.5140018463135 20.4000015258789 20.2220001220703 20.0940017700195 19.939001083374 19.7030010223389 19.2040004730225 18.4780006408691 17.8959999084473 17.3440017700195 17.5440006256104 17.5659999847412 17.3959999084473 17.0799999237061 16.564001083374 16.0020008087158 -3.4e+38 -3.4e+38 -3.4e+38 -3.4e+38 -3.4e+38 -3.4e+38
20.431001663208 20.4580001831055 20.4630012512207 20.4690017700195 20.3170013427734 20.0520000457764 19.9020004272461 19.8040008544922 19.8520011901855 20.0920009613037 20.3880004882812 20.6790008544922 20.9850006103516 21.0970001220703 21.1450004577637 21.0670013427734 20.9790000915527 20.5300006866455 20.2400016784668 19.9700012207031 20.0340003967285 20.4250011444092 20.8130016326904 21.0970001220703 20.9680004119873 20.935001373291 20.6750011444092 20.6400012969971 20.6240005493164 20.6630001068115 20.6630001068115 20.5940017700195 20.5170001983643 20.3200016021729 20.185001373291 20.0160007476807 19.6400012969971 19.2490005493164 18.5659999847412 17.8930015563965 17.2569999694824 17.2310009002686 17.2940006256104 17.314001083374 17.0890007019043 16.5910015106201 16.1280002593994 15.1150007247925 -3.4e+38 -3.4e+38 -3.4e+38 -3.4e+38 -3.4e+38
20.2560005187988 20.3790016174316 20.4670009613037 20.5240001678467 20.4590015411377 20.314001083374 20.2100009918213 20.0620002746582 20.0630016326904 20.2690010070801 20.4500007629395 20.6140003204346 20.7830009460449 20.9060001373291 21.0080013275146 20.9520015716553 20.8880004882812 20.7050018310547 20.3750019073486 20.3900012969971 20.4700012207031 20.9860000610352 21.8090019226074 22.0610008239746 21.7580013275146 21.2120018005371 20.8940010070801 20.7630004882812 20.7080001831055 20.7640018463135 20.8210010528564 20.7550010681152 20.6680011749268 20.4070014953613 20.4020004272461 20.1990013122559 19.8150005340576 19.185001373291 18.3050003051758 17.8420009613037 17.4940013885498 17.2320003509521 17.2049999237061 17.3010005950928 17.2520008087158 16.9270000457764 16.2610015869141 15.5360012054443 -3.4e+38 -3.4e+38 -3.4e+38 -3.4e+38 -3.4e+38
20.1220016479492 20.2970008850098 20.5890007019043 20.7050018310547 20.6510009765625 20.5360012054443 20.3410015106201 20.2760009765625 20.2790012359619 20.3470001220703 20.5180015563965 20.5590019226074 20.5970001220703 20.7110004425049 20.8940010070801 20.8870010375977 20.8600006103516 20.9190006256104 20.7850017547607 20.9790000915527 21.1690006256104 21.2900009155273 21.9680004119873 22.3240013122559 21.8540000915527 21.2790012359619 21.0880012512207 20.8330001831055 20.8250007629395 20.9090003967285 20.8030014038086 20.6950016021729 20.7690010070801 20.7170009613037 20.69700050354 20.480001449585 20.0690002441406 19.5260009765625 18.7180004119873 18.5250015258789 18.1240005493164 17.7270011901855 17.5150012969971 17.7180004119873 17.6630001068115 17.3690013885498 16.6529998779297 15.7800006866455 -3.4e+38 -3.4e+38 -3.4e+38 -3.4e+38 -3.4e+38
20.1120014190674 20.4050006866455 20.742000579834 20.8090019226074 20.6080017089844 20.4590015411377 20.4380016326904 20.3610000610352 20.3650016784668 20.4420013427734 20.5430011749268 20.576000213623 20.560001373291 20.7130012512207 20.826000213623 20.8490009307861 20.9550018310547 21.0950012207031 21.2620010375977 21.4080009460449 21.5410003662109 21.7090015411377 21.8330001831055 21.8990001678467 21.6190013885498 21.2400016784668 21.0540008544922 21.0770015716553 21.0090007781982 21.0380001068115 20.984001159668 20.9940013885498 20.9700012207031 20.9440002441406 20.9190006256104 20.7050018310547 20.3470001220703 19.9160003662109 19.2650012969971 18.980001449585 18.7810001373291 18.4500007629395 18.1640014648438 18.1470012664795 18.1490001678467 17.9250011444092 17.1590003967285 16.2580013275146 15.4090003967285 -3.4e+38 -3.4e+38 -3.4e+38 -3.4e+38
