layers/vpdmin9.asc
NCOLS 292 
NROWS 291 
XLLCORNER -87.6458333327872 
YLLCORNER 24.4791666666667 
CELLSIZE 0.0416666666669039 
NODATA_value -3.4e+38 
[rows 23 to 45 of 291, columns 53 to 105 of 292]
-3.4e+38 -3.4e+38 -3.4e+38 -3.4e+38 -3.4e+38 -3.4e+38 -3.4e+38 -3.4e+38 -3.4e+38 -3.4e+38 -3.4e+38 -3.4e+38 -3.4e+38 -3.4e+38 -3.4e+38 -3.4e+38 -3.4e+38 -3.4e+38 -3.4e+38 -3.4e+38 -3.4e+38 -3.4e+38 -3.4e+38 -3.4e+38 -3.4e+38 -3.4e+38 -3.4e+38 -3.4e+38 -3.4e+38 -3.4e+38 -3.4e+38 -3.4e+38 -3.4e+38 -3.4e+38 -3.4e+38 -3.4e+38 -3.4e+38 -3.4e+38 -3.4e+38 -3.4e+38 -3.4e+38 -3.4e+38 -3.4e+38 -3.4e+38 -3.4e+38 -3.4e+38 -3.4e+38 -3.4e+38 -3.4e+38 0.483000010251999 0.319000005722046 0.467000007629395 0.392000019550323
-3.4e+38 -3.4e+38 -3.4e+38 -3.4e+38 -3.4e+38 -3.4e+38 -3.4e+38 -3.4e+38 -3.4e+38 -3.4e+38 -3.4e+38 -3.4e+38 -3.4e+38 -3.4e+38 -3.4e+38 -3.4e+38 -3.4e+38 -3.4e+38 -3.4e+38 -3.4e+38 -3.4e+38 -3.4e+38 -3.4e+38 -3.4e+38 -3.4e+38 -3.4e+38 -3.4e+38 -3.4e+38 -3.4e+38 -3.4e+38 -3.4e+38 -3.4e+38 -3.4e+38 -3.4e+38 -3.4e+38 -3.4e+38 -3.4e+38 -3.4e+38 -3.4e+38 -3.4e+38 -3.4e+38 -3.4e+38 -3.4e+38 -3.4e+38 -3.4e+38 -3.4e+38 -3.4e+38 0.454000025987625 0.25900000333786 0.200000002980232 0.162000000476837 0.236000016331673 0.229000017046928
-3.4e+38 -3.4e+38 -3.4e+38 -3.4e+38 -3.4e+38 -3.4e+38 -3.4e+38 -3.4e+38 -3.4e+38 -3.4e+38 -3.4e+38 -3.4e+38 -3.4e+38 -3.4e+38 -3.4e+38 -3.4e+38 -3.4e+38 -3.4e+38 -3.4e+38 -3.4e+38 -3.4e+38 -3.4e+38 -3.4e+38 -3.4e+38 -3.4e+38 -3.4e+38 -3.4e+38 -3.4e+38 -3.4e+38 -3.4e+38 -3.4e+38 -3.4e+38 -3.4e+38 -3.4e+38 -3.4e+38 -3.4e+38 -3.4e+38 -3.4e+38 -3.4e+38 0.338000029325485 0.27700001001358 0.354000002145767 0.25900000333786 0.279000014066696 0.378000020980835 0.308000028133392 0.423000007867813 0.298000007867813 0.150000005960464 0.316000014543533 0.181000009179115 0.215000003576279 0.242000013589859
-3.4e+38 -3.4e+38 -3.4e+38 -3.4e+38 -3.4e+38 -3.4e+38 -3.4e+38 -3.4e+38 -3.4e+38 -3.4e+38 -3.4e+38 -3.4e+38 -3.4e+38 -3.4e+38 -3.4e+38 -3.4e+38 -3.4e+38 -3.4e+38 -3.4e+38 -3.4e+38 -3.4e+38 -3.4e+38 -3.4e+38 -3.4e+38 -3.4e+38 -3.4e+38 -3.4e+38 -3.4e+38 -3.4e+38 -3.4e+38 -3.4e+38 -3.4e+38 -3.4e+38 -3.4e+38 -3.4e+38 -3.4e+38 -3.4e+38 0.439000010490417 0.313000023365021 0.32600000500679 0.347000002861023 0.311000019311905 0.306000024080276 0.320000022649765 0.190000012516975 0.159000009298325 0.153000012040138 0.193000003695488 0.156000003218651 0.150000005960464 0.149000003933907 0.247000008821487 0.269000023603439
-3.4e+38 -3.4e+38 -3.4e+38 -3.4e+38 -3.4e+38 -3.4e+38 -3.4e+38 -3.4e+38 -3.4e+38 -3.4e+38 -3.4e+38 -3.4e+38 -3.4e+38 -3.4e+38 -3.4e+38 -3.4e+38 -3.4e+38 -3.4e+38 -3.4e+38 -3.4e+38 -3.4e+38 -3.4e+38 -3.4e+38 -3.4e+38 -3.4e+38 -3.4e+38 -3.4e+38 -3.4e+38 -3.4e+38 -3.4e+38 -3.4e+38 -3.4e+38 -3.4e+38 -3.4e+38 -3.4e+38 -3.4e+38 0.575000047683716 0.529000043869019 0.459000021219254 0.407000005245209 0.355000019073486 0.349000006914139 0.309000015258789 0.289000004529953 0.319000005722046 0.284000009298325 0.24600000679493 0.22800001502037 0.24600000679493 0.313000023365021 0.255000025033951 0.229000017046928 0.231000006198883
-3.4e+38 -3.4e+38 -3.4e+38 -3.4e+38 -3.4e+38 -3.4e+38 -3.4e+38 -3.4e+38 -3.4e+38 -3.4e+38 -3.4e+38 -3.4e+38 -3.4e+38 -3.4e+38 -3.4e+38 -3.4e+38 -3.4e+38 -3.4e+38 -3.4e+38 -3.4e+38 -3.4e+38 -3.4e+38 -3.4e+38 -3.4e+38 -3.4e+38 -3.4e+38 -3.4e+38 -3.4e+38 -3.4e+38 -3.4e+38 -3.4e+38 -3.4e+38 -3.4e+38 -3.4e+38 0.487000018358231 0.489000022411346 0.495000034570694 0.442000031471252 0.375000029802322 0.289000004529953 0.300000011920929 0.311000019311905 0.329000025987625 0.347000002861023 0.389000028371811 0.357000023126602 0.253000020980835 0.354000002145767 0.269000023603439 0.269000023603439 0.367000013589859 0.239000007510185 0.27700001001358
-3.4e+38 -3.4e+38 -3.4e+38 -3.4e+38 -3.4e+38 -3.4e+38 -3.4e+38 -3.4e+38 -3.4e+38 -3.4e+38 -3.4e+38 -3.4e+38 -3.4e+38 -3.4e+38 -3.4e+38 -3.4e+38 -3.4e+38 -3.4e+38 -3.4e+38 -3.4e+38 -3.4e+38 -3.4e+38 -3.4e+38 -3.4e+38 -3.4e+38 -3.4e+38 -3.4e+38 -3.4e+38 -3.4e+38 -3.4e+38 -3.4e+38 -3.4e+38 -3.4e+38 -3.4e+38 0.651000022888184 0.623000025749207 0.379000008106232 0.342000007629395 0.291000008583069 0.255000025033951 0.233000010251999 0.269000023603439 0.290000021457672 0.285000026226044 0.324000000953674 0.363000005483627 0.295000016689301 0.234000012278557 0.298000007867813 0.298000007867813 0.313000023365021 0.314000010490417 0.330000013113022
-3.4e+38 -3.4e+38 -3.4e+38 -3.4e+38 -3.4e+38 -3.4e+38 -3.4e+38 -3.4e+38 -3.4e+38 -3.4e+38 -3.4e+38 -3.4e+38 -3.4e+38 -3.4e+38 -3.4e+38 -3.4e+38 -3.4e+38 -3.4e+38 -3.4e+38 -3.4e+38 -3.4e+38 -3.4e+38 -3.4e+38 -3.4e+38 -3.4e+38 -3.4e+38 -3.4e+38 -3.4e+38 -3.4e+38 -3.4e+38 -3.4e+38 -3.4e+38 -3.4e+38 -3.4e+38 0.668000042438507 0.468000024557114 0.337000012397766 0.269000023603439 0.244000017642975 0.230000004172325 0.263000011444092 0.26800000667572 0.345000028610229 0.307000011205673 0.336000025272369 0.339000016450882 0.333000004291534 0.304000020027161 0.321000009775162 0.332000017166138 0.364000022411346 0.291000008583069 0.290000021457672
-3.4e+38 -3.4e+38 -3.4e+38 -3.4e+38 -3.4e+38 -3.4e+38 -3.4e+38 -3.4e+38 -3.4e+38 -3.4e+38 -3.4e+38 -3.4e+38 -3.4e+38 -3.4e+38 -3.4e+38 -3.4e+38 -3.4e+38 -3.4e+38 -3.4e+38 -3.4e+38 -3.4e+38 -3.4e+38 -3.4e+38 -3.4e+38 -3.4e+38 -3.4e+38 -3.4e+38 -3.4e+38 -3.4e+38 -3.4e+38 -3.4e+38 -3.4e+38 -3.4e+38 -3.4e+38 0.668000042438507 0.484000027179718 0.336000025272369 0.293999999761581 0.274000018835068 0.244000017642975 0.282000005245209 0.375000029802322 0.291000008583069 0.295000016689301 0.276000022888184 0.26800000667572 0.389000028371811 0.390000015497208 0.414000034332275 0.342000007629395 0.5 0.360000014305115 0.322000026702881
-3.4e+38 -3.4e+38 -3.4e+38 -3.4e+38 -3.4e+38 -3.4e+38 -3.4e+38 -3.4e+38 -3.4e+38 -3.4e+38 -3.4e+38 -3.4e+38 -3.4e+38 -3.4e+38 -3.4e+38 -3.4e+38 -3.4e+38 -3.4e+38 -3.4e+38 -3.4e+38 -3.4e+38 -3.4e+38 -3.4e+38 -3.4e+38 -3.4e+38 -3.4e+38 -3.4e+38 -3.4e+38 0.47800001502037 0.400000005960464 -3.4e+38 -3.4e+38 0.474000036716461 0.619000017642975 0.669000029563904 0.513999998569489 0.354000002145767 0.451000034809113 0.580000042915344 0.605000019073486 0.523000001907349 0.489000022411346 0.467000007629395 0.433000028133392 0.413000017404556 0.414000034332275 0.35300001502037 0.438000023365021 0.554000020027161 0.453000009059906 0.535000026226044 0.654000043869019 0.354000002145767
-3.4e+38 -3.4e+38 -3.4e+38 -3.4e+38 -3.4e+38 -3.4e+38 -3.4e+38 -3.4e+38 -3.4e+38 -3.4e+38 -3.4e+38 -3.4e+38 -3.4e+38 -3.4e+38 -3.4e+38 -3.4e+38 -3.4e+38 -3.4e+38 -3.4e+38 -3.4e+38 -3.4e+38 -3.4e+38 -3.4e+38 -3.4e+38 -3.4e+38 -3.4e+38 -3.4e+38 -3.4e+38 0.51800000667572 0.423000007867813 0.368000030517578 0.354000002145767 0.377000004053116 0.436000019311905 0.41100001335144 0.490000009536743 0.31700000166893 0.274000018835068 0.249000012874603 0.263000011444092 0.403000026941299 0.660000026226044 0.764000058174133 0.64000004529953 0.365000009536743 0.495000034570694 0.389000028371811 0.529000043869019 0.493000030517578 0.53600001335144 0.389000028371811 0.489000022411346 0.474000036716461
-3.4e+38 -3.4e+38 -3.4e+38 -3.4e+38 -3.4e+38 -3.4e+38 -3.4e+38 -3.4e+38 -3.4e+38 -3.4e+38 -3.4e+38 -3.4e+38 -3.4e+38 -3.4e+38 -3.4e+38 -3.4e+38 -3.4e+38 -3.4e+38 -3.4e+38 -3.4e+38 -3.4e+38 -3.4e+38 -3.4e+38 -3.4e+38 -3.4e+38 -3.4e+38 -3.4e+38 0.545000016689301 0.513000011444092 0.444000035524368 0.425000011920929 0.389000028371811 0.350000023841858 0.328000009059906 0.46000000834465 0.350000023841858 0.304000020027161 0.296000003814697 0.327000021934509 0.585000038146973 0.797000050544739 0.815000057220459 0.828000068664551 0.484000027179718 0.374000012874603 0.603000044822693 0.499000012874603 0.435000032186508 0.46900001168251 0.501000046730042 0.389000028371811 0.367000013589859 0.490000009536743
-3.4e+38 -3.4e+38 -3.4e+38 -3.4e+38 -3.4e+38 -3.4e+38 -3.4e+38 -3.4e+38 -3.4e+38 -3.4e+38 -3.4e+38 -3.4e+38 -3.4e+38 -3.4e+38 -3.4e+38 -3.4e+38 -3.4e+38 -3.4e+38 -3.4e+38 -3.4e+38 -3.4e+38 -3.4e+38 -3.4e+38 -3.4e+38 -3.4e+38 -3.4e+38 -3.4e+38 0.484000027179718 0.477000027894974 0.459000021219254 0.450000017881393 0.396000027656555 0.358000010251999 0.333000004291534 0.34400001168251 0.325000017881393 0.387000024318695 0.939000070095062 0.929000020027161 1.02700006961823 0.688000023365021 0.704000055789948 0.660000026226044 0.794000029563904 0.400000005960464 0.441000014543533 0.33500000834465 0.446000009775162 0.349000006914139 0.417000025510788 0.486000031232834 0.341000020503998 0.483000010251999
-3.4e+38 -3.4e+38 -3.4e+38 -3.4e+38 -3.4e+38 -3.4e+38 -3.4e+38 -3.4e+38 -3.4e+38 -3.4e+38 -3.4e+38 -3.4e+38 -3.4e+38 -3.4e+38 -3.4e+38 -3.4e+38 -3.4e+38 -3.4e+38 -3.4e+38 -3.4e+38 -3.4e+38 -3.4e+38 -3.4e+38 -3.4e+38 -3.4e+38 -3.4e+38 -3.4e+38 0.490000009536743 0.485000014305115 0.468000024557114 0.465000033378601 0.429000020027161 0.403000026941299 0.369000017642975 0.34400001168251 0.360000014305115 0.379000008106232 0.398000031709671 0.362000018358231 0.375000029802322 0.350000023841858 0.328000009059906 0.594000041484833 0.64300000667572 0.419000029563904 0.492000013589859 0.455000013113022 0.52700001001358 0.304000020027161 0.290000021457672 0.382000029087067 0.379000008106232 0.477000027894974
-3.4e+38 -3.4e+38 -3.4e+38 -3.4e+38 -3.4e+38 -3.4e+38 -3.4e+38 -3.4e+38 -3.4e+38 -3.4e+38 -3.4e+38 -3.4e+38 -3.4e+38 -3.4e+38 -3.4e+38 -3.4e+38 -3.4e+38 -3.4e+38 -3.4e+38 -3.4e+38 -3.4e+38 -3.4e+38 -3.4e+38 -3.4e+38 -3.4e+38 -3.4e+38 -3.4e+38 0.757000029087067 0.654000043869019 0.510000050067902 0.491000026464462 0.46000000834465 0.444000035524368 0.414000034332275 0.38400000333786 0.368000030517578 0.350000023841858 0.33500000834465 0.320000022649765 0.316000014543533 0.304000020027161 0.452000021934509 0.523000001907349 0.467000007629395 0.443000018596649 0.396000027656555 0.380000025033951 0.453000009059906 0.350000023841858 0.25900000333786 0.499000012874603 0.304000020027161 0.266000002622604
-3.4e+38 -3.4e+38 -3.4e+38 -3.4e+38 -3.4e+38 -3.4e+38 -3.4e+38 -3.4e+38 -3.4e+38 -3.4e+38 -3.4e+38 -3.4e+38 -3.4e+38 -3.4e+38 -3.4e+38 -3.4e+38 -3.4e+38 -3.4e+38 -3.4e+38 -3.4e+38 -3.4e+38 -3.4e+38 -3.4e+38 -3.4e+38 -3.4e+38 -3.4e+38 -3.4e+38 0.566000044345856 0.504999995231628 0.490000009536743 0.501000046730042 0.486000031232834 0.464000016450882 0.452000021934509 0.440000027418137 0.381000012159348 0.370000004768372 0.366000026464462 0.342000007629395 0.329000025987625 0.330000013113022 0.389000028371811 0.499000012874603 0.615000009536743 0.51800000667572 0.502000033855438 0.347000002861023 0.437000006437302 0.455000013113022 0.272000014781952 0.540000021457672 0.383000016212463 0.458000034093857
0.726000010967255 0.66700005531311 0.75600004196167 0.805000066757202 0.904000043869019 0.975000023841858 1.01400005817413 1.0200001001358 0.974000036716461 0.959000051021576 0.948000073432922 0.927000045776367 0.958000063896179 0.955000042915344 0.999000072479248 1.01800000667572 0.987000048160553 1.18700003623962 1.19400000572205 1.28000009059906 1.1690000295639 0.923000037670135 0.75600004196167 0.662000060081482 0.626000046730042 0.65800005197525 0.620000004768372 0.572000026702881 0.539000034332275 0.511000037193298 0.525000035762787 0.481000036001205 0.461000025272369 0.430000007152557 0.432000011205673 0.425000011920929 0.50600004196167 0.396000027656555 0.410000026226044 0.379000008106232 0.364000022411346 0.628000020980835 0.64300000667572 0.529000043869019 0.734000027179718 0.535000026226044 0.47900003194809 0.608000040054321 0.361000031232834 0.293000012636185 0.521000027656555 0.463000029325485 0.647000014781952
0.548000037670135 0.580000042915344 0.681000053882599 0.709000051021576 0.832000017166138 0.930000066757202 0.960000038146973 0.958000063896179 0.950000047683716 0.948000073432922 0.965000033378601 0.942000031471252 0.919000029563904 0.942000031471252 0.944000065326691 0.967000067234039 1.01500010490417 1.24200010299683 1.35200011730194 1.1580001115799 0.815000057220459 0.805000066757202 0.687000036239624 0.584000051021576 0.600000023841858 0.627000033855438 0.606000006198883 0.548000037670135 0.522000014781952 0.507000029087067 0.526000022888184 0.485000014305115 0.453000009059906 0.423000007867813 0.409000009298325 0.482000023126602 0.659000039100647 0.410000026226044 0.571000039577484 0.600000023841858 0.354000002145767 0.34400001168251 0.445000022649765 0.554000020027161 0.701000034809113 0.270000010728836 0.249000012874603 0.639000058174133 0.559000015258789 0.547000050544739 0.688000023365021 0.529000043869019 0.360000014305115
0.732000052928925 0.608000040054321 0.615000009536743 0.696000039577484 0.810000061988831 0.894000053405762 0.934000015258789 0.940000057220459 0.939000070095062 0.970000028610229 0.965000033378601 0.929000020027161 0.914000034332275 0.925000071525574 0.956000030040741 0.955000042915344 0.972000062465668 1.1910001039505 0.901000022888184 0.868000030517578 0.826000034809113 0.77400004863739 0.724000036716461 0.651000022888184 0.64900004863739 0.628000020980835 0.589000046253204 0.540000021457672 0.535000026226044 0.516000032424927 0.483000010251999 0.461000025272369 0.461000025272369 0.439000010490417 0.423000007867813 0.414000034332275 0.471000015735626 0.538000047206879 0.793000042438507 0.809000015258789 0.521000027656555 0.508000016212463 0.805000066757202 0.902000069618225 0.321000009775162 0.245000004768372 0.39300000667572 0.451000034809113 0.312000006437302 0.473000019788742 0.537000000476837 0.429000020027161 0.41200003027916
1.08400011062622 0.63100004196167 0.611000001430511 0.672000050544739 0.759000062942505 0.849000036716461 0.90800005197525 0.984000027179718 0.955000042915344 0.950000047683716 0.969000041484833 0.939000070095062 0.89900004863739 0.904000043869019 0.912000060081482 0.914000034332275 0.959000051021576 1.09700000286102 1.09700000286102 0.98800003528595 0.761000037193298 0.806000053882599 0.984000027179718 0.698000013828278 0.682000041007996 0.620000004768372 0.615000009536743 0.603000044822693 0.585000038146973 0.573000013828278 0.529000043869019 0.492000013589859 0.465000033378601 0.459000021219254 0.444000035524368 0.434000015258789 0.394000023603439 0.38400000333786 0.523000001907349 0.889000058174133 0.764000058174133 0.665000021457672 1.08700001239777 1.00499999523163 0.287000000476837 0.295000016689301 0.525000035762787 0.290000021457672 0.324000000953674 0.392000019550323 0.429000020027161 0.470000028610229 0.499000012874603
0.650000035762787 0.587000012397766 0.617000043392181 0.769000053405762 0.810000061988831 0.927000045776367 0.935000061988831 1.07500004768372 1.00999999046326 0.986000061035156 0.959000051021576 0.862000048160553 0.845000028610229 0.823000013828278 0.845000028610229 0.888000071048737 0.940000057220459 0.991000056266785 0.967000067234039 0.943000018596649 0.850000023841858 0.769000053405762 0.759000062942505 0.700000047683716 0.641000032424927 0.630000054836273 0.592000007629395 0.539000034332275 0.558000028133392 0.560000002384186 0.525000035762787 0.687000036239624 0.665000021457672 0.755000054836273 0.791000008583069 0.733000040054321 0.424000024795532 0.373000025749207 0.64900004863739 0.829000055789948 0.960000038146973 1.125 1.06100010871887 0.645000040531158 0.305000007152557 0.324000000953674 0.610000014305115 0.657000005245209 0.407000005245209 0.530000030994415 0.541000008583069 0.575000047683716 0.605000019073486
0.614000022411346 0.590000033378601 0.724000036716461 0.808000028133392 0.907000064849854 0.97900003194809 1.07100009918213 1.11000001430511 1.06400001049042 1.01500010490417 1.03200006484985 0.835000038146973 0.806000053882599 0.754000008106232 0.785000026226044 0.841000020503998 0.948000073432922 0.879000067710876 0.934000015258789 0.868000030517578 0.804000020027161 0.707000017166138 0.734000027179718 0.66100001335144 0.654000043869019 0.636000037193298 0.858000040054321 0.719000041484833 0.512000024318695 0.53300005197525 0.523000001907349 0.495000034570694 0.475000023841858 0.493000030517578 0.745000064373016 0.946000039577484 0.760000050067902 0.587000012397766 0.984000027179718 0.650000035762787 0.598000049591064 0.806000053882599 0.504999995231628 0.367000013589859 0.356000006198883 0.984000027179718 0.540000021457672 0.525000035762787 0.739000022411346 0.763000011444092 0.699000060558319 0.679000020027161 0.715000033378601
0.53300005197525 0.797000050544739 0.700000047683716 0.772000014781952 0.923000037670135 1.07500004768372 1.26900005340576 1.11000001430511 1.14300000667572 1.10199999809265 0.960000038146973 0.831000030040741 0.750000059604645 0.705000042915344 0.767000019550323 0.828000068664551 0.883000016212463 0.962000072002411 0.839000046253204 0.885000050067902 0.862000048160553 0.741000056266785 0.702000021934509 0.668000042438507 0.681000053882599 0.675000011920929 0.660000026226044 0.553000032901764 0.519000053405762 0.541000008583069 0.573000013828278 0.554000020027161 0.475000023841858 0.541000008583069 0.945000052452087 0.686000049114227 0.767000019550323 0.807000041007996 1.02600002288818 0.731000006198883 0.521000027656555 0.486000031232834 0.503000020980835 0.455000013113022 0.385000020265579 0.385000020265579 0.489000022411346 0.619000017642975 0.671000003814697 0.72900003194809 0.838000059127808 0.817000031471252 0.869000017642975
