layers/vpdmin9.asc
NCOLS 292 
NROWS 291 
XLLCORNER -87.6458333327872 
YLLCORNER 24.4791666666667 
CELLSIZE 0.0416666666669039 
NODATA_value -3.4e+38 
[rows 115 to 137 of 291, columns 106 to 158 of 292]
0.629000008106232 0.653000056743622 0.668000042438507 0.678000032901764 0.686000049114227 0.690000057220459 0.701000034809113 0.702000021934509 0.718000054359436 0.730000019073486 0.748000025749207 0.782000064849854 0.760000050067902 0.727000057697296 0.721000015735626 0.725000023841858 0.722000062465668 0.723000049591064 0.72900003194809 0.721000015735626 0.695000052452087 0.701000034809113 0.707000017166138 0.732000052928925 0.742000043392181 0.754000008106232 0.773000061511993 0.814000010490417 0.866000056266785 0.914000034332275 0.969000041484833 0.999000072479248 1.00200009346008 0.998000025749207 1.00499999523163 0.995000064373016 1.00700008869171 1.03000009059906 1.01200008392334 1.0090000629425 0.914000034332275 0.850000023841858 0.795000016689301 0.77400004863739 0.832000017166138 0.851000010967255 0.89000004529953 0.956000030040741 1.05900001525879 1.26700007915497 1.34400010108948 1.34700012207031 -3.4e+38
0.637000024318695 0.62200003862381 0.642000019550323 0.671000003814697 0.706000030040741 0.716000020503998 0.712000012397766 0.709000051021576 0.735000014305115 0.742000043392181 0.766000032424927 0.767000019550323 0.750000059604645 0.733000040054321 0.725000023841858 0.739000022411346 0.730000019073486 0.737000048160553 0.730000019073486 0.711000025272369 0.710000038146973 0.711000025272369 0.704000055789948 0.711000025272369 0.72900003194809 0.742000043392181 0.750000059604645 0.771000027656555 0.817000031471252 0.837000012397766 0.906000018119812 0.967000067234039 0.987000048160553 0.989000022411346 0.962000072002411 0.955000042915344 0.933000028133392 0.930000066757202 0.934000015258789 0.934000015258789 0.891000032424927 0.853000044822693 0.793000042438507 0.779000043869019 0.836000025272369 0.875000059604645 0.933000028133392 1.06100010871887 1.21200001239777 1.36100006103516 1.39000010490417 -3.4e+38 -3.4e+38
0.669000029563904 0.660000026226044 0.669000029563904 0.689000010490417 0.700000047683716 0.720000028610229 0.725000023841858 0.725000023841858 0.726000010967255 0.735000014305115 0.73800003528595 0.741000056266785 0.749000012874603 0.732000052928925 0.736000061035156 0.746000051498413 0.741000056266785 0.754000008106232 0.739000022411346 0.731000006198883 0.717000007629395 0.714000046253204 0.712000012397766 0.709000051021576 0.725000023841858 0.716000020503998 0.707000017166138 0.744000017642975 0.799000024795532 0.849000036716461 0.885000050067902 0.915000021457672 0.963000059127808 0.976000070571899 0.950000047683716 0.919000029563904 0.885000050067902 0.869000017642975 0.885000050067902 0.89900004863739 0.895000040531158 0.88100004196167 0.834000051021576 0.804000020027161 0.849000036716461 0.895000040531158 0.984000027179718 1.11900007724762 1.36500000953674 1.3950001001358 -3.4e+38 -3.4e+38 -3.4e+38
0.638000011444092 0.656000018119812 0.663000047206879 0.678000032901764 0.701000034809113 0.707000017166138 0.726000010967255 0.731000006198883 0.723000049591064 0.715000033378601 0.72900003194809 0.748000025749207 0.767000019550323 0.758000016212463 0.749000012874603 0.752000033855438 0.748000025749207 0.74700003862381 0.737000048160553 0.72900003194809 0.72900003194809 0.719000041484833 0.700000047683716 0.697000026702881 0.696000039577484 0.715000033378601 0.733000040054321 0.76800000667572 0.822000026702881 0.829000055789948 0.867000043392181 0.901000022888184 0.879000067710876 0.928000032901764 0.913000047206879 0.876000046730042 0.886000037193298 0.847000062465668 0.836000025272369 0.879000067710876 0.889000058174133 0.875000059604645 0.829000055789948 0.829000055789948 0.858000040054321 0.932000041007996 1.04500007629395 1.26000010967255 1.44700002670288 1.49500012397766 -3.4e+38 -3.4e+38 -3.4e+38
0.620000004768372 0.636000037193298 0.650000035762787 0.66700005531311 0.677000045776367 0.699000060558319 0.715000033378601 0.712000012397766 0.708000004291534 0.718000054359436 0.751000046730042 0.766000032424927 0.779000043869019 0.77400004863739 0.782000064849854 0.778000056743622 0.767000019550323 0.758000016212463 0.750000059604645 0.742000043392181 0.72900003194809 0.717000007629395 0.697000026702881 0.680000007152557 0.691000044345856 0.742000043392181 0.77400004863739 0.769000053405762 0.831000030040741 0.825000047683716 0.846000015735626 0.857000052928925 0.857000052928925 0.855000019073486 0.882000029087067 0.871000051498413 0.861000061035156 0.840000033378601 0.821000039577484 0.834000051021576 0.839000046253204 0.824000060558319 0.824000060558319 0.844000041484833 0.892000019550323 0.989000022411346 1.10900008678436 1.38900005817413 1.50500011444092 1.54500007629395 -3.4e+38 -3.4e+38 -3.4e+38
0.621000051498413 0.635000050067902 0.645000040531158 0.673000037670135 0.670000016689301 0.689000010490417 0.723000049591064 0.72900003194809 0.735000014305115 0.76500004529953 0.773000061511993 0.781000018119812 0.787000060081482 0.775000035762787 0.782000064849854 0.791000008583069 0.78600001335144 0.788000047206879 0.772000014781952 0.750000059604645 0.752000033855438 0.731000006198883 0.713000059127808 0.705000042915344 0.750000059604645 0.762000024318695 0.78300005197525 0.787000060081482 0.810000061988831 0.825000047683716 0.817000031471252 0.802000045776367 0.805000066757202 0.825000047683716 0.824000060558319 0.804000020027161 0.796000063419342 0.799000024795532 0.803000032901764 0.780000030994415 0.79200005531311 0.785000026226044 0.798000037670135 0.860000014305115 0.930000066757202 1.05800008773804 1.23300004005432 1.5090000629425 1.56100010871887 1.58200001716614 -3.4e+38 -3.4e+38 -3.4e+38
0.64000004529953 0.641000032424927 0.668000042438507 0.669000029563904 0.690000057220459 0.721000015735626 0.753000020980835 0.766000032424927 0.77700001001358 0.80100005865097 0.809000015258789 0.810000061988831 0.788000047206879 0.793000042438507 0.760000050067902 0.785000026226044 0.798000037670135 0.807000041007996 0.772000014781952 0.754000008106232 0.748000025749207 0.735000014305115 0.720000028610229 0.708000004291534 0.740000009536743 0.739000022411346 0.759000062942505 0.764000058174133 0.819000065326691 0.802000045776367 0.758000016212463 0.752000033855438 0.758000016212463 0.759000062942505 0.742000043392181 0.737000048160553 0.734000027179718 0.757000029087067 0.755000054836273 0.742000043392181 0.76500004529953 0.776000022888184 0.798000037670135 0.858000040054321 0.954000055789948 1.15200006961823 1.49400007724762 1.54600012302399 1.5550000667572 -3.4e+38 -3.4e+38 -3.4e+38 -3.4e+38
0.659000039100647 0.669000029563904 0.67600005865097 0.684000015258789 0.709000051021576 0.730000019073486 0.752000033855438 0.767000019550323 0.782000064849854 0.815000057220459 0.803000032901764 0.808000028133392 0.796000063419342 0.796000063419342 0.776000022888184 0.76800000667572 0.77700001001358 0.775000035762787 0.760000050067902 0.754000008106232 0.752000033855438 0.745000064373016 0.720000028610229 0.718000054359436 0.732000052928925 0.734000027179718 0.732000052928925 0.733000040054321 0.745000064373016 0.74700003862381 0.72900003194809 0.734000027179718 0.704000055789948 0.682000041007996 0.684000015258789 0.666000008583069 0.683000028133392 0.703000009059906 0.719000041484833 0.712000012397766 0.736000061035156 0.760000050067902 0.806000053882599 0.874000012874603 1.00200009346008 1.26200008392334 1.58800005912781 1.65000009536743 1.60200011730194 -3.4e+38 -3.4e+38 -3.4e+38 -3.4e+38
0.684000015258789 0.696000039577484 0.707000017166138 0.721000015735626 0.720000028610229 0.730000019073486 0.759000062942505 0.785000026226044 0.819000065326691 0.815000057220459 0.812000036239624 0.813000023365021 0.815000057220459 0.78300005197525 0.784000039100647 0.780000030994415 0.762000024318695 0.763000011444092 0.754000008106232 0.740000009536743 0.722000062465668 0.73800003528595 0.713000059127808 0.727000057697296 0.731000006198883 0.710000038146973 0.679000020027161 0.707000017166138 0.668000042438507 0.716000020503998 0.679000020027161 0.690000057220459 0.655000030994415 0.637000024318695 0.614000022411346 0.601000010967255 0.616000056266785 0.64300000667572 0.670000016689301 0.689000010490417 0.726000010967255 0.745000064373016 0.805000066757202 0.919000029563904 1.09500002861023 1.41400003433228 1.67600011825562 1.67000007629395 -3.4e+38 -3.4e+38 -3.4e+38 -3.4e+38 -3.4e+38
0.730000019073486 0.735000014305115 0.736000061035156 0.739000022411346 0.739000022411346 0.731000006198883 0.744000017642975 0.76500004529953 0.785000026226044 0.807000041007996 0.809000015258789 0.805000066757202 0.772000014781952 0.770000040531158 0.758000016212463 0.763000011444092 0.751000046730042 0.750000059604645 0.726000010967255 0.719000041484833 0.714000046253204 0.725000023841858 0.719000041484833 0.736000061035156 0.723000049591064 0.671000003814697 0.680000007152557 0.675000011920929 0.65800005197525 0.699000060558319 0.683000028133392 0.650000035762787 0.585000038146973 0.560000002384186 0.537000000476837 0.541000008583069 0.575000047683716 0.60400003194809 0.64000004529953 0.664000034332275 0.72900003194809 0.751000046730042 0.815000057220459 0.998000025749207 1.20600008964539 1.56400012969971 1.74500012397766 1.68300008773804 -3.4e+38 -3.4e+38 -3.4e+38 -3.4e+38 -3.4e+38
0.759000062942505 0.749000012874603 0.736000061035156 0.730000019073486 0.735000014305115 0.725000023841858 0.723000049591064 0.745000064373016 0.76500004529953 0.773000061511993 0.753000020980835 0.749000012874603 0.726000010967255 0.748000025749207 0.737000048160553 0.758000016212463 0.791000008583069 0.78600001335144 0.724000036716461 0.726000010967255 0.720000028610229 0.709000051021576 0.709000051021576 0.706000030040741 0.682000041007996 0.662000060081482 0.638000011444092 0.63100004196167 0.623000025749207 0.641000032424927 0.66100001335144 0.607000052928925 0.541000008583069 0.52700001001358 0.525000035762787 0.522000014781952 0.553000032901764 0.579000055789948 0.570000052452087 0.612000048160553 0.665000021457672 0.716000020503998 0.827000021934509 1.0550000667572 1.31100010871887 1.69400012493134 1.74900007247925 -3.4e+38 -3.4e+38 -3.4e+38 -3.4e+38 -3.4e+38 -3.4e+38
0.728000044822693 0.711000025272369 0.697000026702881 0.697000026702881 0.703000009059906 0.696000039577484 0.681000053882599 0.704000055789948 0.723000049591064 0.709000051021576 0.720000028610229 0.734000027179718 0.710000038146973 0.73800003528595 0.750000059604645 0.780000030994415 0.789000034332275 0.800000011920929 0.799000024795532 0.77700001001358 0.75600004196167 0.731000006198883 0.705000042915344 0.682000041007996 0.668000042438507 0.659000039100647 0.626000046730042 0.602000057697296 0.595000028610229 0.598000049591064 0.587000012397766 0.532000005245209 0.5 0.480000019073486 0.483000010251999 0.482000023126602 0.484000027179718 0.517000019550323 0.501000046730042 0.549000024795532 0.610000014305115 0.685000061988831 0.90800005197525 1.19700002670288 1.5110000371933 1.78500008583069 1.80400013923645 -3.4e+38 -3.4e+38 -3.4e+38 -3.4e+38 -3.4e+38 -3.4e+38
0.675000011920929 0.674000024795532 0.682000041007996 0.697000026702881 0.668000042438507 0.66700005531311 0.669000029563904 0.644000053405762 0.657000005245209 0.655000030994415 0.650000035762787 0.668000042438507 0.684000015258789 0.735000014305115 0.74700003862381 0.770000040531158 0.785000026226044 0.800000011920929 0.819000065326691 0.822000026702881 0.778000056743622 0.75600004196167 0.710000038146973 0.662000060081482 0.64000004529953 0.612000048160553 0.579000055789948 0.591000020503998 0.602000057697296 0.596000015735626 0.548000037670135 0.510000050067902 0.485000014305115 0.454000025987625 0.453000009059906 0.445000022649765 0.439000010490417 0.436000019311905 0.41100001335144 0.453000009059906 0.544000029563904 0.700000047683716 0.970000028610229 1.2700001001358 1.6560001373291 1.87800014019012 1.82500004768372 -3.4e+38 -3.4e+38 -3.4e+38 -3.4e+38 -3.4e+38 -3.4e+38
0.651000022888184 0.659000039100647 0.660000026226044 0.662000060081482 0.64000004529953 0.621000051498413 0.629000008106232 0.63400000333786 0.636000037193298 0.623000025749207 0.637000024318695 0.648000001907349 0.647000014781952 0.644000053405762 0.673000037670135 0.709000051021576 0.73800003528595 0.815000057220459 0.838000059127808 0.831000030040741 0.817000031471252 0.743000030517578 0.691000044345856 0.663000047206879 0.638000011444092 0.573000013828278 0.523000001907349 0.529000043869019 0.559000015258789 0.566000044345856 0.534000039100647 0.499000012874603 0.47900003194809 0.459000021219254 0.424000024795532 0.406000018119812 0.380000025033951 0.378000020980835 0.366000026464462 0.491000026464462 0.686000049114227 0.904000043869019 1.14200007915497 1.47700011730194 1.84100008010864 1.95500004291534 1.90700006484985 -3.4e+38 -3.4e+38 -3.4e+38 -3.4e+38 -3.4e+38 -3.4e+38
0.660000026226044 0.629000008106232 0.636000037193298 0.635000050067902 0.636000037193298 0.620000004768372 0.623000025749207 0.597000002861023 0.574000000953674 0.559000015258789 0.540000021457672 0.554000020027161 0.558000028133392 0.553000032901764 0.598000049591064 0.654000043869019 0.719000041484833 0.776000022888184 0.826000034809113 0.825000047683716 0.796000063419342 0.761000037193298 0.703000009059906 0.612000048160553 0.566000044345856 0.539000034332275 0.564999997615814 0.611000001430511 0.560000002384186 0.544000029563904 0.534000039100647 0.482000023126602 0.459000021219254 0.445000022649765 0.416000008583069 0.420000016689301 0.422000020742416 0.401000022888184 0.507000029087067 0.758000016212463 0.983000040054321 1.20500004291534 1.45400011539459 1.7940000295639 2.01600003242493 2.01100015640259 -3.4e+38 -3.4e+38 -3.4e+38 -3.4e+38 -3.4e+38 -3.4e+38 -3.4e+38
0.663000047206879 0.656000018119812 0.655000030994415 0.65200001001358 0.648000001907349 0.617000043392181 0.611000001430511 0.547000050544739 0.461000025272369 0.418000012636185 0.416000008583069 0.424000024795532 0.443000018596649 0.491000026464462 0.562000036239624 0.610000014305115 0.670000016689301 0.744000017642975 0.780000030994415 0.770000040531158 0.758000016212463 0.727000057697296 0.691000044345856 0.647000014781952 0.605000019073486 0.555000007152557 0.579000055789948 0.594000041484833 0.564999997615814 0.529000043869019 0.522000014781952 0.48800003528595 0.448000013828278 0.430000007152557 0.420000016689301 0.434000015258789 0.463000029325485 0.476000010967255 0.611000001430511 0.880000054836273 1.21300005912781 1.48100006580353 1.76800012588501 2.01300001144409 2.06599998474121 -3.4e+38 -3.4e+38 -3.4e+38 -3.4e+38 -3.4e+38 -3.4e+38 -3.4e+38 -3.4e+38
0.682000041007996 0.675000011920929 0.66100001335144 0.680000007152557 0.66700005531311 0.610000014305115 0.570000052452087 0.47800001502037 0.370000004768372 0.295000016689301 0.28600001335144 0.299000024795532 0.365000009536743 0.463000029325485 0.499000012874603 0.562000036239624 0.628000020980835 0.660000026226044 0.679000020027161 0.686000049114227 0.680000007152557 0.673000037670135 0.663000047206879 0.630000054836273 0.571000039577484 0.553000032901764 0.574000000953674 0.530000030994415 0.535000026226044 0.529000043869019 0.499000012874603 0.451000034809113 0.435000032186508 0.435000032186508 0.441000014543533 0.449000030755997 0.495000034570694 0.575000047683716 0.743000030517578 1.03100001811981 1.37700009346008 1.67900013923645 1.93700003623962 1.97800004482269 -3.4e+38 -3.4e+38 -3.4e+38 -3.4e+38 -3.4e+38 -3.4e+38 -3.4e+38 -3.4e+38 -3.4e+38
0.727000057697296 0.718000054359436 0.705000042915344 0.735000014305115 0.698000013828278 0.635000050067902 0.561000049114227 0.441000014543533 0.318000018596649 0.256999999284744 0.216000005602837 0.215000003576279 0.279000014066696 0.383000016212463 0.483000010251999 0.521000027656555 0.560000002384186 0.578000009059906 0.571000039577484 0.583000004291534 0.569000005722046 0.587999999523163 0.574000000953674 0.569000005722046 0.549000024795532 0.51500004529953 0.541000008583069 0.468000024557114 0.476000010967255 0.483000010251999 0.452000021934509 0.428000032901764 0.392000019550323 0.381000012159348 0.391000032424927 0.439000010490417 0.487000018358231 0.601000010967255 0.785000026226044 1.10199999809265 1.45500004291534 1.76000010967255 1.91500008106232 1.93600010871887 -3.4e+38 -3.4e+38 -3.4e+38 -3.4e+38 -3.4e+38 -3.4e+38 -3.4e+38 -3.4e+38 -3.4e+38
0.808000028133392 0.794000029563904 0.793000042438507 0.76800000667572 0.746000051498413 0.63400000333786 0.556000053882599 0.444000035524368 0.343000024557114 0.262000024318695 0.20100000500679 0.195000007748604 0.240000009536743 0.346000015735626 0.445000022649765 0.494000017642975 0.521000027656555 0.51500004529953 0.503000020980835 0.5 0.482000023126602 0.455000013113022 0.504999995231628 0.517000019550323 0.532000005245209 0.491000026464462 0.426000028848648 0.415000021457672 0.462000012397766 0.455000013113022 0.413000017404556 0.403000026941299 0.396000027656555 0.373000025749207 0.356000006198883 0.401000022888184 0.468000024557114 0.587000012397766 0.791000008583069 1.08200001716614 1.4190000295639 1.70800006389618 1.77600014209747 1.8050000667572 -3.4e+38 -3.4e+38 -3.4e+38 -3.4e+38 -3.4e+38 -3.4e+38 -3.4e+38 -3.4e+38 -3.4e+38
0.866000056266785 0.869000017642975 0.821000039577484 0.773000061511993 0.716000020503998 0.646000027656555 0.555000007152557 0.459000021219254 0.35300001502037 0.293999999761581 0.248000010848045 0.238000005483627 0.265000015497208 0.334000021219254 0.401000022888184 0.459000021219254 0.474000036716461 0.454000025987625 0.455000013113022 0.406000018119812 0.374000012874603 0.377000004053116 0.404000014066696 0.420000016689301 0.417000025510788 0.401000022888184 0.379000008106232 0.404000014066696 0.442000031471252 0.442000031471252 0.403000026941299 0.379000008106232 0.373000025749207 0.379000008106232 0.348000019788742 0.385000020265579 0.464000016450882 0.590000033378601 0.812000036239624 1.07600009441376 1.41500008106232 1.6450001001358 1.62000012397766 1.62200009822845 -3.4e+38 -3.4e+38 -3.4e+38 -3.4e+38 -3.4e+38 -3.4e+38 -3.4e+38 -3.4e+38 -3.4e+38
0.894000053405762 0.889000058174133 0.832000017166138 0.775000035762787 0.735000014305115 0.642000019550323 0.581000030040741 0.493000030517578 0.403000026941299 0.360000014305115 0.340000003576279 0.309000015258789 0.324000000953674 0.372000008821487 0.399000018835068 0.436000019311905 0.426000028848648 0.41200003027916 0.398000031709671 0.336000025272369 0.333000004291534 0.33500000834465 0.33500000834465 0.349000006914139 0.355000019073486 0.349000006914139 0.368000030517578 0.388000011444092 0.39300000667572 0.410000026226044 0.382000029087067 0.360000014305115 0.341000020503998 0.352000027894974 0.315000027418137 0.339000016450882 0.419000029563904 0.550999999046326 0.749000012874603 1.04200005531311 1.3510000705719 1.56000006198883 1.52100002765656 1.55300009250641 -3.4e+38 -3.4e+38 -3.4e+38 -3.4e+38 -3.4e+38 -3.4e+38 -3.4e+38 -3.4e+38 -3.4e+38
0.865000069141388 0.85400003194809 0.799000024795532 0.760000050067902 0.744000017642975 0.680000007152557 0.621000051498413 0.544000029563904 0.47800001502037 0.442000031471252 0.413000017404556 0.394000023603439 0.361000031232834 0.367000013589859 0.362000018358231 0.372000008821487 0.363000005483627 0.331000030040741 0.323000013828278 0.261000007390976 0.235000014305115 0.236000016331673 0.256999999284744 0.283000022172928 0.301000028848648 0.334000021219254 0.343000024557114 0.385000020265579 0.403000026941299 0.370000004768372 0.364000022411346 0.323000013828278 0.319000005722046 0.314000010490417 0.305000007152557 0.325000017881393 0.401000022888184 0.489000022411346 0.684000015258789 0.966000020503998 1.28900003433228 1.49700009822845 1.40900003910065 1.48100006580353 -3.4e+38 -3.4e+38 -3.4e+38 -3.4e+38 -3.4e+38 -3.4e+38 -3.4e+38 -3.4e+38 -3.4e+38
0.791000008583069 0.782000064849854 0.784000039100647 0.751000046730042 0.743000030517578 0.709000051021576 0.64000004529953 0.587999999523163 0.504000008106232 0.47900003194809 0.436000019311905 0.426000028848648 0.430000007152557 0.407000005245209 0.388000011444092 0.359000027179718 0.330000013113022 0.274000018835068 0.224000006914139 0.170000001788139 0.140000000596046 0.145000010728836 0.19200000166893 0.241000011563301 0.271000027656555 0.297000020742416 0.337000012397766 0.355000019073486 0.35300001502037 0.364000022411346 0.350000023841858 0.330000013113022 0.337000012397766 0.319000005722046 0.327000021934509 0.309000015258789 0.379000008106232 0.495000034570694 0.697000026702881 0.954000055789948 1.26900005340576 1.44700002670288 1.39900004863739 -3.4e+38 -3.4e+38 -3.4e+38 -3.4e+38 -3.4e+38 -3.4e+38 -3.4e+38 -3.4e+38 -3.4e+38 -3.4e+38
