layers/vpdmin9.asc
NCOLS 292 
NROWS 291 
XLLCORNER -87.6458333327872 
YLLCORNER 24.4791666666667 
CELLSIZE 0.0416666666669039 
NODATA_value -3.4e+38 
[rows 69 to 91 of 291, columns 159 to 211 of 292]
1.11500000953674 1.15500009059906 1.19400000572205 1.22200000286102 1.25300002098083 1.28200006484985 1.3160001039505 1.27900004386902 1.27900004386902 1.23400008678436 1.18700003623962 1.1800000667572 1.21000003814697 1.20200002193451 1.17800009250641 1.16600000858307 1.16800010204315 1.1710000038147 1.18100011348724 1.16500008106232 1.1710000038147 1.1580001115799 1.13700008392334 1.10900008678436 1.08900010585785 1.0110000371933 0.940000057220459 0.940000057220459 0.969000041484833 1.01200008392334 1.04200005531311 1.08200001716614 1.09400010108948 1.09700000286102 1.09300005435944 1.08000004291534 1.06500005722046 1.05900001525879 1.03700006008148 1.00999999046326 0.999000072479248 0.987000048160553 0.978000044822693 0.960000038146973 0.955000042915344 0.976000070571899 1.0090000629425 1.04900002479553 1.14400005340576 1.29100000858307 1.4080001115799 1.45500004291534 -3.4e+38
1.125 1.14100003242493 1.19300007820129 1.2150000333786 1.24100005626678 1.28000009059906 1.29500007629395 1.26800000667572 1.25500011444092 1.22100007534027 1.19300007820129 1.16600000858307 1.16700005531311 1.17500007152557 1.16600000858307 1.15900003910065 1.15000009536743 1.16400003433228 1.15299999713898 1.14300000667572 1.15299999713898 1.1450001001358 1.15100002288818 1.13100004196167 1.09800004959106 1.05800008773804 1.02900004386902 1.03500008583069 1.06400001049042 1.08600008487701 1.10500001907349 1.10000002384186 1.09200000762939 1.09900009632111 1.09500002861023 1.08900010585785 1.08400011062622 1.05900001525879 1.04300010204315 1.03000009059906 1.00700008869171 0.98800003528595 0.959000051021576 0.959000051021576 0.970000028610229 1.00100004673004 1.06500005722046 1.15200006961823 1.30000007152557 1.43800008296967 1.51000010967255 -3.4e+38 -3.4e+38
1.12000000476837 1.1580001115799 1.17800009250641 1.21800005435944 1.23600006103516 1.24400007724762 1.28200006484985 1.2590000629425 1.22100007534027 1.21600008010864 1.19400000572205 1.16500008106232 1.13900005817413 1.12700009346008 1.14900004863739 1.14600002765656 1.13700008392334 1.14400005340576 1.1360000371933 1.13300001621246 1.13200008869171 1.12999999523163 1.12300002574921 1.1010000705719 1.10199999809265 1.08500003814697 1.08400011062622 1.11000001430511 1.11800003051758 1.1340000629425 1.12300002574921 1.10500001907349 1.10900008678436 1.09800004959106 1.09700000286102 1.09200000762939 1.07600009441376 1.06400001049042 1.04500007629395 1.02900004386902 1.01800000667572 0.989000022411346 0.958000063896179 0.954000055789948 0.991000056266785 1.05200004577637 1.14800000190735 1.28800010681152 1.41800010204315 1.5090000629425 -3.4e+38 -3.4e+38 -3.4e+38
1.14900004863739 1.16200006008148 1.17599999904633 1.21000003814697 1.21300005912781 1.24500000476837 1.2700001001358 1.27100002765656 1.2370001077652 1.22200000286102 1.19600009918213 1.1580001115799 1.1360000371933 1.12000000476837 1.13500010967255 1.12700009346008 1.12900006771088 1.12999999523163 1.11500000953674 1.10400009155273 1.10800004005432 1.10000002384186 1.0789999961853 1.0789999961853 1.0789999961853 1.08100008964539 1.10500001907349 1.13900005817413 1.1470000743866 1.14900004863739 1.14000010490417 1.14000010490417 1.12400007247925 1.10900008678436 1.10400009155273 1.08400011062622 1.07000005245209 1.0550000667572 1.04300010204315 1.03200006484985 1.01300001144409 0.995000064373016 0.968000054359436 0.973000049591064 1.02799999713898 1.12999999523163 1.26300001144409 1.37600004673004 1.46400010585785 -3.4e+38 -3.4e+38 -3.4e+38 -3.4e+38
1.17400002479553 1.1910001039505 1.19700002670288 1.2260000705719 1.21700000762939 1.25600004196167 1.26900005340576 1.26000010967255 1.22700011730194 1.20900011062622 1.19700002670288 1.17500007152557 1.125 1.11000001430511 1.12600004673004 1.09700000286102 1.08800005912781 1.09400010108948 1.09400010108948 1.08400011062622 1.09600007534027 1.08400011062622 1.07000005245209 1.07400000095367 1.07600009441376 1.08500003814697 1.10000002384186 1.10699999332428 1.11000001430511 1.11600005626678 1.12700009346008 1.12100005149841 1.12100005149841 1.11900007724762 1.09800004959106 1.09300005435944 1.08300006389618 1.06900000572205 1.05300009250641 1.05099999904633 1.03500008583069 1.00800001621246 0.956000030040741 0.976000070571899 1.0900000333786 1.23500001430511 1.33400011062622 1.41300010681152 -3.4e+38 -3.4e+38 -3.4e+38 -3.4e+38 -3.4e+38
1.1800000667572 1.19700002670288 1.23100006580353 1.25300002098083 1.28200006484985 1.28200006484985 1.26900005340576 1.2370001077652 1.19800007343292 1.17900002002716 1.15299999713898 1.1450001001358 1.125 1.1120001077652 1.125 1.09600007534027 1.07800006866455 1.06000006198883 1.0460000038147 1.06000006198883 1.07800006866455 1.07000005245209 1.07500004768372 1.08100008964539 1.08900010585785 1.10000002384186 1.08600008487701 1.09700000286102 1.09400010108948 1.10199999809265 1.09400010108948 1.09300005435944 1.09500002861023 1.10000002384186 1.11400008201599 1.1010000705719 1.08700001239777 1.07500004768372 1.05900001525879 1.01400005817413 0.97900003194809 0.955000042915344 0.954000055789948 1.03800010681152 1.19800007343292 1.29800009727478 1.40300011634827 -3.4e+38 -3.4e+38 -3.4e+38 -3.4e+38 -3.4e+38 -3.4e+38
1.18400001525879 1.19800007343292 1.23300004005432 1.29000008106232 1.307000041008 1.2830001115799 1.25600004196167 1.21200001239777 1.19200003147125 1.1800000667572 1.14600002765656 1.12400007247925 1.10500001907349 1.08400011062622 1.08500003814697 1.07100009918213 1.05000007152557 1.03900003433228 1.03000009059906 1.02900004386902 1.03400003910065 1.06000006198883 1.08500003814697 1.10300004482269 1.10900008678436 1.11300003528595 1.11000001430511 1.10400009155273 1.09300005435944 1.07100009918213 1.07700002193451 1.08100008964539 1.07700002193451 1.08400011062622 1.09100008010864 1.08400011062622 1.08400011062622 1.06400001049042 1.01800000667572 0.98500007390976 0.980000019073486 0.993000030517578 1.0440000295639 1.16000008583069 1.27800011634827 1.3840000629425 -3.4e+38 -3.4e+38 -3.4e+38 -3.4e+38 -3.4e+38 -3.4e+38 -3.4e+38
1.19200003147125 1.20500004291534 1.24400007724762 1.27900004386902 1.28000009059906 1.26600003242493 1.23300004005432 1.19500005245209 1.19500005245209 1.16600000858307 1.12300002574921 1.10300004482269 1.0789999961853 1.05300009250641 1.06200003623962 1.0440000295639 1.04100000858307 1.02900004386902 1.0200001001358 1.02400004863739 1.04000008106232 1.04700005054474 1.05200004577637 1.06200003623962 1.08500003814697 1.06500005722046 1.08000004291534 1.07800006866455 1.08600008487701 1.06500005722046 1.05599999427795 1.0550000667572 1.0550000667572 1.05599999427795 1.06000006198883 1.05900001525879 1.03900003433228 1.0110000371933 0.989000022411346 0.97900003194809 0.994000017642975 1.03900003433228 1.15200006961823 1.28100001811981 1.37200009822845 -3.4e+38 -3.4e+38 -3.4e+38 -3.4e+38 -3.4e+38 -3.4e+38 -3.4e+38 -3.4e+38
1.19400000572205 1.20200002193451 1.22100007534027 1.23600006103516 1.22400009632111 1.21600008010864 1.18400001525879 1.17300009727478 1.15600001811981 1.13500010967255 1.12000000476837 1.09500002861023 1.08900010585785 1.05099999904633 1.0550000667572 1.04800009727478 1.05000007152557 1.05200004577637 1.04300010204315 1.03400003910065 1.02700006961823 1.03200006484985 1.03800010681152 1.03600001335144 1.04000008106232 1.02700006961823 1.02500009536743 1.04500007629395 1.0440000295639 1.04900002479553 1.06300008296967 1.05900001525879 1.06400001049042 1.05300009250641 1.03200006484985 1.00999999046326 1.00600004196167 0.990000069141388 0.991000056266785 0.991000056266785 1.03200006484985 1.12200009822845 1.28700006008148 1.33200001716614 1.45500004291534 -3.4e+38 -3.4e+38 -3.4e+38 -3.4e+38 -3.4e+38 -3.4e+38 -3.4e+38 -3.4e+38
1.19300007820129 1.19800007343292 1.20400011539459 1.20000004768372 1.18700003623962 1.17500007152557 1.15299999713898 1.14400005340576 1.1340000629425 1.11300003528595 1.11300003528595 1.10199999809265 1.11000001430511 1.07200002670288 1.05800008773804 1.06100010871887 1.06200003623962 1.0440000295639 1.02300000190735 1.03000009059906 1.01200008392334 1.01400005817413 1.01900005340576 1.02400004863739 1.0200001001358 1.0090000629425 1.01400005817413 1.01700007915497 1.01900005340576 1.02400004863739 1.04700005054474 1.04500007629395 1.02799999713898 1.01700007915497 0.994000017642975 0.989000022411346 0.995000064373016 1.00300002098083 0.994000017642975 1.00600004196167 1.08400011062622 1.2370001077652 1.35200011730194 1.43300008773804 1.50600004196167 -3.4e+38 -3.4e+38 -3.4e+38 -3.4e+38 -3.4e+38 -3.4e+38 -3.4e+38 -3.4e+38
1.1800000667572 1.19200003147125 1.19300007820129 1.18800008296967 1.16000008583069 1.15000009536743 1.15500009059906 1.14400005340576 1.1120001077652 1.09400010108948 1.10900008678436 1.11500000953674 1.11100006103516 1.08800005912781 1.0550000667572 1.05099999904633 1.03100001811981 1.03299999237061 1.0200001001358 1.01300001144409 0.996000051498413 1.00200009346008 0.998000025749207 0.994000017642975 0.97900003194809 0.987000048160553 0.999000072479248 1.00300002098083 0.987000048160553 0.999000072479248 1 0.989000022411346 0.982000052928925 0.996000051498413 1.01300001144409 1.00800001621246 0.991000056266785 0.995000064373016 1.01200008392334 1.04300010204315 1.15400004386902 1.3620001077652 1.44400012493134 1.49000012874603 -3.4e+38 -3.4e+38 -3.4e+38 -3.4e+38 -3.4e+38 -3.4e+38 -3.4e+38 -3.4e+38 -3.4e+38
1.15900003910065 1.15500009059906 1.15400004386902 1.1450001001358 1.125 1.11700010299683 1.13100004196167 1.12900006771088 1.10199999809265 1.09700000286102 1.10900008678436 1.09800004959106 1.08100008964539 1.057000041008 1.04300010204315 1.03700006008148 1.01900005340576 1.00600004196167 0.996000051498413 0.984000027179718 0.992000043392181 0.97900003194809 0.974000036716461 0.963000059127808 0.959000051021576 0.965000033378601 0.976000070571899 0.965000033378601 0.938000023365021 0.891000032424927 0.909000039100647 0.929000020027161 0.943000018596649 0.968000054359436 0.996000051498413 1.00400006771088 1.01300001144409 1.01900005340576 1.04100000858307 1.11800003051758 1.24400007724762 1.44400012493134 1.557000041008 1.5660001039505 -3.4e+38 -3.4e+38 -3.4e+38 -3.4e+38 -3.4e+38 -3.4e+38 -3.4e+38 -3.4e+38 -3.4e+38
1.12400007247925 1.11900007724762 1.10900008678436 1.10500001907349 1.09600007534027 1.10300004482269 1.10500001907349 1.09100008010864 1.07000005245209 1.08800005912781 1.08500003814697 1.07400000095367 1.05300009250641 1.03900003433228 1.00999999046326 0.99700003862381 1.00100004673004 0.97900003194809 0.978000044822693 0.977000057697296 0.972000062465668 0.964000046253204 0.947000026702881 0.939000070095062 0.941000044345856 0.952000021934509 0.933000028133392 0.884000062942505 0.831000030040741 0.835000038146973 0.86300003528595 0.894000053405762 0.920000016689301 0.930000066757202 0.959000051021576 0.995000064373016 1.03299999237061 1.05300009250641 1.1010000705719 1.19800007343292 1.37100005149841 1.53700006008148 1.63900005817413 1.63700008392334 -3.4e+38 -3.4e+38 -3.4e+38 -3.4e+38 -3.4e+38 -3.4e+38 -3.4e+38 -3.4e+38 -3.4e+38
1.11500000953674 1.11400008201599 1.09500002861023 1.08500003814697 1.07800006866455 1.07700002193451 1.08600008487701 1.06500005722046 1.04900002479553 1.09300005435944 1.08000004291534 1.07200002670288 1.057000041008 1.02799999713898 1.00100004673004 0.984000027179718 0.975000023841858 0.955000042915344 0.936000049114227 0.937000036239624 0.948000073432922 0.944000065326691 0.929000020027161 0.925000071525574 0.940000057220459 0.902000069618225 0.862000048160553 0.829000055789948 0.793000042438507 0.817000031471252 0.869000017642975 0.894000053405762 0.912000060081482 0.933000028133392 0.970000028610229 1.02300000190735 1.07100009918213 1.09800004959106 1.17599999904633 1.34400010108948 1.5090000629425 1.61500012874603 1.65500009059906 1.67400002479553 -3.4e+38 -3.4e+38 -3.4e+38 -3.4e+38 -3.4e+38 -3.4e+38 -3.4e+38 -3.4e+38 -3.4e+38
1.09400010108948 1.08900010585785 1.08200001716614 1.06800007820129 1.05300009250641 1.04500007629395 1.03700006008148 1.03900003433228 1.05200004577637 1.06900000572205 1.0550000667572 1.03900003433228 1.02799999713898 0.99700003862381 0.989000022411346 0.983000040054321 0.970000028610229 0.940000057220459 0.91700005531311 0.922000050544739 0.924000024795532 0.919000029563904 0.928000032901764 0.935000061988831 0.944000065326691 0.916000068187714 0.874000012874603 0.868000030517578 0.837000012397766 0.859000027179718 0.877000033855438 0.902000069618225 0.941000044345856 0.998000025749207 1.04000008106232 1.11000001430511 1.19200003147125 1.26000010967255 1.38100004196167 1.51600003242493 1.61600005626678 1.66500008106232 -3.4e+38 -3.4e+38 -3.4e+38 -3.4e+38 -3.4e+38 -3.4e+38 -3.4e+38 -3.4e+38 -3.4e+38 -3.4e+38 -3.4e+38
1.07100009918213 1.07800006866455 1.06300008296967 1.04000008106232 1.04000008106232 1.03600001335144 1.01500010490417 1.01400005817413 1.04900002479553 1.06500005722046 1.03800010681152 1.0200001001358 1.01900005340576 1.00499999523163 0.998000025749207 0.973000049591064 0.959000051021576 0.944000065326691 0.927000045776367 0.894000053405762 0.896000027656555 0.903000056743622 0.909000039100647 0.937000036239624 0.958000063896179 0.945000052452087 0.919000029563904 0.909000039100647 0.89000004529953 0.883000016212463 0.911000072956085 0.958000063896179 1.02300000190735 1.09200000762939 1.1800000667572 1.26600003242493 1.36300003528595 1.42700004577637 1.51400005817413 1.6360000371933 1.65700006484985 -3.4e+38 -3.4e+38 -3.4e+38 -3.4e+38 -3.4e+38 -3.4e+38 -3.4e+38 -3.4e+38 -3.4e+38 -3.4e+38 -3.4e+38 -3.4e+38
1.05599999427795 1.05400002002716 1.0550000667572 1.04100000858307 1.0200001001358 1.02500009536743 1.01400005817413 1.01600003242493 1.02600002288818 1.03100001811981 1.0200001001358 1.00999999046326 1.0200001001358 1.0110000371933 0.993000030517578 0.969000041484833 0.945000052452087 0.935000061988831 0.913000047206879 0.886000037193298 0.874000012874603 0.912000060081482 0.950000047683716 0.964000046253204 0.990000069141388 0.996000051498413 0.978000044822693 0.961000025272369 0.950000047683716 0.946000039577484 0.995000064373016 1.05000007152557 1.13500010967255 1.27800011634827 1.37500011920929 1.47400009632111 1.55000007152557 1.58700013160706 1.58900010585785 1.6450001001358 -3.4e+38 -3.4e+38 -3.4e+38 -3.4e+38 -3.4e+38 -3.4e+38 -3.4e+38 -3.4e+38 -3.4e+38 -3.4e+38 -3.4e+38 -3.4e+38 -3.4e+38
1.03299999237061 1.02900004386902 1.03299999237061 1.03000009059906 1.03400003910065 1.02400004863739 0.996000051498413 1.00499999523163 1.00400006771088 1.03600001335144 1.02700006961823 1.03200006484985 1.0200001001358 1.01400005817413 1.00999999046326 0.97900003194809 0.956000030040741 0.939000070095062 0.891000032424927 0.894000053405762 0.911000072956085 0.949000060558319 0.995000064373016 1.01500010490417 1.0440000295639 1.057000041008 1.03600001335144 1.01600003242493 1.01500010490417 1.01600003242493 1.07100009918213 1.15200006961823 1.31800007820129 1.50100004673004 -3.4e+38 -3.4e+38 -3.4e+38 -3.4e+38 -3.4e+38 -3.4e+38 -3.4e+38 -3.4e+38 -3.4e+38 -3.4e+38 -3.4e+38 -3.4e+38 -3.4e+38 -3.4e+38 -3.4e+38 -3.4e+38 -3.4e+38 -3.4e+38 -3.4e+38
1.00100004673004 1.00800001621246 1.0110000371933 1.01200008392334 1.02799999713898 1.0200001001358 1.00499999523163 0.987000048160553 0.99700003862381 1.02400004863739 1.04500007629395 1.05099999904633 1.03600001335144 1.02400004863739 1.01500010490417 0.999000072479248 0.974000036716461 0.945000052452087 0.931000053882599 0.930000066757202 0.958000063896179 0.991000056266785 1.01900005340576 1.05099999904633 1.09400010108948 1.10800004005432 1.12300002574921 1.12400007247925 1.13300001621246 1.1360000371933 1.19800007343292 1.33000004291534 1.53500008583069 1.7260000705719 -3.4e+38 -3.4e+38 -3.4e+38 -3.4e+38 -3.4e+38 -3.4e+38 -3.4e+38 -3.4e+38 -3.4e+38 -3.4e+38 -3.4e+38 -3.4e+38 -3.4e+38 -3.4e+38 -3.4e+38 -3.4e+38 -3.4e+38 -3.4e+38 -3.4e+38
0.984000027179718 0.984000027179718 0.989000022411346 1.00499999523163 1.0200001001358 1.0110000371933 1.00300002098083 0.992000043392181 1.01900005340576 1.02500009536743 1.03900003433228 1.05400002002716 1.04200005531311 1.03900003433228 1.02500009536743 1.00400006771088 0.993000030517578 0.980000019073486 0.971000075340271 0.970000028610229 0.987000048160553 1.02300000190735 1.0440000295639 1.08500003814697 1.11800003051758 1.16700005531311 1.20900011062622 1.25 1.28100001811981 1.29300010204315 1.41500008106232 1.58800005912781 1.78700006008148 1.75500011444092 1.70700013637543 -3.4e+38 -3.4e+38 -3.4e+38 -3.4e+38 -3.4e+38 -3.4e+38 -3.4e+38 -3.4e+38 -3.4e+38 -3.4e+38 -3.4e+38 -3.4e+38 -3.4e+38 -3.4e+38 -3.4e+38 -3.4e+38 -3.4e+38 -3.4e+38
0.948000073432922 0.969000041484833 0.975000023841858 0.999000072479248 1 1.01300001144409 0.992000043392181 0.994000017642975 1.03000009059906 1.02400004863739 1.03400003910065 1.05099999904633 1.04800009727478 1.04000008106232 1.02400004863739 1.02500009536743 1.00400006771088 1.0090000629425 1.01200008392334 1.0110000371933 1.02400004863739 1.05200004577637 1.08600008487701 1.11600005626678 1.1800000667572 1.27800011634827 1.35500001907349 1.45700001716614 1.46600008010864 1.54600012302399 1.71200013160706 1.82800006866455 1.80600011348724 -3.4e+38 -3.4e+38 -3.4e+38 -3.4e+38 -3.4e+38 -3.4e+38 -3.4e+38 -3.4e+38 -3.4e+38 -3.4e+38 -3.4e+38 -3.4e+38 -3.4e+38 -3.4e+38 -3.4e+38 -3.4e+38 -3.4e+38 -3.4e+38 -3.4e+38 -3.4e+38
0.919000029563904 0.939000070095062 0.957000017166138 0.962000072002411 0.962000072002411 0.974000036716461 0.973000049591064 1.00800001621246 1.0460000038147 1.03600001335144 1.04800009727478 1.0460000038147 1.02700006961823 1.01800000667572 1.01300001144409 1.03000009059906 1.02500009536743 1.02799999713898 1.02900004386902 1.04100000858307 1.06200003623962 1.0900000333786 1.12600004673004 1.18400001525879 1.31400001049042 1.44600009918213 1.59300005435944 1.70400011539459 1.76900005340576 1.8270001411438 1.85900008678436 1.83400011062622 -3.4e+38 -3.4e+38 -3.4e+38 -3.4e+38 -3.4e+38 -3.4e+38 -3.4e+38 -3.4e+38 -3.4e+38 -3.4e+38 -3.4e+38 -3.4e+38 -3.4e+38 -3.4e+38 -3.4e+38 -3.4e+38 -3.4e+38 -3.4e+38 -3.4e+38 -3.4e+38 -3.4e+38
0.900000035762787 0.922000050544739 0.936000049114227 0.938000023365021 0.931000053882599 0.941000044345856 0.944000065326691 0.983000040054321 1.01900005340576 1.03100001811981 1.0460000038147 1.05000007152557 1.0440000295639 1.03400003910065 1.03500008583069 1.04000008106232 1.0440000295639 1.05099999904633 1.08200001716614 1.0900000333786 1.09700000286102 1.12600004673004 1.17400002479553 1.27400004863739 1.41700005531311 1.6340000629425 1.80900013446808 1.89000010490417 1.89900004863739 1.88300013542175 -3.4e+38 -3.4e+38 -3.4e+38 -3.4e+38 -3.4e+38 -3.4e+38 -3.4e+38 -3.4e+38 -3.4e+38 -3.4e+38 -3.4e+38 -3.4e+38 -3.4e+38 -3.4e+38 -3.4e+38 -3.4e+38 -3.4e+38 -3.4e+38 -3.4e+38 -3.4e+38 -3.4e+38 -3.4e+38 -3.4e+38
